2016_CCC_ARR_IFD/catchment_depth_1440min_18127aep.txt.asc
ncols         27
nrows         23
xllcorner     150.975
yllcorner     -33.6
cellsize      0.025
NODATA_value  -9999
107 106 111 114 112 109 108 112 116 123 131 134 134 141 142 146 141 135 137 139 140 143 146 146 146 146 147 
111 111 113 116 116 115 113 115 121 129 137 143 142 142 147 140 137 136 137 139 141 143 145 146 146 147 147 
109 113 118 118 117 118 118 119 127 132 137 141 140 138 146 151 145 141 140 140 142 143 145 146 147 148 148 
114 115 120 114 116 117 124 123 125 131 137 138 140 142 147 142 143 140 141 142 144 145 146 147 148 149 152 
115 115 120 115 119 121 125 127 133 141 138 135 143 139 145 142 146 143 144 146 146 147 147 148 149 151 152 
114 120 119 116 123 122 122 126 136 143 139 140 140 142 146 141 145 147 149 147 147 148 149 150 151 153 152 
111 117 116 118 126 123 127 131 139 147 143 142 138 149 147 142 146 150 150 149 149 150 151 151 153 155 157 
111 121 124 127 131 124 131 139 144 150 144 140 143 146 151 150 148 149 151 150 151 152 152 151 153 153 0.00 
114 124 125 131 130 130 130 144 145 153 156 150 147 147 151 150 150 151 151 152 153 152 152 153 153 153 0.00 
117 119 127 129 133 131 131 138 142 155 157 156 160 152 151 153 151 152 153 155 154 153 154 154 0.00 0.00 0.00 
117 120 123 122 135 132 136 145 150 160 164 155 154 162 158 158 154 154 155 155 155 154 155 156 156 0.00 0.00 
115 119 125 130 138 135 134 147 157 157 167 166 157 158 159 159 159 157 155 156 156 156 156 0.00 0.00 0.00 0.00 
117 123 128 134 138 135 134 150 157 153 165 165 169 157 159 158 157 159 157 156 157 157 0.00 0.00 0.00 0.00 0.00 
118 122 125 134 134 135 138 149 154 155 162 160 170 164 162 160 161 163 160 158 158 157 0.00 0.00 0.00 0.00 0.00 
116 120 123 131 137 141 138 144 155 152 157 163 169 163 160 161 163 165 165 161 162 0.00 0.00 0.00 0.00 0.00 0.00 
121 122 124 131 139 140 139 144 148 156 156 160 168 163 160 162 165 161 163 160 169 0.00 0.00 0.00 0.00 0.00 0.00 
123 124 125 129 134 144 144 141 153 157 156 156 164 162 159 161 161 161 159 158 0.00 0.00 0.00 0.00 0.00 0.00 0.00 
124 127 128 129 134 138 140 143 155 156 154 162 164 160 156 160 162 162 158 0.00 0.00 0.00 0.00 0.00 0.00 0.00 0.00 
124 128 134 137 142 146 142 150 157 154 156 159 162 154 155 157 159 161 161 0.00 0.00 0.00 0.00 0.00 0.00 0.00 0.00 
126 131 137 141 143 143 147 144 147 155 156 161 162 153 153 159 162 163 163 0.00 0.00 0.00 0.00 0.00 0.00 0.00 0.00 
130 137 137 140 143 146 144 148 152 147 149 156 162 151 156 156 158 157 0.00 0.00 0.00 0.00 0.00 0.00 0.00 0.00 0.00 
131 140 144 148 150 151 149 152 159 155 150 155 163 161 0.00 0.00 0.00 0.00 0.00 0.00 0.00 0.00 0.00 0.00 0.00 0.00 0.00 
134 142 147 152 150 147 150 157 160 161 161 155 160 155 148 0.00 0.00 0.00 0.00 0.00 0.00 0.00 0.00 0.00 0.00 0.00 0.00 
