2016_CCC_ARR_IFD/catchment_depth_4320min_00500aep.txt.asc
ncols         27
nrows         23
xllcorner     150.975
yllcorner     -33.6
cellsize      0.025
NODATA_value  -9999
356 353 372 383 372 359 353 369 384 412 443 453 454 481 486 499 484 468 478 488 493 504 513 512 511 510 508 
372 372 377 389 388 383 373 382 402 431 462 488 481 482 503 478 475 473 478 486 494 501 505 507 509 508 507 
364 379 396 396 390 392 391 395 425 442 463 478 474 467 498 514 497 490 487 488 494 498 501 504 508 508 507 
385 386 403 380 385 389 413 410 417 439 459 463 474 480 500 488 494 485 489 491 498 501 503 506 507 510 517 
388 387 404 383 395 404 415 423 445 472 463 453 484 473 495 485 500 490 493 500 502 502 502 505 507 512 513 
382 406 401 386 412 408 408 421 454 479 466 471 475 481 495 480 497 504 508 499 501 503 504 504 510 516 509 
374 393 389 395 421 410 424 439 464 492 479 477 465 506 498 481 495 508 508 503 503 504 505 506 510 518 524 
373 407 420 430 439 415 438 465 484 505 485 470 482 493 510 505 497 497 504 502 501 505 506 502 505 507 0.00 
386 419 424 443 437 435 436 484 486 514 524 504 495 495 509 504 499 501 502 504 505 502 502 501 503 502 0.00 
397 401 429 435 449 440 438 465 477 524 532 528 539 513 505 514 500 502 504 508 507 503 502 503 0.00 0.00 0.00 
397 405 416 411 456 445 458 489 506 541 556 523 519 548 531 532 512 507 506 506 505 504 507 508 508 0.00 0.00 
388 400 421 441 468 453 450 498 531 531 565 563 530 533 536 534 531 518 510 509 508 507 509 0.00 0.00 0.00 0.00 
395 416 434 456 466 456 450 507 531 517 558 558 571 528 533 529 523 526 515 513 512 510 0.00 0.00 0.00 0.00 0.00 
399 414 423 453 454 456 463 501 520 520 546 540 573 551 543 536 539 544 528 517 519 513 0.00 0.00 0.00 0.00 0.00 
391 405 416 444 462 475 462 483 523 512 526 549 567 546 538 540 544 548 546 529 533 0.00 0.00 0.00 0.00 0.00 0.00 
411 411 416 443 471 473 465 482 497 522 522 536 562 547 542 545 553 537 539 528 556 0.00 0.00 0.00 0.00 0.00 0.00 
420 423 420 432 452 486 484 469 511 526 521 521 548 543 541 542 538 537 526 521 0.00 0.00 0.00 0.00 0.00 0.00 0.00 
423 432 434 432 449 461 465 475 517 518 511 540 546 535 526 537 540 537 523 0.00 0.00 0.00 0.00 0.00 0.00 0.00 0.00 
423 435 455 465 478 491 473 498 521 509 516 525 537 515 517 522 528 531 530 0.00 0.00 0.00 0.00 0.00 0.00 0.00 0.00 
427 447 465 480 482 477 490 474 482 507 510 529 534 506 507 525 533 536 534 0.00 0.00 0.00 0.00 0.00 0.00 0.00 0.00 
442 470 466 473 479 488 477 488 498 479 485 507 529 497 511 510 518 515 0.00 0.00 0.00 0.00 0.00 0.00 0.00 0.00 0.00 
447 478 490 501 507 504 492 502 524 503 487 503 532 522 0.00 0.00 0.00 0.00 0.00 0.00 0.00 0.00 0.00 0.00 0.00 0.00 0.00 
459 486 502 516 506 488 495 519 528 525 526 502 519 502 479 0.00 0.00 0.00 0.00 0.00 0.00 0.00 0.00 0.00 0.00 0.00 0.00 
