2016_CCC_ARR_IFD/catchment_depth_45min_00050aep.txt.asc
ncols         27
nrows         23
xllcorner     150.975
yllcorner     -33.6
cellsize      0.025
NODATA_value  -9999
95.0 95.0 96.5 97.8 98.0 98.3 99.5 102 104 107 110 111 114 115 117 118 123 128 130 132 134 136 137 139 140 141 143 
95.4 95.8 96.6 98.1 99.0 99.9 101 103 106 109 110 112 114 116 117 122 125 129 132 134 136 137 139 140 141 142 144 
94.5 95.9 97.6 98.4 99.1 101 102 104 107 110 112 114 116 119 120 121 126 130 133 136 137 138 140 141 142 143 144 
95.3 95.9 97.8 96.9 98.5 100 103 105 108 111 113 116 118 121 122 126 129 132 135 136 138 139 141 142 143 144 145 
95.0 95.5 97.6 96.4 98.9 101 104 106 109 112 114 118 119 124 125 129 131 134 136 137 139 140 141 142 144 145 146 
94.3 96.5 96.9 96.0 100 101 104 107 110 113 116 119 122 125 128 131 133 135 137 138 139 141 142 143 144 145 146 
93.9 95.2 95.6 96.9 101 102 105 108 111 114 117 121 124 126 130 132 135 136 138 139 140 141 143 144 145 146 146 
94.0 96.1 97.9 99.8 102 102 106 109 113 115 119 122 126 129 131 134 136 137 139 140 141 142 143 144 145 146 0.00 
94.2 96.8 98.1 101 102 104 106 111 113 116 119 123 127 130 133 135 137 138 140 141 142 143 143 144 145 146 0.00 
94.7 95.8 98.5 100 103 104 107 110 114 117 120 123 126 131 133 135 137 139 141 142 142 143 144 145 0.00 0.00 0.00 
94.6 96.1 97.9 99.4 103 105 108 111 115 118 120 124 127 129 133 135 137 139 141 142 142 143 144 145 145 0.00 0.00 
94.3 95.8 98.1 101 104 105 107 112 115 118 121 124 127 130 133 135 137 139 140 141 142 143 143 0.00 0.00 0.00 0.00 
94.2 96.3 98.7 101 104 105 107 112 115 118 121 124 126 130 132 135 136 138 139 140 141 142 0.00 0.00 0.00 0.00 0.00 
94.1 96.0 98.0 101 103 105 107 111 115 117 121 123 125 129 132 134 136 138 139 139 140 141 0.00 0.00 0.00 0.00 0.00 
93.6 95.3 97.3 100 103 105 107 110 114 116 120 123 125 128 131 133 135 137 138 139 140 0.00 0.00 0.00 0.00 0.00 0.00 
94.2 95.3 97.1 99.9 103 105 107 109 112 116 119 121 124 127 130 132 134 135 137 137 138 0.00 0.00 0.00 0.00 0.00 0.00 
94.3 95.6 96.9 99.0 102 105 107 108 112 115 117 120 123 125 127 130 131 133 134 135 0.00 0.00 0.00 0.00 0.00 0.00 0.00 
94.2 95.8 97.3 98.5 101 103 105 107 112 114 116 119 122 124 124 128 130 132 132 0.00 0.00 0.00 0.00 0.00 0.00 0.00 0.00 
94.1 95.8 98.1 99.9 102 104 105 108 111 112 115 117 120 120 122 125 127 130 131 0.00 0.00 0.00 0.00 0.00 0.00 0.00 0.00 
93.9 96.1 98.3 100 102 103 105 105 108 111 113 116 119 118 120 124 126 128 129 0.00 0.00 0.00 0.00 0.00 0.00 0.00 0.00 
94.3 97.0 97.9 99.5 101 103 103 106 108 108 110 114 117 116 119 121 123 125 0.00 0.00 0.00 0.00 0.00 0.00 0.00 0.00 0.00 
94.1 97.2 98.9 101 102 103 104 106 109 109 109 112 116 117 0.00 0.00 0.00 0.00 0.00 0.00 0.00 0.00 0.00 0.00 0.00 0.00 0.00 
94.4 97.1 99.1 101 102 101 103 106 109 110 111 111 114 114 114 0.00 0.00 0.00 0.00 0.00 0.00 0.00 0.00 0.00 0.00 0.00 0.00 
