2016_CCC_ARR_IFD/catchment_depth_90min_39347aep.txt.asc
ncols         27
nrows         23
xllcorner     150.975
yllcorner     -33.6
cellsize      0.025
NODATA_value  -9999
30.7 30.6 31.0 31.3 31.1 30.9 31.0 31.4 31.9 32.8 33.7 34.1 34.3 35.0 35.3 35.8 35.7 36.1 36.5 37.0 37.4 37.8 38.2 38.5 38.9 39.3 39.6 
31.0 31.0 31.1 31.5 31.6 31.6 31.5 31.9 32.5 33.4 34.2 34.9 35.0 35.2 35.8 35.6 35.8 36.4 36.9 37.4 37.8 38.2 38.5 38.9 39.2 39.5 39.9 
30.9 31.2 31.5 31.7 31.7 31.9 32.1 32.3 33.2 33.7 34.4 34.9 35.0 35.1 35.9 36.4 36.3 36.6 37.3 37.8 38.2 38.5 38.9 39.2 39.5 39.8 40.1 
31.2 31.3 31.7 31.4 31.7 32.0 32.6 32.8 33.1 33.8 34.5 34.8 35.2 35.5 36.1 36.2 36.5 37.2 37.7 38.2 38.5 38.9 39.2 39.5 39.8 40.1 40.4 
31.3 31.4 31.8 31.6 32.0 32.4 32.8 33.2 33.9 34.7 34.7 34.8 35.6 35.6 36.3 36.5 37.0 37.6 38.1 38.5 39.0 39.3 39.6 39.8 40.1 40.4 40.7 
31.3 31.7 31.8 31.8 32.4 32.6 32.9 33.4 34.3 35.0 35.0 35.3 35.6 36.0 36.5 37.2 37.5 37.9 38.4 39.1 39.4 39.7 39.9 40.2 40.4 40.6 40.9 
31.4 31.7 31.8 32.1 32.7 32.8 33.3 33.9 34.6 35.5 35.4 35.6 36.0 36.7 36.9 37.7 38.1 38.5 39.0 39.5 39.8 40.1 40.3 40.4 40.7 40.9 41.2 
31.5 31.9 32.3 32.8 33.2 33.1 33.7 34.5 35.2 35.9 35.7 35.9 36.4 36.8 37.3 37.9 38.7 39.2 39.6 40.0 40.2 40.4 40.6 40.7 40.9 41.1 0.00 
31.7 32.2 32.5 33.1 33.3 33.6 33.9 35.1 35.4 36.2 36.7 36.6 36.8 37.3 37.8 38.5 39.2 39.8 40.2 40.5 40.6 40.7 40.8 40.9 41.1 41.3 0.00 
31.9 32.2 32.7 33.1 33.6 33.8 34.2 34.9 35.4 36.6 37.1 37.2 37.7 37.6 38.2 38.8 39.7 40.3 40.8 40.9 41.0 41.0 41.1 41.1 0.00 0.00 0.00 
32.0 32.4 32.7 33.1 33.9 34.1 34.6 35.5 36.1 37.1 37.7 37.3 37.6 38.4 38.5 39.0 39.9 40.6 41.1 41.1 41.2 41.2 41.3 41.3 41.5 0.00 0.00 
32.2 32.5 32.9 33.5 34.2 34.4 34.7 35.8 36.8 37.1 38.1 38.4 38.0 38.4 38.8 39.3 39.9 40.6 41.0 41.2 41.3 41.4 41.5 0.00 0.00 0.00 0.00 
32.3 32.7 33.2 33.8 34.3 34.6 34.9 36.1 36.9 36.9 38.1 38.4 38.9 38.5 39.0 39.5 40.1 40.5 40.9 41.2 41.4 41.5 0.00 0.00 0.00 0.00 0.00 
32.4 32.8 33.2 33.9 34.3 34.7 35.2 36.1 36.8 37.1 38.0 38.2 39.1 39.0 39.2 39.6 40.1 40.5 40.9 41.2 41.5 41.6 0.00 0.00 0.00 0.00 0.00 
32.7 32.9 33.3 33.9 34.5 35.1 35.4 36.0 37.0 37.2 37.7 38.5 39.1 39.0 39.2 39.7 40.2 40.6 41.0 41.3 41.6 0.00 0.00 0.00 0.00 0.00 0.00 
32.6 33.1 33.5 34.0 34.7 35.2 35.6 36.1 36.7 37.5 37.8 38.4 39.2 39.2 39.2 39.7 40.4 40.6 41.0 41.3 41.8 0.00 0.00 0.00 0.00 0.00 0.00 
32.7 33.1 33.7 34.1 34.7 35.5 35.9 36.2 37.1 37.7 38.0 38.3 39.1 39.2 39.3 39.8 40.2 40.7 41.0 41.3 0.00 0.00 0.00 0.00 0.00 0.00 0.00 
32.8 33.2 33.8 34.4 34.9 35.4 35.9 36.5 37.4 37.8 38.1 38.9 39.3 39.3 39.4 40.0 40.5 40.8 41.1 0.00 0.00 0.00 0.00 0.00 0.00 0.00 0.00 
33.3 33.5 34.1 34.7 35.3 35.9 36.2 36.9 37.6 37.9 38.4 38.9 39.4 39.3 39.6 40.1 40.5 41.0 41.3 0.00 0.00 0.00 0.00 0.00 0.00 0.00 0.00 
33.6 33.9 34.4 35.0 35.5 36.0 36.6 36.9 37.4 38.2 38.6 39.3 39.7 39.5 39.8 40.5 41.0 41.4 41.7 0.00 0.00 0.00 0.00 0.00 0.00 0.00 0.00 
33.8 34.3 34.7 35.2 35.7 36.2 36.7 37.3 37.9 38.1 38.5 39.3 40.0 39.7 40.3 40.6 41.1 41.3 0.00 0.00 0.00 0.00 0.00 0.00 0.00 0.00 0.00 
34.1 34.6 35.1 35.6 36.1 36.6 37.0 37.6 38.4 38.7 38.9 39.6 40.3 40.6 0.00 0.00 0.00 0.00 0.00 0.00 0.00 0.00 0.00 0.00 0.00 0.00 0.00 
34.4 34.9 35.4 36.0 36.3 36.7 37.2 38.0 38.7 39.2 39.7 39.9 40.5 40.7 40.5 0.00 0.00 0.00 0.00 0.00 0.00 0.00 0.00 0.00 0.00 0.00 0.00 
