2016_CCC_ARR_IFD/catchment_depth_10min_00200aep.txt.asc
ncols         27
nrows         23
xllcorner     150.975
yllcorner     -33.6
cellsize      0.025
NODATA_value  -9999
39.9 39.8 40.5 41.0 40.9 40.8 41.1 41.9 42.9 44.1 45.2 45.9 46.6 47.1 47.8 48.3 49.7 51.0 51.8 52.5 53.1 53.7 54.2 54.6 55.0 55.4 55.8 
40.1 40.2 40.4 41.0 41.2 41.4 41.5 42.3 43.4 44.6 45.5 46.1 46.8 47.6 48.0 49.5 50.6 51.5 52.2 52.8 53.4 54.0 54.4 54.9 55.3 55.7 56.1 
39.6 40.2 40.9 41.0 41.1 41.5 42.0 42.6 44.0 44.9 45.8 46.5 47.3 48.2 48.6 49.1 50.7 52.0 52.6 53.3 53.8 54.2 54.6 55.1 55.5 56.0 56.3 
40.0 40.1 40.9 40.1 40.6 41.2 42.5 43.0 43.9 45.0 46.0 46.8 47.7 48.6 49.2 50.6 51.5 52.4 53.0 53.5 54.0 54.5 54.9 55.4 55.8 56.2 56.6 
39.9 39.9 40.7 39.8 40.7 41.5 42.5 43.4 44.6 45.7 46.3 47.2 48.1 49.3 49.9 51.2 52.0 52.7 53.2 53.8 54.2 54.7 55.1 55.5 56.0 56.4 56.8 
39.5 40.5 40.3 39.5 41.2 41.4 42.2 43.3 44.9 46.0 46.7 47.7 48.7 49.8 50.6 51.6 52.5 53.1 53.7 53.9 54.3 54.8 55.3 55.7 56.2 56.6 56.9 
39.3 39.7 39.6 39.9 41.4 41.5 42.7 43.8 45.2 46.3 47.1 48.2 49.3 49.9 51.1 51.8 52.7 53.4 53.9 54.2 54.5 55.0 55.5 55.9 56.3 56.8 57.1 
39.5 40.3 40.9 41.5 42.2 41.9 43.1 44.5 45.7 46.7 47.5 48.7 49.9 50.9 51.5 52.4 53.0 53.5 54.0 54.4 54.7 55.2 55.7 56.0 56.4 56.7 0.00 
39.7 40.7 41.0 42.0 42.1 42.5 43.3 45.1 45.8 47.0 47.8 48.9 50.3 51.3 52.1 52.6 53.1 53.7 54.2 54.6 55.0 55.3 55.7 56.1 56.5 56.7 0.00 
40.0 40.3 41.3 41.8 42.6 42.8 43.6 44.9 45.9 47.3 48.2 49.1 49.9 51.5 52.1 52.9 53.2 53.8 54.3 54.8 55.2 55.4 55.8 56.2 0.00 0.00 0.00 
40.2 40.6 41.1 41.4 42.9 43.1 44.1 45.4 46.5 47.6 48.4 49.4 50.5 51.0 52.2 53.0 53.4 53.9 54.4 54.7 55.1 55.4 55.9 56.3 56.6 0.00 0.00 
40.1 40.6 41.4 42.2 43.3 43.5 44.1 45.7 46.9 47.7 48.7 49.5 50.5 51.4 52.3 53.0 53.6 54.0 54.3 54.6 55.0 55.4 55.8 0.00 0.00 0.00 0.00 
40.3 41.1 41.8 42.7 43.4 43.7 44.2 45.9 46.9 47.6 48.8 49.6 50.3 51.3 52.2 52.8 53.3 53.9 54.1 54.5 54.9 55.2 0.00 0.00 0.00 0.00 0.00 
40.4 41.1 41.7 42.7 43.2 43.7 44.5 45.8 46.9 47.7 48.7 49.5 50.2 51.2 52.1 52.7 53.4 54.0 54.2 54.3 54.8 55.0 0.00 0.00 0.00 0.00 0.00 
40.3 40.9 41.5 42.6 43.4 44.1 44.5 45.5 46.9 47.5 48.5 49.5 50.2 51.1 51.8 52.5 53.2 53.7 54.2 54.3 54.8 0.00 0.00 0.00 0.00 0.00 0.00 
40.9 41.1 41.5 42.6 43.6 44.1 44.5 45.4 46.4 47.5 48.3 49.2 50.1 50.9 51.7 52.3 52.9 53.2 53.7 53.9 54.6 0.00 0.00 0.00 0.00 0.00 0.00 
41.2 41.5 41.6 42.3 43.1 44.4 44.8 45.0 46.6 47.4 48.1 48.8 49.8 50.5 50.9 51.8 52.3 52.8 53.0 53.3 0.00 0.00 0.00 0.00 0.00 0.00 0.00 
41.2 41.8 42.0 42.1 42.9 43.7 44.2 45.0 46.5 47.1 47.6 48.8 49.6 50.1 50.2 51.3 52.0 52.5 52.5 0.00 0.00 0.00 0.00 0.00 0.00 0.00 0.00 
41.0 41.7 42.5 42.9 43.6 44.3 44.3 45.4 46.4 46.7 47.5 48.3 49.1 49.1 49.7 50.4 51.2 51.9 52.3 0.00 0.00 0.00 0.00 0.00 0.00 0.00 0.00 
40.9 41.8 42.5 43.1 43.6 43.7 44.5 44.5 45.3 46.5 47.1 48.1 48.8 48.6 49.1 50.2 51.0 51.5 51.9 0.00 0.00 0.00 0.00 0.00 0.00 0.00 0.00 
41.1 42.1 42.3 42.7 43.2 43.8 43.9 44.7 45.5 45.4 46.1 47.3 48.4 48.0 49.0 49.5 50.2 50.6 0.00 0.00 0.00 0.00 0.00 0.00 0.00 0.00 0.00 
41.0 42.1 42.6 43.2 43.7 44.0 44.1 44.9 45.9 46.0 46.0 47.0 48.2 48.5 0.00 0.00 0.00 0.00 0.00 0.00 0.00 0.00 0.00 0.00 0.00 0.00 0.00 
41.0 41.9 42.6 43.3 43.4 43.3 43.9 45.1 45.8 46.2 46.8 46.7 47.7 47.7 47.5 0.00 0.00 0.00 0.00 0.00 0.00 0.00 0.00 0.00 0.00 0.00 0.00 
