2016_CCC_ARR_IFD/catchment_depth_5min_39347aep.txt.asc
ncols         27
nrows         23
xllcorner     150.975
yllcorner     -33.6
cellsize      0.025
NODATA_value  -9999
7.94 7.90 7.96 8.01 7.96 7.90 7.90 7.98 8.08 8.26 8.45 8.53 8.57 8.72 8.78 8.87 8.86 8.95 9.04 9.13 9.22 9.30 9.38 9.46 9.54 9.62 9.69 
8.00 7.99 8.00 8.05 8.06 8.05 8.03 8.09 8.21 8.39 8.57 8.70 8.72 8.76 8.88 8.84 8.91 9.02 9.12 9.20 9.29 9.37 9.45 9.52 9.60 9.67 9.74 
7.98 8.03 8.09 8.10 8.09 8.12 8.14 8.19 8.36 8.47 8.60 8.71 8.73 8.74 8.90 9.01 9.00 9.07 9.18 9.28 9.36 9.44 9.51 9.58 9.66 9.72 9.79 
8.05 8.06 8.14 8.07 8.10 8.14 8.27 8.29 8.36 8.49 8.62 8.68 8.76 8.83 8.95 8.97 9.05 9.16 9.26 9.35 9.43 9.51 9.58 9.65 9.71 9.78 9.85 
8.08 8.09 8.16 8.11 8.18 8.24 8.32 8.39 8.52 8.68 8.68 8.67 8.85 8.85 8.98 9.03 9.13 9.24 9.34 9.43 9.51 9.58 9.64 9.70 9.77 9.83 9.89 
8.09 8.17 8.18 8.16 8.27 8.29 8.33 8.42 8.60 8.76 8.72 8.79 8.85 8.93 9.04 9.13 9.22 9.31 9.41 9.51 9.59 9.65 9.71 9.76 9.82 9.88 9.94 
8.10 8.16 8.18 8.22 8.34 8.34 8.43 8.52 8.68 8.85 8.82 8.85 8.90 9.07 9.10 9.22 9.31 9.40 9.50 9.59 9.66 9.72 9.77 9.82 9.87 9.93 9.99 
8.14 8.22 8.29 8.36 8.44 8.40 8.52 8.67 8.80 8.93 8.88 8.88 8.97 9.07 9.18 9.27 9.40 9.51 9.60 9.67 9.73 9.78 9.82 9.86 9.91 9.97 0.00 
8.18 8.28 8.33 8.43 8.46 8.50 8.55 8.78 8.84 9.01 9.10 9.04 9.05 9.14 9.24 9.36 9.49 9.60 9.69 9.75 9.80 9.83 9.87 9.91 9.95 10.0 0.00 
8.22 8.27 8.37 8.44 8.53 8.55 8.59 8.73 8.82 9.09 9.17 9.19 9.28 9.22 9.32 9.43 9.57 9.69 9.78 9.82 9.86 9.88 9.91 9.95 0.00 0.00 0.00 
8.25 8.31 8.37 8.41 8.58 8.60 8.69 8.86 8.99 9.20 9.30 9.19 9.22 9.40 9.40 9.49 9.61 9.74 9.83 9.87 9.90 9.93 9.96 9.99 10.0 0.00 0.00 
8.28 8.33 8.41 8.51 8.65 8.65 8.70 8.93 9.13 9.17 9.39 9.43 9.30 9.37 9.45 9.54 9.64 9.75 9.84 9.89 9.93 9.97 10.0 0.00 0.00 0.00 0.00 
8.31 8.38 8.47 8.59 8.67 8.69 8.73 8.99 9.15 9.13 9.38 9.42 9.53 9.39 9.48 9.57 9.67 9.77 9.84 9.90 9.96 10.0 0.00 0.00 0.00 0.00 0.00 
8.34 8.40 8.47 8.60 8.66 8.72 8.80 8.99 9.12 9.17 9.34 9.36 9.57 9.51 9.54 9.60 9.70 9.80 9.87 9.92 9.99 10.0 0.00 0.00 0.00 0.00 0.00 
8.38 8.43 8.49 8.60 8.71 8.81 8.82 8.94 9.16 9.16 9.27 9.44 9.58 9.51 9.53 9.62 9.73 9.83 9.91 9.96 10.0 0.00 0.00 0.00 0.00 0.00 0.00 
8.40 8.46 8.53 8.62 8.77 8.83 8.86 8.97 9.08 9.24 9.28 9.40 9.59 9.55 9.54 9.65 9.79 9.83 9.92 9.98 10.1 0.00 0.00 0.00 0.00 0.00 0.00 
8.43 8.48 8.57 8.64 8.74 8.91 8.96 8.97 9.17 9.29 9.31 9.36 9.55 9.56 9.56 9.67 9.76 9.86 9.93 10.0 0.00 0.00 0.00 0.00 0.00 0.00 0.00 
8.46 8.53 8.61 8.69 8.77 8.86 8.94 9.02 9.23 9.29 9.32 9.51 9.60 9.58 9.61 9.72 9.83 9.91 9.96 0.00 0.00 0.00 0.00 0.00 0.00 0.00 0.00 
8.54 8.59 8.69 8.78 8.88 8.99 8.99 9.14 9.29 9.30 9.40 9.50 9.62 9.59 9.67 9.76 9.86 9.96 10.0 0.00 0.00 0.00 0.00 0.00 0.00 0.00 0.00 
8.60 8.66 8.76 8.86 8.93 8.98 9.09 9.11 9.20 9.35 9.44 9.59 9.69 9.65 9.73 9.87 9.98 10.1 10.1 0.00 0.00 0.00 0.00 0.00 0.00 0.00 0.00 
8.67 8.77 8.81 8.89 8.97 9.06 9.10 9.20 9.30 9.33 9.43 9.59 9.76 9.72 9.85 9.92 10.0 10.1 0.00 0.00 0.00 0.00 0.00 0.00 0.00 0.00 0.00 
8.73 8.83 8.92 9.01 9.09 9.16 9.20 9.30 9.47 9.48 9.52 9.67 9.86 9.92 0.00 0.00 0.00 0.00 0.00 0.00 0.00 0.00 0.00 0.00 0.00 0.00 0.00 
8.80 8.90 9.00 9.10 9.13 9.17 9.27 9.42 9.55 9.64 9.75 9.78 9.93 9.96 9.95 0.00 0.00 0.00 0.00 0.00 0.00 0.00 0.00 0.00 0.00 0.00 0.00 
