2016_CCC_ARR_IFD/catchment_depth_2min_00100aep.txt.asc
ncols         27
nrows         23
xllcorner     150.975
yllcorner     -33.6
cellsize      0.025
NODATA_value  -9999
12.8 12.8 13.0 13.2 13.2 13.3 13.5 13.8 14.1 14.4 14.7 15.0 15.3 15.4 15.7 15.9 16.4 16.8 17.1 17.3 17.6 17.8 18.0 18.1 18.3 18.5 18.7 
12.9 12.9 13.1 13.3 13.4 13.5 13.7 14.0 14.3 14.7 14.9 15.1 15.4 15.7 15.8 16.4 16.6 17.1 17.4 17.7 17.9 18.1 18.2 18.4 18.6 18.7 18.9 
12.8 13.0 13.2 13.3 13.5 13.7 13.9 14.2 14.6 14.9 15.1 15.4 15.7 16.1 16.2 16.3 16.9 17.2 17.6 18.0 18.2 18.3 18.5 18.6 18.8 19.0 19.1 
12.9 13.0 13.3 13.2 13.5 13.7 14.1 14.4 14.7 15.1 15.4 15.7 16.1 16.4 16.6 17.1 17.3 17.7 18.0 18.2 18.4 18.6 18.7 18.9 19.1 19.2 19.3 
12.9 13.0 13.3 13.2 13.5 13.9 14.2 14.6 15.0 15.3 15.7 16.1 16.3 16.9 17.1 17.5 17.7 18.1 18.3 18.5 18.6 18.8 18.9 19.1 19.2 19.4 19.5 
12.8 13.1 13.2 13.2 13.7 13.9 14.3 14.7 15.2 15.5 16.0 16.4 16.9 17.3 17.6 17.9 18.2 18.4 18.6 18.7 18.8 19.0 19.2 19.3 19.4 19.5 19.6 
12.8 13.0 13.1 13.3 13.8 14.0 14.5 14.9 15.4 15.7 16.2 16.7 17.2 17.4 18.0 18.2 18.5 18.7 18.9 19.0 19.1 19.2 19.4 19.5 19.6 19.7 19.8 
12.8 13.1 13.4 13.7 14.0 14.1 14.6 15.1 15.6 15.9 16.5 17.0 17.5 18.0 18.3 18.6 18.8 19.1 19.2 19.3 19.4 19.5 19.6 19.7 19.7 19.9 0.00 
12.9 13.2 13.4 13.8 14.0 14.3 14.7 15.3 15.7 16.2 16.5 17.2 17.8 18.2 18.6 18.8 19.1 19.3 19.5 19.6 19.7 19.7 19.8 19.8 19.9 19.9 0.00 
12.9 13.1 13.5 13.8 14.2 14.4 14.8 15.4 15.8 16.4 16.8 17.3 17.6 18.3 18.6 19.0 19.2 19.6 19.8 19.9 19.8 19.8 19.9 19.9 0.00 0.00 0.00 
12.9 13.2 13.4 13.7 14.2 14.5 14.9 15.5 16.0 16.5 16.8 17.4 17.9 18.1 18.7 19.0 19.4 19.7 19.9 19.9 19.9 19.9 20.0 20.0 20.1 0.00 0.00 
12.9 13.1 13.5 13.9 14.3 14.5 14.9 15.6 16.1 16.6 17.0 17.5 17.9 18.3 18.7 19.1 19.4 19.7 19.8 19.8 19.9 19.9 20.0 0.00 0.00 0.00 0.00 
12.9 13.2 13.5 13.9 14.3 14.6 14.9 15.6 16.1 16.5 17.0 17.4 17.7 18.2 18.7 19.0 19.3 19.6 19.6 19.7 19.8 19.8 0.00 0.00 0.00 0.00 0.00 
12.9 13.1 13.5 13.9 14.2 14.5 14.9 15.5 16.0 16.4 17.0 17.3 17.7 18.1 18.5 18.9 19.2 19.5 19.6 19.6 19.7 19.7 0.00 0.00 0.00 0.00 0.00 
12.8 13.1 13.4 13.8 14.2 14.6 14.8 15.3 16.0 16.3 16.8 17.3 17.6 18.0 18.4 18.7 19.1 19.3 19.5 19.5 19.7 0.00 0.00 0.00 0.00 0.00 0.00 
12.8 13.1 13.3 13.7 14.2 14.5 14.8 15.2 15.7 16.3 16.6 17.0 17.5 17.8 18.2 18.5 18.9 19.0 19.3 19.3 19.5 0.00 0.00 0.00 0.00 0.00 0.00 
12.8 13.0 13.3 13.6 14.0 14.6 14.8 14.9 15.7 16.1 16.4 16.7 17.3 17.6 17.7 18.2 18.5 18.8 18.8 18.9 0.00 0.00 0.00 0.00 0.00 0.00 0.00 
12.8 13.1 13.4 13.6 13.9 14.3 14.5 14.9 15.6 15.9 16.1 16.7 17.1 17.3 17.3 17.9 18.3 18.6 18.5 0.00 0.00 0.00 0.00 0.00 0.00 0.00 0.00 
12.9 13.1 13.5 13.8 14.1 14.5 14.5 15.0 15.6 15.6 16.0 16.4 16.8 16.7 17.0 17.4 17.8 18.2 18.4 0.00 0.00 0.00 0.00 0.00 0.00 0.00 0.00 
12.9 13.2 13.6 13.9 14.2 14.3 14.6 14.6 14.9 15.4 15.7 16.3 16.6 16.4 16.7 17.3 17.7 17.9 18.1 0.00 0.00 0.00 0.00 0.00 0.00 0.00 0.00 
13.0 13.4 13.6 13.8 14.1 14.3 14.3 14.6 15.0 14.8 15.1 15.7 16.4 16.1 16.6 16.8 17.2 17.4 0.00 0.00 0.00 0.00 0.00 0.00 0.00 0.00 0.00 
13.0 13.5 13.8 14.1 14.3 14.5 14.5 14.8 15.3 15.1 15.0 15.6 16.2 16.3 0.00 0.00 0.00 0.00 0.00 0.00 0.00 0.00 0.00 0.00 0.00 0.00 0.00 
13.1 13.6 13.9 14.2 14.3 14.2 14.4 15.0 15.3 15.4 15.6 15.4 15.9 15.9 15.7 0.00 0.00 0.00 0.00 0.00 0.00 0.00 0.00 0.00 0.00 0.00 0.00 
