2016_CCC_ARR_IFD/catchment_depth_1080min_00050aep.txt.asc
ncols         27
nrows         23
xllcorner     150.975
yllcorner     -33.6
cellsize      0.025
NODATA_value  -9999
279 280 292 301 299 295 296 308 321 339 358 367 373 388 395 405 407 409 420 431 439 449 458 462 464 467 470 
287 290 295 304 307 309 308 316 331 350 368 382 385 391 403 400 402 412 421 431 441 448 454 459 463 465 469 
283 293 305 308 309 314 318 324 344 357 371 382 386 387 405 415 414 415 425 434 441 447 452 457 462 465 468 
293 297 309 301 307 314 330 333 341 357 372 378 388 395 408 407 413 418 427 434 442 447 452 457 460 465 472 
294 297 310 302 313 322 332 341 357 375 376 374 394 393 408 407 418 421 429 437 443 447 451 455 459 465 468 
291 307 308 303 322 324 328 340 363 380 377 385 391 398 410 408 420 428 435 437 442 447 450 454 459 465 465 
287 300 302 308 326 324 337 350 369 387 386 389 386 412 413 410 421 432 437 440 443 447 450 453 458 465 471 
286 307 317 326 336 327 344 364 379 395 389 384 395 406 420 422 424 429 437 440 442 447 450 450 454 457 0.00 
292 313 318 333 334 338 342 374 380 400 410 403 403 407 420 422 426 432 437 441 444 444 445 448 451 452 0.00 
297 302 321 328 340 339 342 363 374 405 415 416 426 416 417 427 426 433 439 443 444 443 444 446 0.00 0.00 0.00 
296 303 313 314 343 341 352 375 390 414 426 412 413 434 429 434 431 434 438 440 440 441 444 446 448 0.00 0.00 
290 300 315 330 349 344 347 379 403 407 431 435 418 424 429 433 437 436 435 437 438 440 443 0.00 0.00 0.00 0.00 
293 307 321 337 346 345 345 383 401 397 425 429 440 418 425 427 429 436 433 435 437 438 0.00 0.00 0.00 0.00 0.00 
294 305 314 334 339 343 352 378 393 397 417 416 439 430 428 427 433 440 436 433 436 436 0.00 0.00 0.00 0.00 0.00 
289 299 309 328 342 353 350 366 394 390 402 420 434 423 419 425 432 439 442 435 441 0.00 0.00 0.00 0.00 0.00 0.00 
299 302 309 327 346 351 350 364 376 395 397 409 429 421 417 424 434 427 433 431 450 0.00 0.00 0.00 0.00 0.00 0.00 
303 308 311 321 335 358 361 355 383 396 395 396 417 414 411 417 420 423 421 422 0.00 0.00 0.00 0.00 0.00 0.00 0.00 
305 312 318 321 333 344 349 358 386 389 387 408 414 406 401 412 419 421 416 0.00 0.00 0.00 0.00 0.00 0.00 0.00 0.00 
307 315 330 338 349 360 354 372 388 383 390 397 407 391 394 400 408 415 418 0.00 0.00 0.00 0.00 0.00 0.00 0.00 0.00 
310 323 336 347 352 352 363 357 364 382 386 399 404 385 387 402 411 416 418 0.00 0.00 0.00 0.00 0.00 0.00 0.00 0.00 
319 336 337 345 351 359 356 365 374 363 368 384 400 378 390 391 399 399 0.00 0.00 0.00 0.00 0.00 0.00 0.00 0.00 0.00 
323 342 351 360 367 368 364 373 388 378 369 380 401 396 0.00 0.00 0.00 0.00 0.00 0.00 0.00 0.00 0.00 0.00 0.00 0.00 0.00 
330 347 359 369 367 359 366 383 390 390 392 378 391 381 366 0.00 0.00 0.00 0.00 0.00 0.00 0.00 0.00 0.00 0.00 0.00 0.00 
