2016_CCC_ARR_IFD/catchment_depth_1080min_00500aep.txt.asc
ncols         27
nrows         23
xllcorner     150.975
yllcorner     -33.6
cellsize      0.025
NODATA_value  -9999
199 199 208 214 212 208 208 217 225 238 252 258 261 273 277 283 280 275 282 288 292 299 305 307 308 310 311 
205 207 210 217 219 219 217 223 233 247 261 271 272 275 284 277 275 277 282 288 293 299 302 305 308 309 311 
203 210 218 221 221 223 225 229 243 253 263 270 271 270 284 292 286 282 286 289 294 298 301 304 308 310 311 
211 213 222 215 219 223 235 236 241 252 263 266 272 276 286 281 284 283 288 291 296 299 302 305 307 311 316 
212 214 223 216 224 230 237 242 254 267 266 262 278 274 285 281 288 287 291 296 298 301 303 305 308 312 314 
211 222 222 218 231 231 234 242 259 272 267 271 274 278 286 281 289 294 298 297 299 302 304 306 310 314 313 
207 217 217 222 235 233 241 250 264 278 274 274 270 290 289 283 291 298 300 300 301 304 305 307 310 315 319 
208 223 230 237 243 235 247 262 273 283 277 271 279 285 295 294 294 296 301 301 302 305 306 306 308 310 0.00 
212 228 232 242 242 244 246 270 273 288 295 287 285 287 295 295 296 299 302 304 305 304 305 306 307 308 0.00 
217 220 234 239 247 246 247 262 269 293 298 298 305 295 294 300 297 301 304 307 307 305 305 306 0.00 0.00 0.00 
217 222 229 229 250 248 256 272 282 300 308 295 295 311 305 307 302 304 305 306 306 305 307 308 309 0.00 0.00 
213 220 231 241 255 251 252 276 293 295 313 314 300 303 306 307 309 306 305 305 306 306 307 0.00 0.00 0.00 0.00 
216 226 236 248 254 253 252 280 293 288 309 311 319 299 304 304 304 308 305 305 306 306 0.00 0.00 0.00 0.00 0.00 
217 225 232 246 249 252 257 277 288 290 304 302 319 310 307 305 309 314 309 305 307 306 0.00 0.00 0.00 0.00 0.00 
215 222 228 242 253 260 257 268 288 285 293 306 316 306 302 305 309 314 315 309 313 0.00 0.00 0.00 0.00 0.00 0.00 
222 224 229 242 256 259 258 267 276 290 291 298 313 305 301 305 313 306 310 307 321 0.00 0.00 0.00 0.00 0.00 0.00 
226 229 231 238 248 265 267 261 283 291 290 290 305 302 298 302 303 305 302 302 0.00 0.00 0.00 0.00 0.00 0.00 0.00 
227 232 236 238 247 255 258 264 285 287 285 300 304 297 291 300 304 304 300 0.00 0.00 0.00 0.00 0.00 0.00 0.00 0.00 
229 235 246 252 260 268 262 275 287 283 288 293 299 286 288 291 297 301 302 0.00 0.00 0.00 0.00 0.00 0.00 0.00 0.00 
232 241 251 259 262 262 270 264 270 283 285 295 298 282 283 295 300 303 304 0.00 0.00 0.00 0.00 0.00 0.00 0.00 0.00 
238 252 252 257 262 268 265 272 278 268 272 284 296 278 287 287 293 292 0.00 0.00 0.00 0.00 0.00 0.00 0.00 0.00 0.00 
242 256 263 270 274 276 272 278 290 282 274 282 297 293 0.00 0.00 0.00 0.00 0.00 0.00 0.00 0.00 0.00 0.00 0.00 0.00 0.00 
247 260 269 277 275 268 273 286 291 291 293 282 291 283 271 0.00 0.00 0.00 0.00 0.00 0.00 0.00 0.00 0.00 0.00 0.00 0.00 
