2016_CCC_ARR_IFD/catchment_depth_2min_18127aep.txt.asc
ncols         27
nrows         23
xllcorner     150.975
yllcorner     -33.6
cellsize      0.025
NODATA_value  -9999
4.80 4.78 4.83 4.87 4.84 4.82 4.84 4.90 4.98 5.11 5.24 5.30 5.34 5.43 5.48 5.54 5.57 5.64 5.71 5.78 5.85 5.91 5.97 6.04 6.10 6.15 6.21 
4.82 4.82 4.84 4.88 4.90 4.91 4.91 4.97 5.06 5.18 5.30 5.38 5.42 5.47 5.54 5.55 5.60 5.70 5.77 5.84 5.90 5.96 6.02 6.08 6.13 6.19 6.24 
4.81 4.84 4.89 4.91 4.91 4.94 4.98 5.03 5.15 5.23 5.33 5.40 5.44 5.47 5.57 5.63 5.67 5.72 5.82 5.90 5.95 6.01 6.06 6.12 6.17 6.22 6.27 
4.84 4.85 4.91 4.87 4.91 4.95 5.05 5.09 5.15 5.25 5.35 5.40 5.48 5.54 5.62 5.66 5.72 5.82 5.89 5.95 6.00 6.06 6.11 6.16 6.21 6.25 6.30 
4.85 4.86 4.92 4.88 4.94 5.01 5.08 5.15 5.25 5.36 5.39 5.44 5.54 5.59 5.67 5.73 5.79 5.89 5.95 6.01 6.06 6.11 6.15 6.20 6.24 6.28 6.33 
4.85 4.91 4.92 4.89 5.00 5.03 5.10 5.18 5.30 5.41 5.44 5.51 5.59 5.66 5.73 5.84 5.88 5.95 6.01 6.08 6.12 6.16 6.20 6.24 6.27 6.31 6.36 
4.87 4.89 4.91 4.94 5.05 5.07 5.16 5.25 5.36 5.47 5.51 5.58 5.67 5.73 5.81 5.93 5.99 6.03 6.10 6.15 6.18 6.21 6.24 6.27 6.31 6.34 6.39 
4.90 4.93 4.99 5.05 5.11 5.13 5.22 5.34 5.44 5.53 5.57 5.64 5.73 5.81 5.88 5.97 6.08 6.16 6.20 6.24 6.26 6.27 6.29 6.31 6.34 6.37 0.00 
4.92 4.97 5.02 5.10 5.14 5.19 5.26 5.41 5.48 5.59 5.67 5.72 5.79 5.89 5.96 6.07 6.17 6.25 6.30 6.32 6.33 6.33 6.33 6.34 6.36 6.39 0.00 
4.95 4.99 5.05 5.11 5.19 5.24 5.31 5.41 5.51 5.66 5.74 5.80 5.87 5.94 6.05 6.13 6.25 6.35 6.40 6.40 6.39 6.38 6.37 6.37 0.00 0.00 0.00 
4.97 5.02 5.07 5.13 5.23 5.28 5.37 5.49 5.59 5.72 5.81 5.84 5.91 5.99 6.07 6.15 6.30 6.40 6.46 6.45 6.43 6.42 6.41 6.40 6.41 0.00 0.00 
5.01 5.05 5.10 5.18 5.28 5.32 5.40 5.54 5.67 5.74 5.88 5.94 5.96 6.04 6.12 6.21 6.30 6.40 6.45 6.46 6.46 6.45 6.44 0.00 0.00 0.00 0.00 
5.03 5.07 5.13 5.22 5.30 5.36 5.43 5.58 5.69 5.75 5.89 5.95 6.03 6.09 6.17 6.26 6.35 6.41 6.45 6.47 6.48 6.48 0.00 0.00 0.00 0.00 0.00 
5.05 5.09 5.15 5.24 5.31 5.38 5.47 5.59 5.70 5.77 5.89 5.95 6.05 6.11 6.20 6.29 6.35 6.40 6.46 6.47 6.49 6.50 0.00 0.00 0.00 0.00 0.00 
5.09 5.12 5.18 5.25 5.34 5.42 5.49 5.59 5.72 5.78 5.88 5.98 6.07 6.14 6.23 6.30 6.37 6.41 6.46 6.49 6.51 0.00 0.00 0.00 0.00 0.00 0.00 
5.07 5.13 5.20 5.26 5.36 5.44 5.51 5.60 5.70 5.81 5.89 5.99 6.08 6.16 6.24 6.31 6.37 6.42 6.47 6.49 6.52 0.00 0.00 0.00 0.00 0.00 0.00 
5.08 5.13 5.22 5.29 5.36 5.47 5.55 5.60 5.74 5.83 5.90 5.98 6.09 6.16 6.21 6.30 6.36 6.42 6.45 6.48 0.00 0.00 0.00 0.00 0.00 0.00 0.00 
5.09 5.14 5.23 5.31 5.38 5.46 5.54 5.62 5.76 5.84 5.90 6.02 6.10 6.16 6.20 6.30 6.37 6.43 6.45 0.00 0.00 0.00 0.00 0.00 0.00 0.00 0.00 
5.15 5.19 5.26 5.34 5.43 5.52 5.56 5.67 5.78 5.83 5.92 6.01 6.10 6.12 6.19 6.27 6.35 6.42 6.46 0.00 0.00 0.00 0.00 0.00 0.00 0.00 0.00 
5.18 5.23 5.30 5.39 5.45 5.51 5.60 5.64 5.72 5.84 5.92 6.03 6.11 6.12 6.18 6.29 6.37 6.42 6.47 0.00 0.00 0.00 0.00 0.00 0.00 0.00 0.00 
5.21 5.29 5.33 5.40 5.47 5.54 5.59 5.67 5.76 5.79 5.87 6.00 6.11 6.11 6.21 6.27 6.34 6.39 0.00 0.00 0.00 0.00 0.00 0.00 0.00 0.00 0.00 
5.24 5.32 5.39 5.46 5.53 5.59 5.63 5.71 5.83 5.85 5.89 6.00 6.13 6.18 0.00 0.00 0.00 0.00 0.00 0.00 0.00 0.00 0.00 0.00 0.00 0.00 0.00 
5.27 5.35 5.43 5.51 5.54 5.56 5.64 5.76 5.85 5.92 5.99 6.02 6.13 6.16 6.16 0.00 0.00 0.00 0.00 0.00 0.00 0.00 0.00 0.00 0.00 0.00 0.00 
