2016_CCC_ARR_IFD/catchment_depth_1080min_99999aep.txt.asc
ncols         27
nrows         23
xllcorner     150.975
yllcorner     -33.6
cellsize      0.025
NODATA_value  -9999
23.0 22.8 23.7 24.2 23.6 23.0 22.7 23.4 24.0 25.2 26.7 27.1 27.0 28.4 28.5 29.1 27.8 26.6 27.1 27.5 27.8 28.4 28.9 29.1 29.2 29.5 29.7 
23.7 23.6 23.9 24.4 24.4 24.1 23.6 23.9 24.8 26.2 27.7 29.0 28.4 28.3 29.4 27.5 26.9 26.9 27.2 27.6 28.1 28.5 28.9 29.2 29.5 29.7 29.9 
23.1 23.9 24.7 24.7 24.4 24.5 24.4 24.5 25.9 26.7 27.7 28.4 28.0 27.2 29.0 29.8 28.3 27.5 27.7 27.9 28.3 28.7 29.0 29.4 29.8 30.0 30.2 
24.1 24.1 25.0 23.9 24.1 24.3 25.4 25.2 25.4 26.5 27.4 27.4 27.8 27.9 28.9 27.8 27.9 27.7 28.1 28.3 28.8 29.1 29.4 29.8 30.0 30.4 30.9 
24.1 24.1 24.9 23.9 24.5 24.9 25.5 25.8 26.8 28.2 27.6 26.7 28.3 27.4 28.5 27.7 28.4 28.2 28.5 29.0 29.3 29.5 29.8 30.1 30.4 30.8 31.0 
23.7 24.9 24.7 23.9 25.2 25.0 25.0 25.6 27.2 28.5 27.5 27.6 27.7 27.8 28.5 27.9 28.5 28.9 29.3 29.4 29.7 30.0 30.2 30.4 30.8 31.3 31.2 
23.2 24.2 24.0 24.3 25.6 25.0 25.7 26.4 27.6 29.1 28.1 27.9 27.4 29.2 28.7 28.3 28.9 29.5 29.8 29.9 30.2 30.4 30.7 30.9 31.2 31.7 32.0 
23.1 24.7 25.3 25.9 26.4 25.2 26.3 27.6 28.5 29.5 28.4 27.7 28.2 28.7 29.4 29.4 29.4 29.8 30.2 30.4 30.5 30.9 31.1 31.1 31.3 31.6 0.00 
23.6 25.2 25.4 26.4 26.1 26.1 26.1 28.4 28.5 29.8 30.3 29.2 28.9 29.0 29.6 29.7 29.9 30.3 30.6 30.9 31.1 31.1 31.3 31.4 31.6 31.7 0.00 
24.0 24.2 25.6 25.9 26.6 26.2 26.2 27.4 28.0 30.1 30.4 30.3 30.8 29.8 29.8 30.3 30.3 30.8 31.1 31.4 31.5 31.4 31.6 31.8 0.00 0.00 0.00 
23.9 24.3 24.9 24.7 26.8 26.4 27.0 28.4 29.2 30.8 31.5 30.1 30.1 31.4 30.9 31.1 30.9 31.2 31.4 31.5 31.6 31.7 32.0 32.2 32.4 0.00 0.00 
23.4 24.0 25.0 26.0 27.3 26.7 26.7 28.8 30.3 30.3 31.8 31.8 30.7 30.9 31.2 31.4 31.6 31.6 31.5 31.7 31.8 31.9 32.2 0.00 0.00 0.00 0.00 
23.5 24.6 25.5 26.6 27.1 26.8 26.7 29.2 30.3 29.8 31.6 31.7 32.4 30.9 31.3 31.4 31.5 31.9 31.7 31.8 32.0 32.1 0.00 0.00 0.00 0.00 0.00 
23.6 24.4 25.0 26.4 26.6 26.8 27.3 29.0 29.9 30.1 31.3 31.2 32.6 31.9 31.8 31.7 32.1 32.5 32.2 32.0 32.3 32.2 0.00 0.00 0.00 0.00 0.00 
23.2 23.9 24.6 25.9 26.9 27.6 27.3 28.3 30.1 29.9 30.6 31.7 32.5 31.9 31.6 31.9 32.3 32.8 32.9 32.5 32.9 0.00 0.00 0.00 0.00 0.00 0.00 
24.0 24.1 24.6 25.9 27.3 27.5 27.5 28.4 29.2 30.4 30.6 31.3 32.5 32.0 31.7 32.1 32.8 32.3 32.7 32.5 33.8 0.00 0.00 0.00 0.00 0.00 0.00 
24.3 24.5 24.7 25.5 26.5 28.1 28.4 28.0 29.9 30.7 30.8 30.9 32.1 32.0 31.7 32.0 32.2 32.4 32.2 32.2 0.00 0.00 0.00 0.00 0.00 0.00 0.00 
24.3 24.9 25.2 25.5 26.5 27.3 27.8 28.5 30.3 30.6 30.6 31.9 32.3 31.8 31.3 32.1 32.4 32.5 32.1 0.00 0.00 0.00 0.00 0.00 0.00 0.00 0.00 
24.3 25.0 26.1 26.8 27.6 28.4 28.2 29.5 30.6 30.6 31.1 31.6 32.2 31.1 31.2 31.6 32.1 32.4 32.6 0.00 0.00 0.00 0.00 0.00 0.00 0.00 0.00 
24.6 25.5 26.5 27.4 27.8 28.1 29.0 28.8 29.6 30.8 31.2 32.0 32.3 31.0 31.0 32.1 32.6 32.9 33.0 0.00 0.00 0.00 0.00 0.00 0.00 0.00 0.00 
25.1 26.5 26.6 27.2 27.8 28.6 28.7 29.6 30.5 29.8 30.2 31.4 32.3 30.8 31.6 31.6 32.1 32.0 0.00 0.00 0.00 0.00 0.00 0.00 0.00 0.00 0.00 
25.4 26.8 27.6 28.3 28.9 29.2 29.3 30.2 31.3 31.1 30.6 31.4 32.6 32.4 0.00 0.00 0.00 0.00 0.00 0.00 0.00 0.00 0.00 0.00 0.00 0.00 0.00 
25.9 27.1 28.0 28.9 28.9 28.7 29.5 30.8 31.5 31.8 32.1 31.5 32.3 31.7 30.5 0.00 0.00 0.00 0.00 0.00 0.00 0.00 0.00 0.00 0.00 0.00 0.00 
