2016_CCC_ARR_IFD/catchment_depth_3min_98168aep.txt.asc
ncols         27
nrows         23
xllcorner     150.975
yllcorner     -33.6
cellsize      0.025
NODATA_value  -9999
2.36 2.35 2.38 2.39 2.38 2.36 2.37 2.40 2.43 2.50 2.56 2.59 2.61 2.67 2.69 2.73 2.73 2.79 2.83 2.87 2.91 2.94 2.97 3.01 3.04 3.08 3.11 
2.39 2.39 2.40 2.42 2.42 2.42 2.42 2.45 2.49 2.55 2.62 2.67 2.68 2.70 2.74 2.73 2.77 2.83 2.88 2.92 2.95 2.98 3.02 3.05 3.08 3.11 3.14 
2.39 2.41 2.44 2.45 2.45 2.46 2.47 2.49 2.55 2.60 2.65 2.68 2.69 2.70 2.76 2.80 2.81 2.85 2.91 2.96 2.99 3.03 3.06 3.09 3.11 3.14 3.17 
2.42 2.43 2.46 2.44 2.46 2.47 2.53 2.54 2.56 2.62 2.67 2.69 2.72 2.75 2.80 2.81 2.85 2.91 2.96 3.00 3.04 3.07 3.10 3.12 3.15 3.18 3.20 
2.44 2.45 2.48 2.46 2.49 2.52 2.55 2.58 2.64 2.70 2.70 2.70 2.77 2.78 2.83 2.86 2.90 2.96 3.01 3.04 3.08 3.11 3.14 3.16 3.19 3.21 3.23 
2.44 2.48 2.49 2.48 2.53 2.54 2.56 2.60 2.68 2.74 2.73 2.76 2.79 2.82 2.86 2.92 2.95 2.99 3.04 3.10 3.13 3.16 3.18 3.20 3.22 3.24 3.26 
2.45 2.48 2.49 2.51 2.56 2.57 2.61 2.65 2.72 2.79 2.78 2.79 2.82 2.88 2.90 2.97 3.01 3.04 3.09 3.14 3.18 3.20 3.22 3.23 3.25 3.27 3.29 
2.46 2.51 2.54 2.58 2.61 2.59 2.65 2.72 2.77 2.83 2.81 2.81 2.86 2.90 2.94 2.99 3.06 3.11 3.15 3.19 3.22 3.24 3.25 3.27 3.28 3.30 0.00 
2.48 2.54 2.56 2.61 2.62 2.64 2.66 2.77 2.80 2.87 2.91 2.89 2.90 2.94 2.99 3.04 3.11 3.17 3.21 3.24 3.26 3.27 3.28 3.30 3.31 3.33 0.00 
2.50 2.52 2.58 2.61 2.66 2.66 2.68 2.75 2.79 2.91 2.95 2.96 3.00 2.98 3.03 3.08 3.16 3.22 3.26 3.28 3.29 3.30 3.31 3.32 0.00 0.00 0.00 
2.51 2.54 2.58 2.59 2.68 2.69 2.73 2.81 2.87 2.97 3.01 2.97 2.98 3.06 3.06 3.11 3.18 3.25 3.29 3.31 3.32 3.33 3.34 3.35 3.36 0.00 0.00 
2.51 2.54 2.60 2.65 2.72 2.72 2.73 2.85 2.94 2.96 3.06 3.08 3.02 3.06 3.09 3.14 3.19 3.25 3.30 3.32 3.34 3.36 3.37 0.00 0.00 0.00 0.00 
2.53 2.58 2.63 2.69 2.73 2.74 2.75 2.88 2.95 2.95 3.06 3.08 3.13 3.07 3.11 3.16 3.21 3.26 3.31 3.34 3.36 3.38 0.00 0.00 0.00 0.00 0.00 
2.54 2.59 2.63 2.70 2.72 2.75 2.79 2.89 2.95 2.97 3.05 3.06 3.15 3.13 3.14 3.17 3.22 3.27 3.32 3.35 3.38 3.40 0.00 0.00 0.00 0.00 0.00 
2.54 2.58 2.62 2.70 2.76 2.80 2.80 2.87 2.97 2.97 3.02 3.10 3.16 3.13 3.14 3.18 3.24 3.29 3.33 3.37 3.40 0.00 0.00 0.00 0.00 0.00 0.00 
2.60 2.61 2.64 2.71 2.79 2.81 2.83 2.88 2.94 3.01 3.03 3.08 3.17 3.15 3.14 3.20 3.27 3.29 3.34 3.38 3.42 0.00 0.00 0.00 0.00 0.00 0.00 
2.64 2.66 2.67 2.72 2.77 2.86 2.88 2.89 2.98 3.04 3.05 3.07 3.16 3.16 3.16 3.21 3.26 3.31 3.35 3.39 0.00 0.00 0.00 0.00 0.00 0.00 0.00 
2.66 2.69 2.71 2.74 2.79 2.84 2.88 2.92 3.02 3.05 3.07 3.15 3.19 3.18 3.19 3.24 3.29 3.33 3.37 0.00 0.00 0.00 0.00 0.00 0.00 0.00 0.00 
2.67 2.71 2.77 2.80 2.85 2.90 2.91 2.98 3.05 3.07 3.11 3.16 3.21 3.19 3.23 3.27 3.32 3.36 3.40 0.00 0.00 0.00 0.00 0.00 0.00 0.00 0.00 
2.70 2.75 2.80 2.84 2.88 2.91 2.96 2.98 3.03 3.10 3.14 3.21 3.25 3.23 3.27 3.33 3.38 3.41 3.45 0.00 0.00 0.00 0.00 0.00 0.00 0.00 0.00 
2.74 2.80 2.82 2.86 2.90 2.95 2.98 3.03 3.08 3.11 3.15 3.22 3.29 3.27 3.33 3.36 3.40 3.43 0.00 0.00 0.00 0.00 0.00 0.00 0.00 0.00 0.00 
2.77 2.82 2.87 2.91 2.95 2.99 3.02 3.08 3.15 3.17 3.20 3.26 3.34 3.37 0.00 0.00 0.00 0.00 0.00 0.00 0.00 0.00 0.00 0.00 0.00 0.00 0.00 
2.81 2.85 2.90 2.95 2.97 3.01 3.06 3.13 3.19 3.24 3.29 3.32 3.37 3.40 3.40 0.00 0.00 0.00 0.00 0.00 0.00 0.00 0.00 0.00 0.00 0.00 0.00 
