2016_CCC_ARR_IFD/catchment_depth_180min_39347aep.txt.asc
ncols         27
nrows         23
xllcorner     150.975
yllcorner     -33.6
cellsize      0.025
NODATA_value  -9999
37.8 37.7 38.4 38.9 38.7 38.4 38.5 39.2 40.0 41.2 42.6 43.2 43.5 44.6 45.0 45.7 45.4 45.7 46.3 46.9 47.5 48.1 48.6 49.1 49.5 49.9 50.4 
38.2 38.3 38.6 39.2 39.3 39.4 39.4 39.9 40.8 42.1 43.4 44.5 44.6 44.9 45.8 45.2 45.4 46.2 46.9 47.5 48.0 48.6 49.1 49.5 50.0 50.4 50.8 
38.1 38.6 39.3 39.5 39.5 39.9 40.1 40.5 41.8 42.7 43.7 44.4 44.6 44.5 45.9 46.6 46.3 46.5 47.4 48.1 48.6 49.1 49.6 50.0 50.4 50.8 51.2 
38.6 38.8 39.6 39.1 39.5 39.9 41.0 41.2 41.8 42.8 43.8 44.2 44.8 45.2 46.2 46.1 46.5 47.3 48.1 48.7 49.2 49.7 50.1 50.5 50.9 51.3 51.7 
38.7 38.9 39.7 39.3 40.0 40.6 41.3 41.9 42.9 44.1 44.2 44.1 45.4 45.4 46.3 46.5 47.2 48.1 48.8 49.4 49.9 50.3 50.7 51.0 51.4 51.8 52.1 
38.7 39.6 39.7 39.5 40.6 40.9 41.3 42.1 43.5 44.7 44.5 45.0 45.4 46.0 46.7 47.5 48.0 48.6 49.3 50.1 50.6 50.9 51.2 51.5 51.9 52.2 52.5 
38.7 39.3 39.5 40.0 41.1 41.2 42.0 42.8 44.0 45.3 45.2 45.5 46.0 47.0 47.3 48.4 49.0 49.5 50.2 50.9 51.3 51.6 51.8 52.0 52.3 52.6 53.0 
38.9 39.8 40.5 41.1 41.8 41.6 42.7 43.9 44.9 46.0 45.7 45.9 46.6 47.3 48.0 48.8 49.9 50.7 51.2 51.7 52.0 52.2 52.3 52.4 52.6 52.9 0.00 
39.3 40.2 40.8 41.7 42.0 42.4 42.9 44.7 45.2 46.5 47.2 47.0 47.3 48.0 48.7 49.7 50.7 51.6 52.2 52.5 52.6 52.6 52.7 52.8 53.0 53.2 0.00 
39.6 40.1 41.1 41.7 42.5 42.8 43.3 44.4 45.2 47.1 47.8 48.0 48.7 48.6 49.4 50.2 51.4 52.4 53.1 53.1 53.1 53.1 53.1 53.1 0.00 0.00 0.00 
39.8 40.3 41.0 41.5 42.9 43.2 44.0 45.3 46.4 47.9 48.7 48.2 48.5 49.7 49.9 50.6 51.8 52.9 53.5 53.5 53.4 53.4 53.4 53.5 53.6 0.00 0.00 
39.9 40.5 41.3 42.2 43.4 43.6 44.1 45.8 47.3 47.8 49.4 49.7 49.1 49.7 50.4 51.1 51.8 52.8 53.3 53.5 53.6 53.6 53.7 0.00 0.00 0.00 0.00 
40.1 40.8 41.7 42.7 43.5 43.9 44.4 46.3 47.5 47.6 49.4 49.8 50.5 50.0 50.7 51.4 52.1 52.8 53.2 53.5 53.7 53.8 0.00 0.00 0.00 0.00 0.00 
40.3 41.0 41.7 42.8 43.5 44.1 44.9 46.4 47.4 48.0 49.2 49.5 50.8 50.7 51.0 51.5 52.2 52.8 53.2 53.5 53.8 53.9 0.00 0.00 0.00 0.00 0.00 
40.6 41.1 41.8 42.8 43.8 44.7 45.2 46.2 47.8 48.0 48.9 50.0 50.9 50.8 50.9 51.5 52.2 52.9 53.4 53.6 54.0 0.00 0.00 0.00 0.00 0.00 0.00 
40.6 41.3 42.1 43.0 44.2 44.9 45.5 46.5 47.4 48.6 49.1 49.9 51.1 51.0 50.8 51.6 52.5 52.7 53.3 53.5 54.4 0.00 0.00 0.00 0.00 0.00 0.00 
40.8 41.4 42.3 43.1 44.1 45.4 46.1 46.5 48.0 48.9 49.4 49.7 51.0 51.0 50.8 51.5 52.1 52.7 53.0 53.4 0.00 0.00 0.00 0.00 0.00 0.00 0.00 
41.0 41.6 42.5 43.5 44.4 45.3 46.1 47.0 48.4 49.1 49.5 50.6 51.2 51.0 50.9 51.7 52.4 52.8 53.0 0.00 0.00 0.00 0.00 0.00 0.00 0.00 0.00 
41.6 42.1 43.1 44.0 45.0 46.0 46.6 47.8 48.8 49.4 50.0 50.7 51.4 50.8 51.1 51.7 52.4 53.0 53.4 0.00 0.00 0.00 0.00 0.00 0.00 0.00 0.00 
42.0 42.7 43.6 44.6 45.4 46.1 47.2 47.7 48.6 49.8 50.4 51.2 51.7 51.0 51.3 52.4 53.0 53.5 53.9 0.00 0.00 0.00 0.00 0.00 0.00 0.00 0.00 
42.5 43.4 44.0 44.8 45.6 46.6 47.3 48.3 49.3 49.3 49.9 51.1 52.0 51.2 52.1 52.3 52.9 53.2 0.00 0.00 0.00 0.00 0.00 0.00 0.00 0.00 0.00 
42.9 43.9 44.7 45.5 46.3 47.1 47.8 48.8 49.8 50.4 50.5 51.4 52.4 52.6 0.00 0.00 0.00 0.00 0.00 0.00 0.00 0.00 0.00 0.00 0.00 0.00 0.00 
43.4 44.3 45.2 46.1 46.5 47.0 48.0 49.2 50.1 50.9 51.5 51.6 52.5 52.5 51.8 0.00 0.00 0.00 0.00 0.00 0.00 0.00 0.00 0.00 0.00 0.00 0.00 
