2016_CCC_ARR_IFD/catchment_depth_120min_63212aep.txt.asc
ncols         27
nrows         23
xllcorner     150.975
yllcorner     -33.6
cellsize      0.025
NODATA_value  -9999
26.7 26.7 27.0 27.2 27.1 26.9 26.9 27.3 27.7 28.5 29.3 29.7 29.8 30.5 30.7 31.1 31.0 31.3 31.7 32.1 32.5 32.8 33.1 33.4 33.7 34.0 34.3 
27.0 27.0 27.1 27.4 27.5 27.5 27.5 27.7 28.3 29.0 29.8 30.4 30.5 30.6 31.2 30.9 31.1 31.7 32.1 32.5 32.8 33.2 33.5 33.8 34.0 34.3 34.6 
26.9 27.2 27.5 27.6 27.6 27.8 27.9 28.1 28.9 29.4 30.0 30.4 30.5 30.5 31.2 31.7 31.6 31.8 32.4 32.9 33.2 33.6 33.8 34.1 34.4 34.6 34.9 
27.2 27.3 27.7 27.4 27.7 27.9 28.5 28.6 28.9 29.5 30.0 30.3 30.6 30.9 31.4 31.4 31.8 32.4 32.9 33.3 33.6 34.0 34.2 34.5 34.7 34.9 35.2 
27.3 27.4 27.8 27.6 27.9 28.3 28.7 29.0 29.6 30.3 30.3 30.3 31.0 31.0 31.5 31.8 32.1 32.8 33.3 33.7 34.1 34.4 34.6 34.8 35.0 35.2 35.4 
27.3 27.7 27.8 27.8 28.4 28.5 28.7 29.1 29.9 30.6 30.5 30.8 31.0 31.4 31.8 32.4 32.7 33.1 33.6 34.2 34.6 34.8 35.0 35.1 35.3 35.5 35.7 
27.4 27.7 27.8 28.1 28.6 28.7 29.1 29.6 30.3 31.0 30.9 31.1 31.4 32.0 32.2 33.0 33.3 33.6 34.1 34.7 35.0 35.2 35.3 35.5 35.6 35.8 36.0 
27.5 27.9 28.3 28.7 29.1 29.0 29.5 30.2 30.8 31.4 31.2 31.3 31.7 32.1 32.6 33.1 33.9 34.4 34.8 35.2 35.4 35.5 35.6 35.7 35.9 36.0 0.00 
27.7 28.2 28.5 29.0 29.2 29.4 29.7 30.7 31.0 31.7 32.1 31.9 32.1 32.6 33.0 33.7 34.4 35.0 35.4 35.6 35.8 35.8 35.9 36.0 36.1 36.2 0.00 
27.9 28.2 28.7 29.0 29.5 29.6 29.9 30.6 31.0 32.1 32.5 32.6 33.0 32.9 33.5 33.9 34.8 35.5 35.9 36.0 36.1 36.1 36.1 36.2 0.00 0.00 0.00 
28.0 28.3 28.7 29.0 29.7 29.9 30.3 31.1 31.7 32.6 33.0 32.7 32.9 33.6 33.7 34.1 35.0 35.7 36.2 36.2 36.3 36.3 36.3 36.4 36.5 0.00 0.00 
28.1 28.4 28.9 29.4 30.0 30.1 30.4 31.4 32.3 32.5 33.4 33.6 33.2 33.6 33.9 34.4 34.9 35.6 36.0 36.2 36.3 36.4 36.5 0.00 0.00 0.00 0.00 
28.3 28.6 29.1 29.7 30.1 30.3 30.6 31.7 32.4 32.4 33.4 33.7 34.1 33.7 34.1 34.6 35.1 35.5 35.9 36.2 36.4 36.5 0.00 0.00 0.00 0.00 0.00 
28.4 28.7 29.1 29.7 30.1 30.5 30.9 31.7 32.3 32.6 33.3 33.5 34.3 34.1 34.3 34.6 35.1 35.5 35.9 36.2 36.4 36.6 0.00 0.00 0.00 0.00 0.00 
28.6 28.9 29.2 29.7 30.3 30.8 31.1 31.7 32.5 32.7 33.1 33.8 34.4 34.2 34.2 34.6 35.1 35.5 35.9 36.2 36.5 0.00 0.00 0.00 0.00 0.00 0.00 
28.6 29.0 29.4 29.9 30.5 31.0 31.3 31.8 32.3 33.0 33.3 33.7 34.5 34.3 34.2 34.7 35.3 35.5 35.9 36.2 36.7 0.00 0.00 0.00 0.00 0.00 0.00 
28.7 29.0 29.6 30.0 30.5 31.3 31.7 31.9 32.7 33.3 33.5 33.7 34.4 34.4 34.3 34.7 35.1 35.5 35.9 36.2 0.00 0.00 0.00 0.00 0.00 0.00 0.00 
28.8 29.1 29.7 30.3 30.7 31.3 31.7 32.2 33.0 33.4 33.6 34.3 34.6 34.5 34.5 34.9 35.4 35.7 36.0 0.00 0.00 0.00 0.00 0.00 0.00 0.00 0.00 
29.2 29.4 30.0 30.5 31.1 31.6 32.0 32.7 33.3 33.6 34.0 34.4 34.8 34.5 34.8 35.1 35.5 35.9 36.2 0.00 0.00 0.00 0.00 0.00 0.00 0.00 0.00 
29.5 29.8 30.3 30.8 31.3 31.8 32.4 32.8 33.3 33.9 34.3 34.8 35.1 34.8 35.0 35.6 36.0 36.4 36.6 0.00 0.00 0.00 0.00 0.00 0.00 0.00 0.00 
29.7 30.2 30.5 31.0 31.5 32.1 32.5 33.1 33.7 33.9 34.3 34.9 35.4 35.1 35.6 35.8 36.2 36.4 0.00 0.00 0.00 0.00 0.00 0.00 0.00 0.00 0.00 
30.0 30.5 30.9 31.4 31.9 32.4 32.8 33.5 34.1 34.5 34.7 35.2 35.8 36.0 0.00 0.00 0.00 0.00 0.00 0.00 0.00 0.00 0.00 0.00 0.00 0.00 0.00 
30.2 30.7 31.2 31.7 32.0 32.5 33.1 33.7 34.3 34.9 35.3 35.5 36.1 36.1 35.9 0.00 0.00 0.00 0.00 0.00 0.00 0.00 0.00 0.00 0.00 0.00 0.00 
