2016_CCC_ARR_IFD/catchment_depth_10080min_95021aep.txt.asc
ncols         27
nrows         23
xllcorner     150.975
yllcorner     -33.6
cellsize      0.025
NODATA_value  -9999
73.0 71.9 76.1 78.1 75.3 72.0 70.2 72.9 75.2 80.5 87.0 88.4 87.2 93.2 93.3 95.5 88.7 81.2 82.5 83.8 84.6 86.6 88.6 88.8 89.2 89.9 90.6 
76.3 76.0 76.7 79.1 78.4 76.9 74.2 75.3 78.9 84.8 91.2 96.5 93.7 92.8 97.4 87.9 84.1 82.4 82.8 83.9 85.5 86.9 88.1 88.9 89.7 90.4 91.2 
73.8 77.2 80.6 80.3 78.6 78.5 77.7 77.7 83.9 87.0 91.1 93.7 91.4 87.5 95.0 98.4 90.9 86.3 85.2 84.9 86.2 87.3 88.3 89.3 90.7 91.5 92.2 
78.2 78.1 81.8 76.1 76.8 77.2 82.2 80.6 81.3 85.7 89.7 89.1 90.6 90.4 94.6 89.1 88.9 85.8 86.3 86.5 88.0 88.7 89.6 90.6 91.5 92.7 94.9 
78.3 77.8 81.5 76.0 78.5 80.0 82.1 83.2 87.7 93.5 90.1 85.5 92.4 87.5 92.3 87.9 90.6 87.6 88.1 89.3 89.7 90.1 90.5 91.6 92.6 94.2 95.1 
76.3 81.6 80.1 75.8 81.7 80.1 79.3 81.8 89.2 95.0 89.5 89.4 89.1 89.3 91.8 87.4 90.3 91.3 92.0 90.2 90.8 91.5 92.1 92.6 94.2 95.9 95.4 
73.6 77.9 76.5 77.5 83.1 79.9 82.6 85.2 90.7 97.0 92.1 90.4 86.8 95.3 92.5 88.5 90.9 93.1 93.1 92.2 92.3 93.0 93.5 94.0 95.4 97.3 99.1 
73.0 80.5 82.9 84.8 86.6 80.4 85.1 90.6 94.5 98.9 92.8 88.6 90.5 92.2 95.2 94.0 92.2 92.3 93.5 93.3 93.4 94.4 94.9 94.6 95.5 96.4 0.00 
75.3 82.5 83.2 87.0 85.2 84.4 84.0 94.1 93.9 99.6 101 95.8 93.5 93.1 95.6 94.5 93.8 94.1 94.3 94.8 95.3 95.0 95.3 95.6 96.3 96.6 0.00 
77.3 77.8 83.7 84.6 87.2 84.8 84.2 89.4 91.3 101 101 100 102 97.1 95.6 97.3 94.8 95.4 95.9 96.8 96.8 96.3 96.5 97.1 0.00 0.00 0.00 
76.7 78.1 80.2 78.9 88.0 85.4 87.8 93.7 96.8 103 106 99.4 98.7 104 101 101 98.0 97.4 97.3 97.5 97.5 97.5 98.3 99.0 99.3 0.00 0.00 
74.1 76.5 80.8 84.8 90.1 86.8 86.1 95.2 101 101 107 107 101 102 103 103 102 100 98.9 98.8 98.9 99.0 99.5 0.00 0.00 0.00 0.00 
75.1 79.4 82.9 87.4 89.1 87.1 86.0 96.8 101 98.6 106 106 109 102 103 103 102 103 101 100 100 100 0.00 0.00 0.00 0.00 0.00 
75.4 78.4 80.3 86.2 86.4 86.8 88.4 95.7 99.2 99.6 104 104 110 106 106 105 106 107 104 102 102 101 0.00 0.00 0.00 0.00 0.00 
73.4 76.1 78.4 83.9 87.7 90.2 88.3 92.5 100 98.6 101 106 109 106 106 106 107 108 108 105 106 0.00 0.00 0.00 0.00 0.00 0.00 
76.7 76.8 78.1 83.4 89.2 89.7 88.9 92.5 95.7 101 101 104 109 107 107 108 110 107 107 106 111 0.00 0.00 0.00 0.00 0.00 0.00 
78.0 78.6 78.5 81.3 85.2 92.2 92.4 90.5 98.5 102 102 103 108 107 108 108 108 108 106 105 0.00 0.00 0.00 0.00 0.00 0.00 0.00 
77.9 79.8 80.7 81.1 84.7 87.7 89.3 91.9 100 101 101 106 108 107 106 108 109 108 106 0.00 0.00 0.00 0.00 0.00 0.00 0.00 0.00 
77.6 80.2 84.5 86.8 89.9 93.0 90.9 96.2 101 100 102 104 107 104 104 106 107 108 108 0.00 0.00 0.00 0.00 0.00 0.00 0.00 0.00 
78.2 82.1 86.1 89.5 90.6 90.7 94.0 92.4 95.0 100 102 106 107 103 103 107 109 109 109 0.00 0.00 0.00 0.00 0.00 0.00 0.00 0.00 
80.5 86.3 86.1 88.1 90.2 92.8 92.2 95.3 98.3 95.6 97.5 103 107 101 104 104 106 106 0.00 0.00 0.00 0.00 0.00 0.00 0.00 0.00 0.00 
81.2 87.4 90.4 93.2 95.2 95.9 95.1 98.1 103 101 98.6 102 108 107 0.00 0.00 0.00 0.00 0.00 0.00 0.00 0.00 0.00 0.00 0.00 0.00 0.00 
83.0 88.5 92.3 95.9 95.2 93.4 95.9 101 104 105 106 102 106 103 98.8 0.00 0.00 0.00 0.00 0.00 0.00 0.00 0.00 0.00 0.00 0.00 0.00 
