2016_CCC_ARR_IFD/catchment_depth_90min_99999aep.txt.asc
ncols         27
nrows         23
xllcorner     150.975
yllcorner     -33.6
cellsize      0.025
NODATA_value  -9999
9.76 9.71 9.91 10.0 9.93 9.81 9.80 9.97 10.1 10.5 10.9 11.0 11.1 11.4 11.5 11.7 11.5 11.4 11.5 11.6 11.8 11.9 12.1 12.2 12.3 12.4 12.5 
9.89 9.89 9.94 10.1 10.1 10.1 10.0 10.1 10.3 10.7 11.1 11.4 11.4 11.4 11.7 11.4 11.4 11.4 11.6 11.7 11.9 12.0 12.1 12.2 12.3 12.4 12.5 
9.78 9.93 10.1 10.1 10.1 10.1 10.2 10.2 10.6 10.8 11.1 11.3 11.3 11.2 11.6 11.8 11.6 11.6 11.7 11.8 11.9 12.1 12.2 12.3 12.4 12.5 12.6 
9.94 9.97 10.2 9.95 10.0 10.1 10.4 10.4 10.5 10.8 11.1 11.1 11.3 11.3 11.6 11.5 11.6 11.6 11.8 11.9 12.1 12.2 12.3 12.4 12.5 12.6 12.7 
9.94 9.96 10.2 9.96 10.1 10.2 10.4 10.5 10.8 11.2 11.1 11.0 11.4 11.2 11.5 11.5 11.7 11.8 11.9 12.1 12.2 12.3 12.4 12.5 12.6 12.7 12.8 
9.87 10.1 10.1 9.96 10.3 10.3 10.3 10.5 10.9 11.3 11.1 11.1 11.2 11.3 11.5 11.6 11.7 11.9 12.0 12.2 12.3 12.4 12.5 12.5 12.6 12.8 12.8 
9.79 9.98 9.96 10.1 10.4 10.3 10.5 10.7 11.0 11.4 11.2 11.2 11.2 11.6 11.6 11.7 11.8 12.0 12.2 12.3 12.4 12.5 12.5 12.6 12.7 12.8 12.9 
9.78 10.1 10.3 10.4 10.5 10.3 10.6 10.9 11.2 11.5 11.3 11.1 11.3 11.5 11.7 11.8 12.0 12.1 12.3 12.4 12.5 12.5 12.6 12.6 12.7 12.8 0.00 
9.87 10.2 10.3 10.5 10.5 10.5 10.6 11.1 11.2 11.6 11.7 11.5 11.4 11.5 11.7 11.9 12.1 12.2 12.4 12.5 12.5 12.6 12.6 12.7 12.8 12.8 0.00 
9.95 10.0 10.3 10.4 10.6 10.6 10.6 10.9 11.1 11.7 11.8 11.8 11.9 11.7 11.8 12.0 12.1 12.4 12.5 12.6 12.6 12.6 12.7 12.7 0.00 0.00 0.00 
9.95 10.1 10.2 10.2 10.7 10.6 10.8 11.2 11.4 11.9 12.1 11.7 11.7 12.1 11.9 12.1 12.2 12.4 12.5 12.6 12.6 12.6 12.7 12.8 12.8 0.00 0.00 
9.88 10.0 10.2 10.5 10.8 10.7 10.7 11.3 11.7 11.7 12.2 12.2 11.8 11.9 12.0 12.1 12.2 12.4 12.5 12.5 12.6 12.7 12.7 0.00 0.00 0.00 0.00 
9.93 10.2 10.4 10.6 10.8 10.7 10.7 11.4 11.7 11.5 12.1 12.1 12.3 11.8 12.0 12.0 12.2 12.3 12.4 12.5 12.6 12.7 0.00 0.00 0.00 0.00 0.00 
9.97 10.1 10.3 10.6 10.7 10.7 10.9 11.3 11.6 11.6 11.9 11.9 12.4 12.1 12.1 12.1 12.2 12.4 12.4 12.5 12.6 12.7 0.00 0.00 0.00 0.00 0.00 
9.91 10.1 10.2 10.5 10.8 10.9 10.9 11.1 11.6 11.5 11.7 12.0 12.3 12.0 11.9 12.0 12.2 12.4 12.5 12.5 12.7 0.00 0.00 0.00 0.00 0.00 0.00 
10.1 10.1 10.3 10.6 10.9 10.9 10.9 11.1 11.3 11.7 11.7 11.9 12.3 12.1 11.9 12.1 12.4 12.3 12.5 12.5 12.9 0.00 0.00 0.00 0.00 0.00 0.00 
10.2 10.3 10.3 10.5 10.7 11.1 11.2 11.1 11.5 11.8 11.7 11.7 12.2 12.0 11.9 12.0 12.2 12.3 12.4 12.5 0.00 0.00 0.00 0.00 0.00 0.00 0.00 
10.3 10.4 10.5 10.5 10.7 10.9 11.0 11.2 11.7 11.7 11.7 12.1 12.2 12.0 12.0 12.2 12.3 12.4 12.5 0.00 0.00 0.00 0.00 0.00 0.00 0.00 0.00 
10.3 10.4 10.7 10.8 11.0 11.2 11.2 11.5 11.8 11.7 11.9 12.0 12.2 12.0 12.1 12.2 12.4 12.5 12.7 0.00 0.00 0.00 0.00 0.00 0.00 0.00 0.00 
10.4 10.5 10.8 10.9 11.1 11.1 11.3 11.4 11.5 11.8 12.0 12.2 12.4 12.1 12.2 12.5 12.7 12.8 12.9 0.00 0.00 0.00 0.00 0.00 0.00 0.00 0.00 
10.5 10.7 10.8 10.9 11.1 11.3 11.3 11.6 11.8 11.8 11.9 12.2 12.5 12.3 12.5 12.6 12.7 12.8 0.00 0.00 0.00 0.00 0.00 0.00 0.00 0.00 0.00 
10.6 10.8 11.0 11.1 11.3 11.4 11.5 11.7 12.0 12.1 12.1 12.4 12.7 12.7 0.00 0.00 0.00 0.00 0.00 0.00 0.00 0.00 0.00 0.00 0.00 0.00 0.00 
10.7 10.9 11.1 11.3 11.3 11.4 11.6 11.9 12.1 12.3 12.5 12.5 12.8 12.8 12.6 0.00 0.00 0.00 0.00 0.00 0.00 0.00 0.00 0.00 0.00 0.00 0.00 
