2016_CCC_ARR_IFD/catchment_depth_1min_05000aep.txt.asc
ncols         27
nrows         23
xllcorner     150.975
yllcorner     -33.6
cellsize      0.025
NODATA_value  -9999
4.10 4.08 4.14 4.18 4.15 4.12 4.14 4.21 4.29 4.41 4.53 4.59 4.63 4.71 4.75 4.80 4.85 4.88 4.93 4.99 5.03 5.09 5.14 5.18 5.21 5.25 5.29 
4.13 4.13 4.15 4.20 4.21 4.21 4.20 4.26 4.35 4.48 4.59 4.66 4.69 4.74 4.80 4.83 4.88 4.92 4.96 5.01 5.06 5.11 5.15 5.19 5.23 5.27 5.31 
4.10 4.14 4.20 4.22 4.21 4.24 4.26 4.31 4.44 4.52 4.61 4.68 4.71 4.75 4.83 4.88 4.94 4.99 5.01 5.04 5.09 5.13 5.17 5.21 5.26 5.30 5.34 
4.15 4.16 4.22 4.15 4.18 4.22 4.34 4.36 4.42 4.53 4.62 4.68 4.74 4.80 4.87 4.92 4.98 5.01 5.05 5.08 5.12 5.16 5.20 5.24 5.28 5.32 5.37 
4.16 4.15 4.22 4.14 4.21 4.27 4.35 4.41 4.52 4.63 4.66 4.69 4.79 4.84 4.92 4.97 5.03 5.05 5.09 5.13 5.15 5.19 5.22 5.26 5.30 5.35 5.38 
4.14 4.22 4.20 4.14 4.27 4.28 4.34 4.42 4.56 4.67 4.69 4.76 4.83 4.90 4.97 5.00 5.07 5.12 5.16 5.15 5.18 5.22 5.25 5.29 5.33 5.37 5.40 
4.14 4.17 4.16 4.19 4.31 4.31 4.40 4.49 4.61 4.72 4.75 4.81 4.86 4.96 5.02 5.04 5.11 5.16 5.19 5.20 5.22 5.25 5.28 5.31 5.35 5.40 5.44 
4.17 4.23 4.28 4.33 4.39 4.36 4.46 4.58 4.68 4.77 4.79 4.84 4.93 5.01 5.07 5.12 5.15 5.18 5.22 5.24 5.26 5.29 5.31 5.33 5.36 5.40 0.00 
4.20 4.28 4.31 4.39 4.40 4.43 4.49 4.65 4.71 4.81 4.88 4.92 4.99 5.05 5.12 5.16 5.19 5.23 5.26 5.28 5.30 5.31 5.33 5.35 5.38 5.41 0.00 
4.25 4.27 4.35 4.39 4.46 4.47 4.53 4.63 4.71 4.86 4.93 4.98 5.05 5.10 5.14 5.20 5.22 5.27 5.31 5.33 5.34 5.34 5.36 5.38 0.00 0.00 0.00 
4.27 4.31 4.35 4.38 4.50 4.52 4.59 4.71 4.80 4.92 4.98 5.01 5.07 5.14 5.20 5.25 5.27 5.31 5.34 5.35 5.36 5.37 5.39 5.40 5.42 0.00 0.00 
4.29 4.33 4.39 4.46 4.55 4.56 4.61 4.75 4.87 4.92 5.03 5.08 5.10 5.17 5.23 5.28 5.32 5.34 5.35 5.37 5.38 5.39 5.41 0.00 0.00 0.00 0.00 
4.32 4.38 4.44 4.52 4.57 4.59 4.63 4.79 4.89 4.92 5.04 5.10 5.16 5.18 5.24 5.29 5.32 5.36 5.37 5.38 5.40 5.41 0.00 0.00 0.00 0.00 0.00 
4.35 4.40 4.44 4.53 4.57 4.62 4.68 4.80 4.89 4.94 5.04 5.09 5.18 5.22 5.27 5.31 5.36 5.40 5.40 5.40 5.42 5.42 0.00 0.00 0.00 0.00 0.00 
4.36 4.41 4.45 4.54 4.61 4.67 4.69 4.78 4.91 4.94 5.02 5.12 5.19 5.23 5.27 5.32 5.37 5.41 5.44 5.43 5.46 0.00 0.00 0.00 0.00 0.00 0.00 
4.41 4.43 4.47 4.55 4.64 4.69 4.71 4.79 4.87 4.97 5.02 5.10 5.19 5.23 5.28 5.34 5.39 5.39 5.43 5.43 5.49 0.00 0.00 0.00 0.00 0.00 0.00 
4.44 4.47 4.49 4.55 4.62 4.73 4.76 4.77 4.91 4.99 5.03 5.08 5.18 5.23 5.25 5.32 5.35 5.39 5.39 5.41 0.00 0.00 0.00 0.00 0.00 0.00 0.00 
4.46 4.50 4.54 4.56 4.62 4.68 4.73 4.79 4.93 4.98 5.01 5.12 5.18 5.21 5.21 5.30 5.36 5.40 5.38 0.00 0.00 0.00 0.00 0.00 0.00 0.00 0.00 
4.47 4.52 4.59 4.64 4.70 4.76 4.75 4.85 4.95 4.96 5.02 5.09 5.17 5.15 5.20 5.26 5.33 5.38 5.40 0.00 0.00 0.00 0.00 0.00 0.00 0.00 0.00 
4.49 4.56 4.62 4.68 4.71 4.73 4.80 4.78 4.84 4.95 5.01 5.11 5.16 5.13 5.17 5.28 5.34 5.38 5.41 0.00 0.00 0.00 0.00 0.00 0.00 0.00 0.00 
4.53 4.61 4.63 4.67 4.71 4.76 4.76 4.82 4.89 4.88 4.94 5.05 5.16 5.11 5.20 5.24 5.30 5.32 0.00 0.00 0.00 0.00 0.00 0.00 0.00 0.00 0.00 
4.54 4.63 4.68 4.73 4.78 4.80 4.80 4.87 4.97 4.95 4.95 5.05 5.17 5.19 0.00 0.00 0.00 0.00 0.00 0.00 0.00 0.00 0.00 0.00 0.00 0.00 0.00 
4.56 4.65 4.71 4.77 4.78 4.76 4.81 4.92 4.98 5.02 5.07 5.06 5.15 5.15 5.12 0.00 0.00 0.00 0.00 0.00 0.00 0.00 0.00 0.00 0.00 0.00 0.00 
