2016_CCC_ARR_IFD/catchment_depth_90min_00100aep.txt.asc
ncols         27
nrows         23
xllcorner     150.975
yllcorner     -33.6
cellsize      0.025
NODATA_value  -9999
104 105 107 108 109 109 111 113 116 120 123 125 128 129 132 134 138 141 144 147 149 151 153 155 157 158 160 
105 106 107 109 110 112 113 115 118 122 125 126 129 132 133 137 139 144 147 149 151 153 155 157 158 160 161 
105 107 109 110 111 113 115 117 121 124 127 129 132 135 136 138 142 145 149 152 153 155 157 158 160 161 163 
106 107 109 109 111 113 117 119 122 126 129 131 134 137 139 143 145 148 151 153 155 157 158 160 161 163 164 
106 107 110 109 112 115 118 121 125 128 131 134 137 141 143 146 148 151 153 155 157 158 160 161 163 164 165 
105 108 109 109 114 115 118 122 126 130 133 137 140 144 146 149 152 154 155 157 158 160 161 162 164 165 166 
105 107 108 110 114 116 120 124 128 131 135 139 142 145 150 151 154 156 158 159 160 161 163 164 165 166 167 
105 108 111 113 116 117 121 126 130 133 137 141 145 149 152 154 156 158 160 161 162 163 164 165 166 167 0.00 
106 109 111 115 116 119 122 128 131 135 138 143 147 151 154 156 158 161 162 163 164 164 165 166 166 167 0.00 
106 108 112 114 118 120 123 128 132 137 141 144 147 152 154 158 159 162 164 165 165 165 166 166 0.00 0.00 0.00 
106 108 111 113 118 120 124 129 134 138 141 145 149 151 155 158 161 163 165 165 165 166 166 167 167 0.00 0.00 
106 108 111 115 119 121 123 130 135 139 143 146 149 152 155 158 161 163 164 165 165 166 166 0.00 0.00 0.00 0.00 
106 109 112 116 119 121 123 130 135 137 143 146 149 152 155 158 160 162 163 164 164 165 0.00 0.00 0.00 0.00 0.00 
106 108 111 115 118 120 124 129 134 137 142 145 148 151 154 157 160 162 163 163 164 164 0.00 0.00 0.00 0.00 0.00 
105 107 110 114 118 121 123 127 133 136 140 144 147 150 153 156 158 161 162 162 164 0.00 0.00 0.00 0.00 0.00 0.00 
105 107 110 113 118 120 122 126 130 135 138 142 146 149 152 154 157 158 160 160 163 0.00 0.00 0.00 0.00 0.00 0.00 
105 107 109 112 116 121 123 124 131 135 137 139 144 147 148 152 154 156 157 158 0.00 0.00 0.00 0.00 0.00 0.00 0.00 
105 107 110 112 115 118 121 124 130 133 134 140 143 144 145 149 152 154 154 0.00 0.00 0.00 0.00 0.00 0.00 0.00 0.00 
106 108 111 114 117 120 120 125 130 130 133 137 140 140 142 145 149 152 153 0.00 0.00 0.00 0.00 0.00 0.00 0.00 0.00 
106 109 112 115 117 118 121 121 124 129 131 136 139 137 139 144 147 150 151 0.00 0.00 0.00 0.00 0.00 0.00 0.00 0.00 
107 110 112 114 116 119 119 122 125 124 127 132 137 134 138 140 144 145 0.00 0.00 0.00 0.00 0.00 0.00 0.00 0.00 0.00 
107 111 114 116 119 120 120 123 127 126 126 130 136 136 0.00 0.00 0.00 0.00 0.00 0.00 0.00 0.00 0.00 0.00 0.00 0.00 0.00 
108 112 114 117 118 117 119 124 127 128 130 129 133 133 131 0.00 0.00 0.00 0.00 0.00 0.00 0.00 0.00 0.00 0.00 0.00 0.00 
