2016_CCC_ARR_IFD/catchment_depth_5min_00500aep.txt.asc
ncols         27
nrows         23
xllcorner     150.975
yllcorner     -33.6
cellsize      0.025
NODATA_value  -9999
21.2 21.1 21.5 21.8 21.7 21.7 21.9 22.3 22.8 23.5 24.1 24.4 24.8 25.1 25.5 25.8 26.3 26.7 27.0 27.4 27.7 28.0 28.3 28.5 28.8 29.0 29.3 
21.4 21.4 21.5 21.9 22.0 22.1 22.2 22.6 23.2 23.8 24.4 24.7 25.1 25.4 25.7 26.2 26.6 27.0 27.3 27.7 28.0 28.3 28.6 28.8 29.0 29.3 29.5 
21.1 21.4 21.8 21.9 22.0 22.3 22.5 22.9 23.6 24.1 24.6 25.0 25.3 25.8 26.1 26.3 27.0 27.4 27.7 28.0 28.3 28.5 28.8 29.0 29.3 29.5 29.7 
21.4 21.5 21.9 21.6 21.8 22.2 22.9 23.2 23.6 24.3 24.8 25.2 25.7 26.1 26.4 27.0 27.4 27.7 28.0 28.3 28.6 28.8 29.1 29.3 29.5 29.7 30.0 
21.4 21.4 21.9 21.5 22.0 22.4 23.0 23.5 24.1 24.7 25.1 25.5 26.0 26.6 26.9 27.5 27.8 28.1 28.4 28.6 28.9 29.1 29.3 29.5 29.7 30.0 30.2 
21.2 21.7 21.7 21.4 22.3 22.5 22.9 23.5 24.4 25.0 25.4 25.9 26.5 27.0 27.4 27.8 28.2 28.6 28.8 28.9 29.0 29.3 29.5 29.7 30.0 30.2 30.3 
21.1 21.4 21.4 21.6 22.5 22.6 23.2 23.8 24.6 25.2 25.7 26.3 26.8 27.2 27.9 28.1 28.6 28.9 29.1 29.2 29.3 29.6 29.8 30.0 30.2 30.4 30.6 
21.2 21.7 22.1 22.5 22.9 22.8 23.5 24.3 25.0 25.5 26.0 26.6 27.3 27.9 28.3 28.7 28.9 29.1 29.4 29.5 29.7 29.9 30.0 30.1 30.3 30.5 0.00 
21.4 22.0 22.2 22.7 22.9 23.2 23.6 24.7 25.1 25.8 26.3 26.9 27.6 28.1 28.6 28.9 29.2 29.5 29.7 29.9 30.0 30.1 30.2 30.3 30.5 30.6 0.00 
21.6 21.8 22.4 22.7 23.2 23.4 23.8 24.6 25.2 26.0 26.6 27.1 27.6 28.4 28.7 29.2 29.3 29.7 30.0 30.1 30.2 30.2 30.4 30.5 0.00 0.00 0.00 
21.6 21.9 22.3 22.5 23.3 23.6 24.1 24.9 25.6 26.3 26.8 27.3 27.9 28.2 28.9 29.3 29.6 29.9 30.1 30.2 30.3 30.3 30.5 30.7 30.8 0.00 0.00 
21.6 22.0 22.4 22.9 23.6 23.7 24.1 25.1 25.9 26.4 27.0 27.5 27.9 28.5 29.0 29.4 29.7 29.9 30.1 30.2 30.3 30.4 30.5 0.00 0.00 0.00 0.00 
21.7 22.2 22.7 23.2 23.6 23.8 24.2 25.3 25.9 26.3 27.0 27.5 27.9 28.4 28.9 29.3 29.6 29.9 30.0 30.1 30.3 30.4 0.00 0.00 0.00 0.00 0.00 
21.8 22.2 22.6 23.2 23.5 23.9 24.3 25.2 25.9 26.3 27.0 27.5 27.9 28.4 28.9 29.3 29.6 30.0 30.1 30.0 30.3 30.3 0.00 0.00 0.00 0.00 0.00 
21.8 22.1 22.5 23.1 23.7 24.1 24.3 25.0 25.9 26.2 26.8 27.4 27.9 28.4 28.7 29.1 29.6 29.9 30.1 30.1 30.3 0.00 0.00 0.00 0.00 0.00 0.00 
22.0 22.2 22.5 23.1 23.8 24.1 24.3 24.9 25.5 26.3 26.7 27.2 27.8 28.2 28.6 29.0 29.4 29.5 29.8 29.9 30.3 0.00 0.00 0.00 0.00 0.00 0.00 
22.1 22.4 22.5 23.0 23.5 24.3 24.6 24.6 25.7 26.2 26.5 26.9 27.6 28.0 28.1 28.7 29.0 29.3 29.4 29.5 0.00 0.00 0.00 0.00 0.00 0.00 0.00 
22.1 22.5 22.7 22.9 23.4 23.8 24.2 24.6 25.6 26.0 26.2 27.0 27.5 27.7 27.7 28.4 28.8 29.1 29.1 0.00 0.00 0.00 0.00 0.00 0.00 0.00 0.00 
22.1 22.5 23.0 23.4 23.8 24.3 24.2 24.9 25.6 25.7 26.2 26.7 27.2 27.0 27.4 27.8 28.3 28.8 29.0 0.00 0.00 0.00 0.00 0.00 0.00 0.00 0.00 
22.1 22.7 23.1 23.5 23.8 23.9 24.4 24.3 24.8 25.5 25.9 26.6 27.0 26.7 27.0 27.8 28.2 28.6 28.8 0.00 0.00 0.00 0.00 0.00 0.00 0.00 0.00 
22.3 22.9 23.0 23.4 23.7 24.0 24.0 24.5 25.0 24.8 25.2 26.0 26.8 26.4 27.0 27.3 27.7 27.9 0.00 0.00 0.00 0.00 0.00 0.00 0.00 0.00 0.00 
22.3 23.0 23.3 23.7 24.1 24.2 24.2 24.7 25.4 25.2 25.2 25.8 26.7 26.8 0.00 0.00 0.00 0.00 0.00 0.00 0.00 0.00 0.00 0.00 0.00 0.00 0.00 
22.4 23.0 23.4 23.9 23.9 23.8 24.2 24.9 25.3 25.6 25.9 25.7 26.3 26.3 26.0 0.00 0.00 0.00 0.00 0.00 0.00 0.00 0.00 0.00 0.00 0.00 0.00 
