2016_CCC_ARR_IFD/catchment_depth_30min_05000aep.txt.asc
ncols         27
nrows         23
xllcorner     150.975
yllcorner     -33.6
cellsize      0.025
NODATA_value  -9999
38.1 37.9 38.5 38.9 38.7 38.4 38.6 39.3 40.0 41.2 42.4 42.9 43.3 44.1 44.5 45.0 45.5 45.8 46.4 46.9 47.4 47.9 48.5 48.8 49.2 49.6 50.0 
38.4 38.4 38.6 39.1 39.2 39.2 39.2 39.7 40.7 41.9 42.9 43.6 43.9 44.4 44.9 45.3 45.8 46.2 46.7 47.2 47.7 48.2 48.6 49.0 49.4 49.8 50.2 
38.1 38.5 39.1 39.2 39.2 39.5 39.8 40.2 41.4 42.3 43.1 43.7 44.1 44.5 45.3 45.8 46.4 46.9 47.2 47.5 47.9 48.4 48.8 49.2 49.6 50.0 50.4 
38.6 38.6 39.3 38.6 38.9 39.4 40.5 40.7 41.3 42.4 43.3 43.8 44.5 45.0 45.7 46.3 46.9 47.1 47.5 47.8 48.3 48.6 49.0 49.5 49.8 50.3 50.7 
38.6 38.6 39.3 38.5 39.2 39.8 40.6 41.2 42.3 43.3 43.6 44.0 44.9 45.4 46.2 46.7 47.3 47.6 47.9 48.3 48.6 48.9 49.3 49.7 50.1 50.5 50.9 
38.4 39.2 39.1 38.5 39.8 40.0 40.5 41.3 42.7 43.7 43.9 44.6 45.3 46.0 46.7 47.0 47.7 48.2 48.6 48.5 48.8 49.2 49.5 49.9 50.3 50.7 51.0 
38.5 38.8 38.7 39.0 40.2 40.2 41.0 41.9 43.1 44.1 44.5 45.1 45.6 46.5 47.2 47.4 48.1 48.6 48.9 49.0 49.2 49.5 49.8 50.1 50.5 51.0 51.4 
38.7 39.3 39.8 40.3 40.9 40.6 41.6 42.8 43.7 44.6 44.9 45.4 46.3 47.1 47.7 48.2 48.5 48.8 49.2 49.4 49.5 49.8 50.1 50.3 50.6 51.0 0.00 
39.0 39.8 40.1 40.8 41.0 41.3 41.9 43.4 44.0 45.0 45.7 46.1 46.9 47.5 48.1 48.5 48.9 49.3 49.6 49.8 50.0 50.1 50.3 50.5 50.8 51.1 0.00 
39.4 39.6 40.4 40.8 41.5 41.7 42.2 43.3 44.1 45.5 46.2 46.7 47.4 48.0 48.4 49.0 49.2 49.7 50.0 50.3 50.3 50.4 50.5 50.7 0.00 0.00 0.00 
39.6 40.0 40.4 40.7 41.9 42.1 42.8 44.0 44.9 46.0 46.7 47.0 47.6 48.3 48.9 49.4 49.7 50.0 50.3 50.5 50.5 50.6 50.8 51.0 51.2 0.00 0.00 
39.8 40.2 40.7 41.4 42.3 42.5 43.0 44.3 45.5 46.1 47.1 47.7 47.9 48.6 49.2 49.7 50.1 50.3 50.5 50.6 50.7 50.9 51.0 0.00 0.00 0.00 0.00 
40.1 40.6 41.2 41.9 42.5 42.8 43.2 44.7 45.6 46.0 47.2 47.8 48.4 48.7 49.3 49.8 50.1 50.5 50.6 50.8 50.9 51.1 0.00 0.00 0.00 0.00 0.00 
40.3 40.7 41.2 42.0 42.5 42.9 43.6 44.8 45.6 46.2 47.2 47.7 48.5 49.0 49.6 50.0 50.5 50.9 50.9 50.9 51.1 51.2 0.00 0.00 0.00 0.00 0.00 
40.4 40.8 41.3 42.1 42.8 43.4 43.7 44.6 45.8 46.2 47.0 47.9 48.6 49.1 49.6 50.1 50.6 51.0 51.2 51.2 51.5 0.00 0.00 0.00 0.00 0.00 0.00 
40.7 41.0 41.4 42.2 43.1 43.5 43.8 44.6 45.4 46.4 47.0 47.8 48.6 49.1 49.7 50.3 50.7 50.8 51.2 51.2 51.8 0.00 0.00 0.00 0.00 0.00 0.00 
41.0 41.3 41.6 42.1 42.8 43.9 44.3 44.4 45.7 46.5 47.0 47.5 48.5 49.1 49.4 50.0 50.4 50.8 50.8 51.0 0.00 0.00 0.00 0.00 0.00 0.00 0.00 
41.1 41.5 41.9 42.2 42.8 43.4 43.9 44.5 45.9 46.4 46.7 47.9 48.5 48.9 49.0 49.9 50.5 50.8 50.7 0.00 0.00 0.00 0.00 0.00 0.00 0.00 0.00 
41.2 41.7 42.4 42.9 43.5 44.1 44.0 45.0 46.0 46.1 46.8 47.5 48.3 48.3 48.8 49.4 50.1 50.6 50.9 0.00 0.00 0.00 0.00 0.00 0.00 0.00 0.00 
41.3 42.0 42.6 43.2 43.6 43.8 44.4 44.4 45.0 46.1 46.6 47.6 48.2 48.1 48.5 49.5 50.1 50.5 50.8 0.00 0.00 0.00 0.00 0.00 0.00 0.00 0.00 
41.6 42.4 42.6 43.1 43.5 44.0 44.1 44.7 45.3 45.3 46.0 47.1 48.1 47.8 48.7 49.1 49.7 50.0 0.00 0.00 0.00 0.00 0.00 0.00 0.00 0.00 0.00 
41.7 42.6 43.1 43.6 44.1 44.4 44.4 45.1 46.0 45.9 46.0 47.0 48.2 48.5 0.00 0.00 0.00 0.00 0.00 0.00 0.00 0.00 0.00 0.00 0.00 0.00 0.00 
41.9 42.7 43.3 43.9 44.0 43.9 44.5 45.5 46.1 46.5 47.0 47.0 47.9 48.0 47.9 0.00 0.00 0.00 0.00 0.00 0.00 0.00 0.00 0.00 0.00 0.00 0.00 
