2016_CCC_ARR_IFD/catchment_depth_60min_63212aep.txt.asc
ncols         27
nrows         23
xllcorner     150.975
yllcorner     -33.6
cellsize      0.025
NODATA_value  -9999
21.8 21.7 21.9 22.0 21.9 21.7 21.7 22.0 22.3 22.8 23.3 23.6 23.7 24.1 24.3 24.5 24.5 24.8 25.1 25.3 25.6 25.8 26.0 26.3 26.5 26.8 27.0 
21.9 21.9 22.0 22.1 22.2 22.2 22.1 22.3 22.6 23.2 23.7 24.1 24.1 24.2 24.6 24.4 24.6 25.0 25.3 25.6 25.8 26.1 26.3 26.5 26.7 27.0 27.2 
21.9 22.0 22.2 22.3 22.3 22.4 22.4 22.6 23.1 23.4 23.8 24.1 24.1 24.2 24.7 25.0 24.9 25.1 25.5 25.9 26.1 26.3 26.6 26.8 27.0 27.2 27.3 
22.1 22.1 22.4 22.2 22.3 22.5 22.8 22.9 23.1 23.5 23.9 24.0 24.3 24.4 24.8 24.8 25.1 25.5 25.8 26.1 26.4 26.6 26.8 27.0 27.2 27.3 27.5 
22.2 22.2 22.4 22.3 22.5 22.7 23.0 23.2 23.6 24.0 24.0 24.0 24.5 24.5 24.9 25.1 25.3 25.8 26.1 26.4 26.6 26.8 27.0 27.2 27.4 27.5 27.7 
22.2 22.4 22.5 22.5 22.8 22.9 23.0 23.3 23.8 24.3 24.2 24.3 24.5 24.7 25.1 25.4 25.6 25.9 26.2 26.7 26.9 27.1 27.3 27.4 27.6 27.7 27.9 
22.2 22.4 22.5 22.7 23.0 23.0 23.3 23.6 24.0 24.5 24.5 24.5 24.7 25.1 25.3 25.7 26.0 26.2 26.6 26.9 27.2 27.3 27.5 27.6 27.7 27.9 28.0 
22.3 22.6 22.8 23.0 23.3 23.2 23.5 24.0 24.4 24.8 24.6 24.6 24.9 25.2 25.5 25.8 26.3 26.7 26.9 27.2 27.4 27.5 27.7 27.8 27.9 28.0 0.00 
22.4 22.7 22.9 23.2 23.3 23.5 23.6 24.3 24.5 25.0 25.3 25.1 25.1 25.4 25.7 26.1 26.6 27.0 27.3 27.5 27.6 27.7 27.8 27.9 28.1 28.2 0.00 
22.5 22.7 23.0 23.2 23.5 23.6 23.8 24.2 24.4 25.2 25.5 25.5 25.8 25.6 26.0 26.3 26.8 27.3 27.6 27.7 27.8 27.9 28.0 28.1 0.00 0.00 0.00 
22.6 22.8 23.0 23.2 23.7 23.7 24.0 24.5 24.9 25.6 25.9 25.5 25.6 26.2 26.1 26.4 26.9 27.4 27.7 27.8 27.9 28.0 28.1 28.2 28.3 0.00 0.00 
22.7 22.9 23.1 23.4 23.9 23.9 24.0 24.7 25.3 25.5 26.2 26.3 25.8 26.1 26.3 26.6 26.9 27.4 27.7 27.9 28.0 28.1 28.2 0.00 0.00 0.00 0.00 
22.8 23.0 23.2 23.6 23.9 24.0 24.1 24.9 25.4 25.3 26.1 26.2 26.6 26.1 26.4 26.7 27.0 27.3 27.6 27.9 28.0 28.2 0.00 0.00 0.00 0.00 0.00 
22.8 23.0 23.2 23.6 23.8 24.1 24.3 24.9 25.3 25.4 26.0 26.0 26.7 26.5 26.5 26.7 27.0 27.4 27.6 27.9 28.1 28.2 0.00 0.00 0.00 0.00 0.00 
23.0 23.1 23.3 23.6 24.0 24.3 24.4 24.7 25.4 25.4 25.7 26.2 26.7 26.4 26.4 26.7 27.1 27.4 27.7 27.9 28.2 0.00 0.00 0.00 0.00 0.00 0.00 
22.9 23.2 23.4 23.7 24.1 24.3 24.5 24.8 25.1 25.6 25.8 26.1 26.7 26.5 26.4 26.8 27.2 27.4 27.7 28.0 28.3 0.00 0.00 0.00 0.00 0.00 0.00 
23.0 23.2 23.5 23.8 24.1 24.6 24.7 24.9 25.4 25.8 25.9 26.0 26.6 26.6 26.6 26.9 27.2 27.5 27.8 28.0 0.00 0.00 0.00 0.00 0.00 0.00 0.00 
23.1 23.3 23.6 23.9 24.2 24.5 24.7 25.0 25.6 25.8 25.9 26.5 26.7 26.6 26.7 27.0 27.4 27.6 27.9 0.00 0.00 0.00 0.00 0.00 0.00 0.00 0.00 
23.3 23.5 23.8 24.1 24.4 24.8 24.9 25.3 25.8 25.9 26.1 26.5 26.8 26.7 26.9 27.2 27.5 27.8 28.1 0.00 0.00 0.00 0.00 0.00 0.00 0.00 0.00 
23.5 23.7 24.0 24.3 24.6 24.8 25.1 25.3 25.6 26.0 26.3 26.8 27.0 26.9 27.2 27.6 27.9 28.2 28.4 0.00 0.00 0.00 0.00 0.00 0.00 0.00 0.00 
23.7 24.0 24.1 24.4 24.7 25.0 25.2 25.6 25.9 26.1 26.4 26.8 27.3 27.2 27.6 27.8 28.1 28.2 0.00 0.00 0.00 0.00 0.00 0.00 0.00 0.00 0.00 
23.9 24.1 24.4 24.7 25.0 25.3 25.5 25.9 26.3 26.5 26.7 27.1 27.6 27.8 0.00 0.00 0.00 0.00 0.00 0.00 0.00 0.00 0.00 0.00 0.00 0.00 0.00 
24.0 24.3 24.6 25.0 25.2 25.4 25.7 26.2 26.6 26.9 27.3 27.4 27.9 28.0 28.0 0.00 0.00 0.00 0.00 0.00 0.00 0.00 0.00 0.00 0.00 0.00 0.00 
