2016_CCC_ARR_IFD/catchment_depth_2160min_00100aep.txt.asc
ncols         27
nrows         23
xllcorner     150.975
yllcorner     -33.6
cellsize      0.025
NODATA_value  -9999
377 377 396 408 401 391 388 406 423 450 481 492 497 521 529 541 536 530 542 554 561 572 582 582 581 581 580 
391 393 400 413 415 413 407 418 439 468 497 520 519 524 542 528 529 533 542 552 562 569 574 576 578 578 578 
384 400 416 420 417 421 424 430 460 478 499 515 515 512 540 556 547 544 549 555 561 566 569 572 577 576 576 
402 405 423 406 413 419 444 443 453 476 497 503 516 524 543 536 544 542 550 555 563 566 569 572 573 577 585 
404 406 424 408 422 433 446 456 479 505 501 495 525 517 540 534 549 545 552 561 564 566 566 569 572 578 579 
399 423 421 410 437 436 439 454 487 513 503 510 517 524 540 529 547 556 563 558 561 565 566 567 573 579 574 
391 411 410 418 445 438 454 470 496 524 516 516 507 547 542 530 545 559 562 560 561 564 565 566 572 579 586 
390 423 437 449 461 442 466 494 514 536 521 508 521 534 552 551 546 550 558 558 558 563 564 561 564 566 0.00 
401 433 440 460 458 459 462 510 516 544 556 539 533 535 551 548 548 552 554 558 560 558 558 558 559 560 0.00 
410 416 444 453 468 462 464 491 505 552 562 561 574 550 545 556 546 551 555 560 560 557 556 557 0.00 0.00 0.00 
410 419 431 430 473 466 481 512 532 567 582 554 552 582 568 571 555 554 554 556 556 555 558 559 559 0.00 0.00 
401 414 435 456 483 473 472 520 554 556 590 591 561 566 569 570 570 561 555 555 555 556 558 0.00 0.00 0.00 0.00 
406 428 446 469 480 475 471 527 552 541 582 584 598 558 564 563 560 565 557 555 556 556 0.00 0.00 0.00 0.00 0.00 
409 425 436 465 469 473 482 521 540 543 570 565 599 579 572 566 571 578 566 557 559 555 0.00 0.00 0.00 0.00 0.00 
402 416 429 456 476 490 481 502 542 533 548 572 592 572 563 567 573 579 580 565 571 0.00 0.00 0.00 0.00 0.00 0.00 
419 422 429 455 483 488 483 500 516 542 543 558 585 570 562 569 579 565 569 562 590 0.00 0.00 0.00 0.00 0.00 0.00 
427 432 432 446 466 500 500 487 529 545 541 541 569 563 558 562 561 563 555 552 0.00 0.00 0.00 0.00 0.00 0.00 0.00 
429 439 445 446 463 477 482 494 535 537 531 560 566 553 544 557 562 560 550 0.00 0.00 0.00 0.00 0.00 0.00 0.00 0.00 
431 444 464 475 489 503 490 515 538 528 536 545 557 533 535 541 549 554 555 0.00 0.00 0.00 0.00 0.00 0.00 0.00 0.00 
436 455 474 489 493 491 505 492 502 526 530 548 553 525 525 545 554 558 558 0.00 0.00 0.00 0.00 0.00 0.00 0.00 0.00 
450 476 475 483 492 502 494 506 517 499 504 527 548 515 531 530 539 536 0.00 0.00 0.00 0.00 0.00 0.00 0.00 0.00 0.00 
456 484 498 509 516 516 507 518 540 522 507 522 550 541 0.00 0.00 0.00 0.00 0.00 0.00 0.00 0.00 0.00 0.00 0.00 0.00 0.00 
467 492 508 523 516 502 509 533 542 541 542 520 537 521 498 0.00 0.00 0.00 0.00 0.00 0.00 0.00 0.00 0.00 0.00 0.00 0.00 
