2016_CCC_ARR_IFD/catchment_depth_1min_10000aep.txt.asc
ncols         27
nrows         23
xllcorner     150.975
yllcorner     -33.6
cellsize      0.025
NODATA_value  -9999
3.48 3.47 3.51 3.55 3.52 3.49 3.50 3.56 3.62 3.72 3.82 3.86 3.89 3.96 3.99 4.04 4.07 4.09 4.14 4.18 4.22 4.26 4.31 4.33 4.37 4.40 4.43 
3.51 3.51 3.52 3.56 3.57 3.56 3.56 3.60 3.67 3.77 3.86 3.92 3.95 3.98 4.03 4.05 4.09 4.12 4.16 4.20 4.24 4.28 4.32 4.35 4.38 4.42 4.45 
3.49 3.52 3.57 3.58 3.57 3.59 3.61 3.64 3.74 3.81 3.88 3.93 3.96 3.98 4.05 4.10 4.13 4.17 4.20 4.22 4.26 4.30 4.33 4.37 4.40 4.44 4.47 
3.53 3.54 3.59 3.53 3.55 3.58 3.67 3.69 3.73 3.82 3.89 3.93 3.98 4.03 4.08 4.12 4.17 4.19 4.22 4.25 4.29 4.32 4.35 4.39 4.42 4.45 4.49 
3.54 3.54 3.59 3.53 3.58 3.62 3.68 3.73 3.81 3.90 3.92 3.94 4.02 4.05 4.11 4.15 4.20 4.22 4.25 4.29 4.31 4.34 4.37 4.40 4.44 4.47 4.50 
3.53 3.59 3.58 3.53 3.63 3.64 3.67 3.74 3.85 3.94 3.94 3.99 4.04 4.09 4.15 4.17 4.23 4.27 4.30 4.31 4.33 4.36 4.39 4.42 4.46 4.49 4.51 
3.53 3.56 3.55 3.57 3.66 3.66 3.72 3.79 3.88 3.98 3.99 4.02 4.06 4.14 4.18 4.20 4.26 4.31 4.33 4.34 4.36 4.39 4.42 4.44 4.47 4.51 4.54 
3.56 3.60 3.64 3.68 3.72 3.70 3.77 3.87 3.94 4.02 4.02 4.05 4.11 4.17 4.23 4.26 4.29 4.32 4.36 4.37 4.39 4.42 4.44 4.46 4.48 4.51 0.00 
3.58 3.64 3.67 3.73 3.73 3.75 3.79 3.92 3.96 4.05 4.10 4.12 4.16 4.20 4.26 4.29 4.33 4.36 4.39 4.41 4.43 4.44 4.45 4.47 4.49 4.52 0.00 
3.62 3.63 3.70 3.73 3.78 3.79 3.82 3.90 3.97 4.09 4.14 4.17 4.23 4.25 4.28 4.33 4.36 4.40 4.43 4.45 4.46 4.46 4.47 4.49 0.00 0.00 0.00 
3.64 3.66 3.70 3.72 3.81 3.82 3.88 3.97 4.04 4.13 4.19 4.19 4.23 4.30 4.33 4.37 4.39 4.43 4.45 4.47 4.47 4.48 4.50 4.51 4.53 0.00 0.00 
3.66 3.68 3.73 3.78 3.85 3.86 3.89 4.00 4.10 4.14 4.23 4.26 4.26 4.31 4.35 4.39 4.43 4.45 4.47 4.48 4.49 4.50 4.52 0.00 0.00 0.00 0.00 
3.68 3.72 3.77 3.83 3.87 3.88 3.91 4.04 4.11 4.13 4.24 4.27 4.32 4.32 4.37 4.40 4.43 4.47 4.48 4.49 4.51 4.52 0.00 0.00 0.00 0.00 0.00 
3.70 3.74 3.77 3.84 3.87 3.90 3.95 4.04 4.11 4.15 4.23 4.26 4.34 4.36 4.39 4.43 4.46 4.50 4.51 4.51 4.53 4.54 0.00 0.00 0.00 0.00 0.00 
3.72 3.75 3.78 3.84 3.90 3.95 3.96 4.03 4.13 4.15 4.21 4.29 4.35 4.37 4.40 4.44 4.48 4.51 4.54 4.54 4.56 0.00 0.00 0.00 0.00 0.00 0.00 
3.75 3.77 3.80 3.86 3.93 3.96 3.98 4.04 4.10 4.18 4.22 4.28 4.36 4.38 4.41 4.46 4.50 4.51 4.54 4.54 4.60 0.00 0.00 0.00 0.00 0.00 0.00 
3.77 3.80 3.82 3.86 3.91 4.00 4.02 4.03 4.14 4.20 4.23 4.26 4.35 4.38 4.40 4.45 4.48 4.51 4.52 4.53 0.00 0.00 0.00 0.00 0.00 0.00 0.00 
3.79 3.82 3.85 3.87 3.92 3.97 4.00 4.05 4.16 4.19 4.21 4.31 4.36 4.37 4.38 4.45 4.50 4.52 4.52 0.00 0.00 0.00 0.00 0.00 0.00 0.00 0.00 
3.81 3.85 3.90 3.94 3.98 4.03 4.02 4.10 4.18 4.18 4.23 4.29 4.35 4.34 4.38 4.42 4.48 4.52 4.54 0.00 0.00 0.00 0.00 0.00 0.00 0.00 0.00 
3.83 3.88 3.93 3.97 4.00 4.01 4.06 4.06 4.10 4.19 4.23 4.31 4.36 4.33 4.37 4.45 4.50 4.53 4.55 0.00 0.00 0.00 0.00 0.00 0.00 0.00 0.00 
3.86 3.92 3.94 3.97 4.00 4.04 4.05 4.09 4.14 4.14 4.19 4.28 4.36 4.33 4.40 4.43 4.48 4.50 0.00 0.00 0.00 0.00 0.00 0.00 0.00 0.00 0.00 
3.88 3.95 3.99 4.03 4.06 4.08 4.08 4.13 4.21 4.20 4.21 4.28 4.38 4.40 0.00 0.00 0.00 0.00 0.00 0.00 0.00 0.00 0.00 0.00 0.00 0.00 0.00 
3.90 3.97 4.01 4.06 4.07 4.06 4.10 4.18 4.23 4.26 4.30 4.30 4.37 4.38 4.36 0.00 0.00 0.00 0.00 0.00 0.00 0.00 0.00 0.00 0.00 0.00 0.00 
