2016_CCC_ARR_IFD/catchment_depth_7200min_20000aep.txt.asc
ncols         27
nrows         23
xllcorner     150.975
yllcorner     -33.6
cellsize      0.025
NODATA_value  -9999
179 176 186 191 184 176 172 179 186 200 217 221 220 235 236 242 230 215 219 222 223 228 233 232 231 231 231 
187 186 188 194 192 189 182 186 196 211 228 241 235 235 246 228 223 218 218 221 225 228 230 231 231 231 232 
182 190 198 198 194 193 192 193 208 217 228 235 231 224 241 250 236 229 225 223 225 227 229 231 233 233 233 
194 193 202 188 190 191 204 201 203 214 225 225 230 232 242 233 234 226 226 226 229 230 231 233 234 235 240 
195 194 202 189 195 199 204 208 219 233 227 219 235 226 238 230 238 230 230 233 233 232 232 234 235 238 239 
191 204 200 190 204 200 199 206 224 238 227 228 229 231 238 227 236 239 240 233 234 235 235 236 239 242 239 
186 196 193 195 209 201 208 215 229 244 234 231 224 245 240 229 236 242 241 237 237 238 238 238 241 245 248 
185 204 210 214 219 204 215 229 239 250 237 227 233 238 246 243 238 237 240 239 238 240 240 238 240 241 0.00 
192 210 211 221 216 215 214 239 239 254 259 246 241 240 247 243 240 240 240 241 242 240 240 240 241 240 0.00 
198 199 214 216 223 217 215 229 234 258 261 258 264 250 245 250 242 242 243 245 244 242 242 243 0.00 0.00 0.00 
198 201 206 203 226 219 225 241 249 267 275 256 254 269 260 260 249 247 245 246 245 245 246 247 247 0.00 0.00 
192 198 209 219 233 224 221 246 263 262 279 277 261 262 263 262 261 254 249 248 248 247 248 0.00 0.00 0.00 0.00 
196 207 215 227 231 225 222 251 263 255 276 275 282 261 263 261 258 260 254 252 251 250 0.00 0.00 0.00 0.00 0.00 
198 205 209 225 225 225 228 248 257 257 271 268 284 273 270 267 268 270 262 256 256 253 0.00 0.00 0.00 0.00 0.00 
193 200 205 219 229 235 228 239 260 254 261 273 282 272 269 270 272 274 272 263 265 0.00 0.00 0.00 0.00 0.00 0.00 
203 202 205 219 234 234 230 238 246 260 260 267 281 274 273 274 277 269 270 264 278 0.00 0.00 0.00 0.00 0.00 0.00 
208 209 207 213 223 242 240 232 254 262 260 261 275 273 274 274 272 270 264 261 0.00 0.00 0.00 0.00 0.00 0.00 0.00 
209 213 214 213 221 228 230 236 258 259 256 271 275 270 266 273 274 271 264 0.00 0.00 0.00 0.00 0.00 0.00 0.00 0.00 
208 215 226 230 237 244 235 249 261 255 260 265 271 261 262 265 268 270 269 0.00 0.00 0.00 0.00 0.00 0.00 0.00 0.00 
210 221 231 239 240 237 244 236 241 255 257 268 271 257 257 267 272 273 272 0.00 0.00 0.00 0.00 0.00 0.00 0.00 0.00 
217 233 231 235 238 243 238 244 250 241 244 257 269 252 261 260 264 262 0.00 0.00 0.00 0.00 0.00 0.00 0.00 0.00 0.00 
220 237 244 251 254 253 247 253 266 255 247 256 272 267 0.00 0.00 0.00 0.00 0.00 0.00 0.00 0.00 0.00 0.00 0.00 0.00 0.00 
226 241 251 259 254 245 249 263 269 268 269 256 266 257 245 0.00 0.00 0.00 0.00 0.00 0.00 0.00 0.00 0.00 0.00 0.00 0.00 
