2016_CCC_ARR_IFD/catchment_depth_1440min_99752aep.txt.asc
ncols         27
nrows         23
xllcorner     150.975
yllcorner     -33.6
cellsize      0.025
NODATA_value  -9999
29.8 29.5 30.8 31.4 30.7 29.7 29.3 30.2 31.0 32.7 34.8 35.3 35.1 37.0 37.2 38.0 36.1 34.3 34.9 35.5 35.9 36.6 37.3 37.5 37.7 38.0 38.3 
30.8 30.7 31.0 31.8 31.7 31.3 30.6 31.0 32.2 34.1 36.2 37.9 37.1 37.0 38.5 35.8 34.9 34.7 35.1 35.6 36.2 36.8 37.3 37.6 38.0 38.3 38.6 
30.0 31.1 32.2 32.2 31.8 31.8 31.7 31.8 33.8 34.8 36.2 37.1 36.5 35.5 37.9 39.0 36.9 35.6 35.8 36.0 36.5 37.0 37.4 37.9 38.4 38.7 38.9 
31.4 31.4 32.6 31.0 31.3 31.5 33.1 32.8 33.1 34.5 35.9 35.8 36.4 36.4 37.8 36.3 36.3 35.8 36.2 36.6 37.2 37.5 37.9 38.4 38.7 39.1 39.9 
31.4 31.4 32.6 31.1 31.9 32.5 33.2 33.6 35.1 36.9 36.1 34.8 37.0 35.7 37.2 36.0 36.9 36.5 36.9 37.5 37.8 38.1 38.3 38.8 39.2 39.7 40.0 
30.9 32.5 32.2 31.1 32.9 32.6 32.5 33.3 35.6 37.5 36.0 36.1 36.1 36.3 37.2 36.2 37.1 37.6 38.0 37.9 38.3 38.6 38.9 39.2 39.8 40.3 40.2 
30.1 31.5 31.2 31.6 33.4 32.6 33.5 34.5 36.2 38.2 36.9 36.5 35.6 38.2 37.5 36.7 37.6 38.3 38.6 38.7 38.9 39.2 39.5 39.8 40.3 40.9 41.4 
29.9 32.3 33.2 33.8 34.5 32.8 34.4 36.1 37.4 38.9 37.2 36.1 36.8 37.4 38.4 38.3 38.2 38.5 39.0 39.2 39.4 39.8 40.1 40.0 40.4 40.7 0.00 
30.6 32.9 33.3 34.6 34.2 34.1 34.1 37.3 37.4 39.2 39.8 38.3 37.8 37.8 38.7 38.7 38.8 39.2 39.5 39.8 40.1 40.1 40.3 40.5 40.7 40.8 0.00 
31.3 31.6 33.5 33.9 34.8 34.3 34.2 35.9 36.7 39.6 40.1 39.8 40.5 39.1 38.9 39.6 39.3 39.7 40.1 40.5 40.6 40.6 40.7 41.0 0.00 0.00 0.00 
31.1 31.7 32.5 32.2 35.1 34.5 35.4 37.3 38.4 40.6 41.6 39.6 39.5 41.3 40.5 40.7 40.2 40.3 40.6 40.7 40.8 40.9 41.3 41.6 41.8 0.00 0.00 
30.3 31.2 32.7 34.0 35.8 35.0 34.9 37.8 39.9 39.9 41.9 42.0 40.3 40.6 41.0 41.2 41.3 41.1 40.9 41.0 41.1 41.3 41.6 0.00 0.00 0.00 0.00 
30.6 32.1 33.3 34.9 35.6 35.1 34.9 38.4 39.9 39.2 41.6 41.8 42.7 40.6 41.1 41.1 41.1 41.6 41.3 41.3 41.5 41.6 0.00 0.00 0.00 0.00 0.00 
30.7 31.8 32.6 34.5 34.8 35.0 35.7 38.1 39.3 39.6 41.2 41.0 43.0 42.0 41.8 41.7 42.1 42.6 42.1 41.7 42.0 41.8 0.00 0.00 0.00 0.00 0.00 
30.1 31.1 32.0 33.9 35.2 36.2 35.7 37.1 39.6 39.3 40.3 41.7 42.9 42.0 41.7 42.0 42.5 43.0 43.2 42.4 42.9 0.00 0.00 0.00 0.00 0.00 0.00 
31.2 31.4 32.0 33.8 35.7 36.1 36.0 37.2 38.4 40.0 40.3 41.2 42.8 42.2 41.9 42.4 43.2 42.4 42.8 42.5 44.3 0.00 0.00 0.00 0.00 0.00 0.00 
31.6 32.0 32.2 33.2 34.6 36.9 37.2 36.6 39.3 40.4 40.5 40.6 42.4 42.2 41.9 42.3 42.4 42.6 42.1 42.1 0.00 0.00 0.00 0.00 0.00 0.00 0.00 
31.6 32.4 32.9 33.2 34.5 35.6 36.3 37.2 39.8 40.2 40.2 42.0 42.5 42.0 41.3 42.3 42.7 42.7 42.1 0.00 0.00 0.00 0.00 0.00 0.00 0.00 0.00 
31.7 32.6 34.1 35.0 36.1 37.3 36.9 38.7 40.2 40.1 40.8 41.5 42.3 40.9 41.1 41.6 42.2 42.6 42.7 0.00 0.00 0.00 0.00 0.00 0.00 0.00 0.00 
32.0 33.3 34.7 35.9 36.4 36.7 37.9 37.6 38.6 40.4 40.8 42.0 42.4 40.7 40.7 42.2 42.9 43.2 43.2 0.00 0.00 0.00 0.00 0.00 0.00 0.00 0.00 
32.8 34.7 34.8 35.6 36.4 37.4 37.5 38.7 39.8 38.9 39.4 41.1 42.4 40.3 41.5 41.5 42.1 42.0 0.00 0.00 0.00 0.00 0.00 0.00 0.00 0.00 0.00 
33.1 35.1 36.1 37.1 37.9 38.4 38.4 39.5 41.1 40.7 39.9 41.1 42.8 42.4 0.00 0.00 0.00 0.00 0.00 0.00 0.00 0.00 0.00 0.00 0.00 0.00 0.00 
33.7 35.5 36.8 38.0 38.0 37.7 38.6 40.5 41.4 41.8 42.2 41.1 42.3 41.4 39.8 0.00 0.00 0.00 0.00 0.00 0.00 0.00 0.00 0.00 0.00 0.00 0.00 
