2016_CCC_ARR_IFD/catchment_depth_10min_02000aep.txt.asc
ncols         27
nrows         23
xllcorner     150.975
yllcorner     -33.6
cellsize      0.025
NODATA_value  -9999
27.3 27.2 27.6 28.0 27.8 27.6 27.7 28.2 28.8 29.7 30.5 30.9 31.2 31.8 32.1 32.5 32.9 33.0 33.4 33.8 34.1 34.5 34.9 35.1 35.3 35.5 35.8 
27.5 27.5 27.6 28.0 28.1 28.1 28.1 28.5 29.2 30.1 30.9 31.4 31.6 32.0 32.4 32.7 33.1 33.3 33.6 33.9 34.3 34.6 34.9 35.2 35.4 35.7 35.9 
27.2 27.6 28.0 28.1 28.1 28.3 28.5 28.8 29.8 30.4 31.0 31.5 31.8 32.1 32.6 33.0 33.4 33.8 33.9 34.1 34.4 34.7 35.0 35.3 35.6 35.8 36.1 
27.6 27.6 28.1 27.5 27.8 28.1 29.0 29.1 29.6 30.4 31.1 31.5 32.0 32.4 32.9 33.3 33.8 33.9 34.1 34.3 34.6 34.9 35.2 35.4 35.7 36.0 36.3 
27.6 27.5 28.1 27.4 27.9 28.4 29.0 29.5 30.3 31.1 31.3 31.6 32.3 32.7 33.2 33.6 34.1 34.2 34.4 34.6 34.8 35.0 35.3 35.6 35.8 36.2 36.4 
27.4 28.0 27.9 27.3 28.4 28.4 28.8 29.5 30.5 31.3 31.5 32.0 32.5 33.1 33.6 33.7 34.3 34.6 34.9 34.7 34.9 35.2 35.5 35.7 36.0 36.3 36.5 
27.4 27.6 27.5 27.7 28.6 28.6 29.2 29.9 30.8 31.6 31.9 32.4 32.8 33.4 33.9 33.9 34.5 34.9 35.0 35.0 35.2 35.4 35.7 35.9 36.2 36.5 36.8 
27.6 28.1 28.4 28.8 29.2 28.9 29.7 30.6 31.3 31.9 32.2 32.6 33.3 33.8 34.2 34.6 34.7 34.9 35.2 35.3 35.4 35.6 35.8 36.0 36.2 36.5 0.00 
27.8 28.4 28.6 29.2 29.2 29.4 29.8 31.0 31.4 32.2 32.7 33.1 33.7 34.1 34.6 34.8 34.9 35.1 35.3 35.5 35.7 35.8 35.9 36.1 36.3 36.5 0.00 
28.1 28.3 28.9 29.2 29.6 29.7 30.1 30.9 31.5 32.5 33.0 33.4 33.9 34.4 34.6 35.1 35.0 35.3 35.6 35.8 35.9 36.0 36.1 36.3 0.00 0.00 0.00 
28.3 28.5 28.8 29.0 29.9 30.0 30.6 31.4 32.0 32.8 33.3 33.6 34.1 34.6 35.0 35.3 35.4 35.5 35.7 35.9 36.0 36.1 36.3 36.5 36.6 0.00 0.00 
28.4 28.7 29.1 29.6 30.3 30.4 30.7 31.7 32.5 32.9 33.6 34.0 34.3 34.8 35.2 35.5 35.7 35.8 35.8 35.9 36.1 36.2 36.4 0.00 0.00 0.00 0.00 
28.7 29.1 29.5 30.1 30.4 30.6 30.8 32.0 32.6 32.9 33.7 34.1 34.5 34.8 35.2 35.4 35.6 35.9 35.9 36.0 36.2 36.3 0.00 0.00 0.00 0.00 0.00 
28.9 29.2 29.5 30.2 30.4 30.7 31.1 32.0 32.6 33.0 33.7 34.1 34.6 35.0 35.3 35.6 35.9 36.2 36.1 36.1 36.3 36.3 0.00 0.00 0.00 0.00 0.00 
28.9 29.2 29.5 30.2 30.7 31.1 31.2 31.9 32.7 33.0 33.6 34.2 34.7 35.0 35.3 35.6 36.0 36.2 36.4 36.3 36.5 0.00 0.00 0.00 0.00 0.00 0.00 
29.3 29.4 29.6 30.3 30.9 31.2 31.3 31.9 32.4 33.2 33.5 34.1 34.7 35.0 35.3 35.7 36.0 36.0 36.3 36.2 36.7 0.00 0.00 0.00 0.00 0.00 0.00 
29.6 29.8 29.8 30.2 30.7 31.5 31.7 31.7 32.7 33.2 33.5 33.8 34.6 34.9 35.0 35.5 35.7 35.9 35.9 36.0 0.00 0.00 0.00 0.00 0.00 0.00 0.00 
29.7 30.0 30.1 30.2 30.6 31.1 31.3 31.8 32.8 33.1 33.3 34.1 34.5 34.7 34.7 35.3 35.7 35.9 35.8 0.00 0.00 0.00 0.00 0.00 0.00 0.00 0.00 
29.6 30.0 30.5 30.8 31.2 31.6 31.5 32.2 32.8 32.9 33.4 33.8 34.4 34.2 34.5 34.9 35.4 35.7 35.9 0.00 0.00 0.00 0.00 0.00 0.00 0.00 0.00 
29.6 30.2 30.6 31.0 31.2 31.3 31.8 31.6 32.1 32.8 33.2 33.9 34.3 34.0 34.3 35.0 35.4 35.7 35.8 0.00 0.00 0.00 0.00 0.00 0.00 0.00 0.00 
29.8 30.5 30.6 30.8 31.1 31.5 31.4 31.9 32.3 32.2 32.6 33.4 34.1 33.8 34.4 34.6 35.0 35.2 0.00 0.00 0.00 0.00 0.00 0.00 0.00 0.00 0.00 
29.8 30.5 30.9 31.2 31.5 31.7 31.7 32.1 32.8 32.7 32.7 33.3 34.1 34.3 0.00 0.00 0.00 0.00 0.00 0.00 0.00 0.00 0.00 0.00 0.00 0.00 0.00 
29.9 30.5 31.0 31.4 31.4 31.2 31.6 32.4 32.8 33.1 33.4 33.3 33.9 33.9 33.7 0.00 0.00 0.00 0.00 0.00 0.00 0.00 0.00 0.00 0.00 0.00 0.00 
