2016_CCC_ARR_IFD/catchment_depth_5760min_05000aep.txt.asc
ncols         27
nrows         23
xllcorner     150.975
yllcorner     -33.6
cellsize      0.025
NODATA_value  -9999
245 242 255 262 253 243 238 249 259 277 300 306 305 325 328 336 322 306 312 318 321 329 336 336 335 335 334 
257 256 259 266 265 261 253 258 271 292 314 332 326 325 340 319 314 310 312 316 322 327 331 333 334 334 334 
251 262 273 272 267 267 266 267 288 299 314 325 320 313 336 347 332 324 319 318 322 326 328 331 334 334 334 
267 267 278 261 264 266 282 278 283 297 311 313 320 323 337 326 329 320 321 321 326 328 330 332 334 336 342 
269 268 279 263 271 277 284 289 303 322 314 306 327 318 333 324 334 325 326 330 330 330 330 333 335 339 339 
266 282 278 265 284 280 279 288 310 327 316 319 321 324 334 321 332 336 339 330 331 332 333 333 337 342 338 
260 273 269 273 291 282 291 301 318 337 327 324 315 343 336 322 332 340 339 335 334 335 335 336 339 344 349 
260 284 292 298 304 286 302 320 332 347 332 320 328 334 346 342 334 334 337 335 334 337 337 334 336 338 0.00 
270 293 295 308 303 301 301 334 335 354 360 345 338 337 346 341 337 337 337 338 339 336 336 335 336 336 0.00 
278 280 300 303 312 305 304 322 329 362 366 363 370 351 345 350 339 340 340 343 341 338 338 338 0.00 0.00 0.00 
279 284 291 287 318 310 318 339 351 375 384 361 357 377 364 364 349 345 343 343 342 341 342 342 342 0.00 0.00 
273 281 295 309 327 316 314 346 369 368 392 390 367 368 369 367 365 355 348 346 345 344 345 0.00 0.00 0.00 0.00 
278 293 305 320 326 319 314 354 370 360 388 387 396 366 369 366 361 362 353 350 349 347 0.00 0.00 0.00 0.00 0.00 
282 292 298 318 319 319 324 351 363 363 381 376 398 383 378 373 374 376 364 355 355 350 0.00 0.00 0.00 0.00 0.00 
276 286 293 312 325 333 324 339 366 359 368 384 396 381 377 377 379 380 378 365 367 0.00 0.00 0.00 0.00 0.00 0.00 
291 290 294 312 332 332 327 338 349 367 366 376 393 383 381 382 386 374 374 366 384 0.00 0.00 0.00 0.00 0.00 0.00 
297 299 297 305 318 343 341 330 359 370 366 367 385 382 382 382 378 375 366 362 0.00 0.00 0.00 0.00 0.00 0.00 0.00 
299 306 307 305 317 325 328 335 364 364 360 380 384 377 371 379 380 376 365 0.00 0.00 0.00 0.00 0.00 0.00 0.00 0.00 
300 309 323 329 338 347 334 351 367 359 364 370 378 364 365 368 371 373 371 0.00 0.00 0.00 0.00 0.00 0.00 0.00 0.00 
303 317 330 340 341 337 346 334 340 358 360 373 376 358 357 370 375 376 374 0.00 0.00 0.00 0.00 0.00 0.00 0.00 0.00 
313 334 331 335 339 345 337 344 351 338 342 358 373 351 361 360 365 362 0.00 0.00 0.00 0.00 0.00 0.00 0.00 0.00 0.00 
318 339 348 356 360 357 348 355 371 355 344 355 376 369 0.00 0.00 0.00 0.00 0.00 0.00 0.00 0.00 0.00 0.00 0.00 0.00 0.00 
326 345 357 367 359 346 350 367 373 371 371 354 367 354 338 0.00 0.00 0.00 0.00 0.00 0.00 0.00 0.00 0.00 0.00 0.00 0.00 
