2016_CCC_ARR_IFD/catchment_depth_1440min_50000aep.txt.asc
ncols         27
nrows         23
xllcorner     150.975
yllcorner     -33.6
cellsize      0.025
NODATA_value  -9999
75.7 75.2 78.8 80.8 79.0 76.8 75.9 78.6 81.1 85.9 91.5 93.2 93.0 98.0 98.6 101 96.9 92.2 93.6 94.9 95.5 97.3 98.9 98.8 99.0 99.3 99.6 
78.5 78.7 79.7 81.9 81.9 81.2 79.6 81.1 84.5 89.8 95.3 99.9 98.4 98.4 102 96.3 94.6 93.5 94.0 95.1 96.5 97.7 98.6 99.1 99.7 100 100 
77.0 80.0 83.1 83.3 82.5 83.0 82.9 83.6 89.0 92.1 95.8 98.4 97.4 95.3 101 104 99.7 97.0 96.3 96.1 97.3 98.2 99.0 99.7 101 101 101 
80.7 81.1 84.5 80.5 81.6 82.5 87.0 86.4 87.6 91.7 95.5 95.8 97.5 98.1 102 98.5 98.9 96.8 97.5 97.7 99.1 99.7 100 101 102 102 104 
81.1 81.3 84.7 81.0 83.5 85.2 87.5 89.0 93.3 98.4 96.5 93.6 99.6 96.5 101 98.0 101 98.6 99.3 100 101 101 101 102 103 104 104 
80.0 84.7 84.1 81.3 86.5 85.8 85.8 88.5 95.1 100 96.7 97.3 97.6 98.4 101 97.8 101 102 103 101 102 103 103 103 104 106 105 
78.3 82.2 81.7 83.1 88.2 86.2 89.0 91.8 96.9 103 99.4 98.5 96.0 104 102 99.0 101 104 104 103 104 104 104 105 106 107 108 
78.1 84.6 87.2 89.4 91.5 87.0 91.6 96.8 101 105 101 97.2 99.4 101 104 104 103 103 105 105 105 105 106 105 106 106 0.00 
80.3 86.6 87.8 91.7 90.8 90.8 91.0 100 101 106 108 104 102 102 105 104 104 105 105 106 106 106 106 106 107 107 0.00 
82.2 83.2 88.7 90.1 92.9 91.5 91.4 96.6 98.9 108 109 108 111 106 105 107 105 106 107 108 108 107 107 108 0.00 0.00 0.00 
82.1 83.9 86.2 85.7 94.1 92.4 95.0 101 104 111 114 108 107 113 110 110 108 108 108 108 108 108 109 109 109 0.00 0.00 
80.4 82.9 87.1 91.0 96.2 93.9 93.7 103 109 109 115 115 110 110 111 111 111 110 109 109 109 109 109 0.00 0.00 0.00 0.00 
81.5 85.6 89.2 93.7 95.8 94.5 93.8 104 109 107 114 115 117 110 111 110 110 111 110 110 110 110 0.00 0.00 0.00 0.00 0.00 
82.2 85.1 87.3 93.0 93.7 94.5 96.2 103 107 108 113 112 118 114 113 112 113 114 112 111 111 110 0.00 0.00 0.00 0.00 0.00 
80.9 83.6 86.0 91.3 95.2 97.9 96.3 100 108 106 109 114 117 114 112 112 114 115 115 113 114 0.00 0.00 0.00 0.00 0.00 0.00 
83.9 84.6 86.1 91.2 96.8 97.6 97.1 101 104 109 109 112 117 114 112 114 116 113 114 113 118 0.00 0.00 0.00 0.00 0.00 0.00 
85.3 86.3 86.8 89.6 93.5 100 101 98.6 107 110 109 109 115 113 112 113 113 113 112 111 0.00 0.00 0.00 0.00 0.00 0.00 0.00 
85.7 87.8 89.1 89.8 93.3 96.3 97.8 100 108 109 108 114 115 112 110 113 114 114 112 0.00 0.00 0.00 0.00 0.00 0.00 0.00 0.00 
86.0 88.6 92.7 95.2 98.3 101 99.6 105 109 108 110 112 114 109 109 110 112 113 113 0.00 0.00 0.00 0.00 0.00 0.00 0.00 0.00 
86.9 90.7 94.5 97.8 99.2 99.5 103 101 104 109 110 113 114 108 108 112 114 115 115 0.00 0.00 0.00 0.00 0.00 0.00 0.00 0.00 
89.3 94.7 94.8 96.9 98.9 102 101 104 107 104 105 110 114 107 110 110 112 111 0.00 0.00 0.00 0.00 0.00 0.00 0.00 0.00 0.00 
90.4 96.1 99.0 102 104 104 104 107 111 109 106 110 115 113 0.00 0.00 0.00 0.00 0.00 0.00 0.00 0.00 0.00 0.00 0.00 0.00 0.00 
92.4 97.5 101 104 104 102 104 110 112 113 113 110 113 110 105 0.00 0.00 0.00 0.00 0.00 0.00 0.00 0.00 0.00 0.00 0.00 0.00 
