2016_CCC_ARR_IFD/catchment_depth_1080min_50000aep.txt.asc
ncols         27
nrows         23
xllcorner     150.975
yllcorner     -33.6
cellsize      0.025
NODATA_value  -9999
67.0 66.7 69.5 71.2 69.9 68.3 67.7 69.9 72.1 76.0 80.6 82.0 82.0 86.0 86.7 88.5 85.7 82.4 83.6 84.8 85.4 86.9 88.3 88.4 88.6 89.0 89.4 
69.2 69.4 70.3 72.2 72.3 71.8 70.7 72.0 74.8 79.1 83.6 87.3 86.3 86.5 89.6 85.2 84.0 83.4 84.1 85.1 86.3 87.4 88.2 88.8 89.3 89.7 90.2 
68.0 70.5 73.0 73.3 72.8 73.3 73.4 74.0 78.5 81.0 84.1 86.3 85.7 84.1 88.9 91.4 88.1 86.1 86.0 86.1 87.1 88.0 88.7 89.4 90.3 90.7 91.1 
70.9 71.4 74.1 71.2 72.2 73.0 76.7 76.4 77.5 80.8 83.9 84.3 85.9 86.5 89.4 87.0 87.5 86.3 87.1 87.5 88.7 89.3 90.0 90.7 91.2 91.9 93.4 
71.3 71.6 74.3 71.6 73.7 75.2 77.2 78.5 82.0 86.1 84.8 82.8 87.6 85.4 88.8 86.9 89.0 87.9 88.7 89.8 90.3 90.6 90.9 91.7 92.2 93.3 93.8 
70.5 74.3 73.9 72.0 76.2 75.8 76.0 78.2 83.5 87.6 85.2 85.8 86.2 87.0 89.1 87.2 89.5 90.6 91.5 90.9 91.4 92.0 92.4 92.7 93.7 94.8 94.3 
69.3 72.4 72.2 73.4 77.5 76.2 78.6 81.0 85.1 89.6 87.4 86.9 85.3 91.3 90.0 88.4 90.4 92.3 92.8 92.6 92.9 93.3 93.7 94.0 94.8 96.0 97.0 
69.2 74.4 76.5 78.4 80.2 76.9 80.7 85.0 88.2 91.5 88.4 86.2 88.0 89.7 92.2 92.1 91.8 92.5 93.7 93.8 93.9 94.6 94.9 94.5 95.1 95.6 0.00 
70.9 76.0 77.1 80.3 79.8 80.0 80.4 87.8 88.4 92.9 94.5 91.5 90.4 90.7 92.9 92.9 93.2 94.1 94.7 95.2 95.5 95.2 95.3 95.5 95.8 95.8 0.00 
72.4 73.4 77.8 79.2 81.5 80.7 80.9 85.1 87.1 94.3 95.6 95.1 97.0 93.6 93.2 94.9 94.2 95.4 96.2 96.8 96.7 96.2 96.3 96.6 0.00 0.00 0.00 
72.4 74.0 76.0 75.8 82.5 81.5 83.7 88.6 91.5 96.8 99.2 94.7 94.4 98.9 96.9 97.6 96.2 96.6 97.1 97.1 97.0 97.0 97.5 98.0 98.1 0.00 0.00 
71.2 73.3 76.8 80.1 84.3 82.8 82.8 90.0 95.2 95.5 101 101 96.4 97.2 97.9 98.4 98.7 98.1 97.5 97.6 97.7 97.8 98.2 0.00 0.00 0.00 0.00 
72.2 75.5 78.5 82.2 84.1 83.4 83.0 91.4 95.3 93.7 99.9 100 102 96.8 97.9 98.0 97.9 99.1 98.1 98.1 98.3 98.4 0.00 0.00 0.00 0.00 0.00 
72.7 75.2 77.1 81.7 82.5 83.4 85.0 90.9 94.0 94.6 98.6 98.2 103 100 99.7 99.0 100 101 99.8 98.7 99.3 98.8 0.00 0.00 0.00 0.00 0.00 
71.9 74.2 76.3 80.5 83.8 86.2 85.3 88.7 94.7 93.8 96.2 99.9 103 100 98.6 99.4 101 102 102 100 101 0.00 0.00 0.00 0.00 0.00 0.00 
74.2 75.0 76.4 80.5 85.1 86.1 86.0 88.9 91.6 95.7 96.1 98.4 102 100 98.9 100 102 100 101 100 105 0.00 0.00 0.00 0.00 0.00 0.00 
75.2 76.3 77.1 79.5 82.8 88.2 88.9 87.5 93.9 96.6 96.4 96.5 101 100 98.5 99.6 99.8 100 99.4 99.2 0.00 0.00 0.00 0.00 0.00 0.00 0.00 
75.6 77.4 78.8 79.8 82.7 85.3 86.8 89.0 95.2 96.1 95.7 100 101 99.2 97.2 99.6 101 101 99.2 0.00 0.00 0.00 0.00 0.00 0.00 0.00 0.00 
76.1 78.3 81.7 83.9 86.6 89.3 88.3 92.6 96.2 95.7 97.2 98.7 101 96.5 96.7 97.8 99.3 100 101 0.00 0.00 0.00 0.00 0.00 0.00 0.00 0.00 
77.0 80.0 83.2 86.1 87.4 88.1 90.9 89.9 92.1 96.3 97.2 99.9 101 96.0 95.9 99.5 101 102 102 0.00 0.00 0.00 0.00 0.00 0.00 0.00 0.00 
79.0 83.3 83.7 85.5 87.4 89.7 89.8 92.5 95.1 92.5 93.6 97.6 101 95.3 97.9 97.8 99.2 98.8 0.00 0.00 0.00 0.00 0.00 0.00 0.00 0.00 0.00 
79.9 84.5 87.0 89.3 91.1 92.0 91.9 94.4 98.1 97.0 94.8 97.5 102 100 0.00 0.00 0.00 0.00 0.00 0.00 0.00 0.00 0.00 0.00 0.00 0.00 0.00 
81.6 85.7 88.7 91.4 91.2 90.2 92.4 96.6 98.7 99.4 100 97.6 100 97.9 93.8 0.00 0.00 0.00 0.00 0.00 0.00 0.00 0.00 0.00 0.00 0.00 0.00 
