2016_CCC_ARR_IFD/catchment_depth_90min_00500aep.txt.asc
ncols         27
nrows         23
xllcorner     150.975
yllcorner     -33.6
cellsize      0.025
NODATA_value  -9999
81.7 81.7 83.3 84.6 84.7 84.8 85.7 87.6 89.7 92.7 95.4 97.0 98.6 100 102 103 105 106 108 110 112 113 115 116 117 118 120 
82.6 83.0 83.8 85.3 86.2 86.9 87.6 89.4 91.8 94.8 97.0 98.6 100 102 103 105 106 108 110 112 113 115 116 117 119 120 121 
82.2 83.6 85.2 86.1 86.8 88.1 89.4 91.0 94.1 96.4 98.5 100 102 104 105 107 109 110 112 113 115 116 117 119 120 121 122 
83.3 84.0 85.9 85.2 86.7 88.3 91.4 92.8 94.9 97.6 100 102 104 106 107 109 111 112 114 115 116 118 119 120 121 122 123 
83.5 84.1 86.2 85.3 87.6 89.7 92.1 94.5 97.3 99.8 102 104 106 108 110 112 113 115 116 117 118 119 120 121 122 123 124 
83.1 85.4 86.0 85.5 89.2 90.3 92.3 95.1 98.9 101 104 106 108 111 113 114 116 117 118 119 119 121 122 122 124 125 125 
82.9 84.6 85.2 86.6 90.1 91.1 93.9 96.9 100 103 106 108 110 113 115 116 118 119 121 121 121 122 123 124 125 126 127 
83.2 85.7 87.6 89.7 91.8 92.0 95.4 99.1 102 105 107 109 113 116 118 119 120 121 122 123 123 124 125 125 126 126 0.00 
83.8 86.6 88.1 90.8 92.0 93.8 95.9 101 103 106 109 112 115 117 119 121 122 123 124 125 125 125 126 126 126 127 0.00 
84.5 85.8 88.7 90.5 93.1 94.5 96.6 101 104 108 111 113 115 118 120 122 123 125 126 127 127 126 127 127 0.00 0.00 0.00 
84.6 86.2 88.2 89.6 93.8 95.1 98.0 102 106 109 112 114 116 118 121 123 125 126 127 127 127 127 127 128 128 0.00 0.00 
84.3 86.1 88.5 91.3 94.7 95.8 97.7 103 107 110 113 115 117 119 122 124 125 126 127 127 127 127 128 0.00 0.00 0.00 0.00 
84.5 86.7 89.2 92.2 94.6 96.0 97.7 103 107 109 113 115 117 119 122 123 125 126 126 127 127 127 0.00 0.00 0.00 0.00 0.00 
84.6 86.5 88.6 91.9 93.8 95.8 98.3 103 106 109 112 114 117 119 121 123 125 127 127 127 127 127 0.00 0.00 0.00 0.00 0.00 
84.2 86.1 88.1 91.2 94.2 96.8 98.0 101 106 108 111 114 117 119 120 122 125 126 127 127 128 0.00 0.00 0.00 0.00 0.00 0.00 
84.6 86.1 88.0 91.0 94.5 96.4 97.7 101 104 108 110 113 116 118 120 122 124 124 126 126 127 0.00 0.00 0.00 0.00 0.00 0.00 
84.7 86.2 88.0 90.2 92.9 97.0 98.7 99.1 104 107 109 111 115 117 117 120 121 123 123 124 0.00 0.00 0.00 0.00 0.00 0.00 0.00 
84.7 86.4 88.4 89.8 92.4 94.8 96.6 98.9 104 106 107 112 114 115 115 118 121 122 122 0.00 0.00 0.00 0.00 0.00 0.00 0.00 0.00 
85.2 86.9 89.6 91.7 94.1 96.7 96.7 100 104 104 107 109 112 111 113 115 118 120 121 0.00 0.00 0.00 0.00 0.00 0.00 0.00 0.00 
85.4 87.7 90.1 92.6 94.3 95.1 97.6 97.3 99.4 103 105 109 111 109 111 115 117 119 120 0.00 0.00 0.00 0.00 0.00 0.00 0.00 0.00 
86.1 89.2 90.1 92.0 93.6 95.6 95.8 98.0 100 99.5 102 106 110 107 111 112 114 115 0.00 0.00 0.00 0.00 0.00 0.00 0.00 0.00 0.00 
86.3 89.8 91.8 93.8 95.7 96.8 96.7 98.9 103 102 101 104 109 109 0.00 0.00 0.00 0.00 0.00 0.00 0.00 0.00 0.00 0.00 0.00 0.00 0.00 
87.0 90.1 92.6 94.9 95.3 94.5 96.3 100 102 103 105 104 107 107 105 0.00 0.00 0.00 0.00 0.00 0.00 0.00 0.00 0.00 0.00 0.00 0.00 
