2016_CCC_ARR_IFD/catchment_depth_25min_00100aep.txt.asc
ncols         27
nrows         23
xllcorner     150.975
yllcorner     -33.6
cellsize      0.025
NODATA_value  -9999
70.2 70.0 71.2 72.1 72.0 71.9 72.6 74.2 75.9 78.0 79.8 81.1 82.5 83.3 84.7 85.7 88.5 91.6 93.1 94.5 95.7 96.8 97.8 98.6 99.4 100 101 
70.5 70.6 71.1 72.1 72.6 73.0 73.5 74.9 76.8 78.9 80.4 81.3 82.8 84.3 85.0 88.1 90.5 92.5 94.1 95.4 96.5 97.5 98.4 99.2 100 101 101 
69.7 70.6 71.9 72.2 72.5 73.3 74.2 75.5 77.8 79.5 81.0 82.3 83.8 85.8 86.4 87.1 90.5 93.3 94.9 96.3 97.2 98.1 98.9 99.7 100 101 102 
70.3 70.5 71.9 70.8 71.7 72.8 75.2 76.2 77.8 79.8 81.6 83.2 84.8 86.5 87.5 90.5 92.3 94.3 95.6 96.7 97.7 98.6 99.4 100 101 102 102 
70.1 70.1 71.6 70.3 71.9 73.4 75.2 76.8 79.0 80.8 82.3 84.3 85.6 88.2 89.2 92.0 93.3 95.0 96.1 97.2 98.1 98.9 99.7 101 101 102 103 
69.4 71.1 71.0 69.8 72.8 73.3 74.9 76.9 79.5 81.4 83.1 85.1 87.2 89.2 90.7 92.8 94.4 95.7 96.9 97.4 98.1 99.1 100 101 102 102 103 
69.1 69.9 69.8 70.5 73.1 73.6 75.6 77.7 80.1 82.0 83.8 86.0 88.4 89.2 91.8 93.3 95.0 96.3 97.4 97.9 98.6 99.5 100 101 102 103 103 
69.3 70.6 71.8 73.0 74.3 74.1 76.4 78.9 80.9 82.6 84.6 87.1 89.4 91.4 92.5 94.4 95.5 96.6 97.7 98.3 99.0 99.9 101 101 102 103 0.00 
69.6 71.4 72.0 73.7 74.1 75.1 76.7 79.7 81.3 83.3 84.9 87.3 90.2 92.1 93.6 94.8 95.9 97.0 97.9 98.8 99.5 100 101 101 102 103 0.00 
70.0 70.6 72.4 73.3 74.9 75.6 77.2 79.5 81.6 83.9 85.7 87.6 89.1 92.3 93.7 95.2 95.9 97.2 98.3 99.1 99.7 100 101 102 0.00 0.00 0.00 
70.1 71.0 72.0 72.8 75.3 76.1 77.9 80.3 82.3 84.4 85.9 88.1 90.3 91.1 93.7 95.2 96.4 97.3 98.3 99.0 99.6 100 101 102 102 0.00 0.00 
70.0 70.9 72.3 74.0 75.9 76.5 77.9 80.7 82.9 84.6 86.5 88.1 90.2 92.0 93.7 95.2 96.5 97.4 97.9 98.7 99.3 100 101 0.00 0.00 0.00 0.00 
70.1 71.5 72.9 74.6 75.9 76.7 77.9 80.9 82.9 84.4 86.5 88.1 89.4 91.9 93.6 94.9 95.9 97.2 97.6 98.3 99.0 99.6 0.00 0.00 0.00 0.00 0.00 
70.2 71.5 72.6 74.5 75.5 76.7 78.2 80.7 82.7 84.3 86.3 88.0 89.2 91.4 93.2 94.6 95.9 97.0 97.5 97.9 98.7 99.1 0.00 0.00 0.00 0.00 0.00 
69.9 71.0 72.2 74.2 75.8 77.2 78.1 80.1 82.6 84.0 85.9 87.7 89.1 91.1 92.7 94.1 95.4 96.4 97.3 97.6 98.5 0.00 0.00 0.00 0.00 0.00 0.00 
70.7 71.2 72.2 74.1 76.0 77.0 77.9 79.8 81.6 83.8 85.4 87.2 88.7 90.5 92.3 93.6 94.7 95.4 96.4 96.8 97.8 0.00 0.00 0.00 0.00 0.00 0.00 
71.0 71.8 72.2 73.5 75.1 77.3 78.4 78.9 81.7 83.4 84.8 86.3 88.2 89.8 90.7 92.4 93.5 94.6 95.0 95.6 0.00 0.00 0.00 0.00 0.00 0.00 0.00 
71.0 72.0 72.7 73.1 74.6 76.1 77.2 78.7 81.5 82.8 83.8 86.1 87.6 88.8 89.3 91.4 92.7 93.7 93.9 0.00 0.00 0.00 0.00 0.00 0.00 0.00 0.00 
70.6 71.9 73.3 74.3 75.6 77.0 77.1 79.2 81.2 81.9 83.4 85.0 86.6 86.9 88.2 89.6 91.2 92.5 93.3 0.00 0.00 0.00 0.00 0.00 0.00 0.00 0.00 
70.5 72.0 73.3 74.6 75.4 75.9 77.4 77.6 79.0 81.3 82.5 84.5 85.8 85.7 86.8 89.0 90.4 91.5 92.4 0.00 0.00 0.00 0.00 0.00 0.00 0.00 0.00 
70.7 72.5 72.9 73.9 74.8 76.0 76.3 77.7 79.2 79.3 80.7 82.9 84.9 84.5 86.4 87.4 88.8 89.7 0.00 0.00 0.00 0.00 0.00 0.00 0.00 0.00 0.00 
70.5 72.4 73.5 74.6 75.5 76.2 76.5 77.9 79.9 80.0 80.2 82.1 84.4 85.1 0.00 0.00 0.00 0.00 0.00 0.00 0.00 0.00 0.00 0.00 0.00 0.00 0.00 
70.5 72.2 73.4 74.7 75.0 74.8 76.0 78.1 79.5 80.4 81.4 81.5 83.3 83.5 83.3 0.00 0.00 0.00 0.00 0.00 0.00 0.00 0.00 0.00 0.00 0.00 0.00 
