2016_CCC_ARR_IFD/catchment_depth_8640min_00050aep.txt.asc
ncols         27
nrows         23
xllcorner     150.975
yllcorner     -33.6
cellsize      0.025
NODATA_value  -9999
525 520 548 564 549 531 523 547 571 611 658 674 677 717 726 746 730 719 738 754 764 780 793 792 789 787 784 
549 549 555 573 572 565 553 566 596 640 686 724 716 720 751 722 724 729 741 756 770 779 785 786 787 785 784 
537 560 584 584 576 579 579 585 629 655 687 711 708 701 745 770 752 751 756 763 771 776 779 783 788 787 785 
567 569 595 560 568 575 610 607 619 652 683 690 709 720 749 740 752 748 759 765 777 779 782 785 786 790 802 
572 570 596 564 583 596 614 626 658 699 689 679 723 713 746 739 762 755 764 776 779 780 780 784 787 795 796 
562 598 591 567 607 601 603 624 672 709 693 704 713 725 748 732 760 773 783 772 777 781 782 783 791 800 790 
549 578 572 582 620 604 626 649 686 727 712 713 701 759 753 733 757 778 782 777 778 781 783 784 792 803 812 
548 598 617 632 647 611 646 685 714 747 722 704 724 742 769 767 759 763 774 774 774 781 783 778 782 786 0.00 
566 616 622 651 642 641 643 714 718 760 777 751 742 745 768 764 761 765 768 774 778 775 775 776 779 778 0.00 
582 588 630 639 659 647 646 687 705 775 788 783 803 770 762 778 760 765 770 779 779 774 775 777 0.00 0.00 0.00 
581 593 610 602 668 653 673 720 747 800 822 777 773 818 797 801 776 771 771 774 774 774 779 782 783 0.00 0.00 
566 584 616 646 686 664 661 732 783 783 835 835 789 796 802 803 802 786 775 775 776 777 780 0.00 0.00 0.00 0.00 
575 607 634 667 682 668 660 744 781 762 824 826 846 788 797 795 789 796 782 779 780 779 0.00 0.00 0.00 0.00 0.00 
580 603 617 661 663 665 677 735 764 766 806 799 847 818 811 804 810 819 799 784 787 781 0.00 0.00 0.00 0.00 0.00 
567 587 604 646 674 692 675 706 767 753 775 811 838 810 803 808 815 823 822 799 807 0.00 0.00 0.00 0.00 0.00 0.00 
595 595 603 643 686 687 677 703 726 766 767 788 828 809 808 814 825 805 809 796 838 0.00 0.00 0.00 0.00 0.00 0.00 
608 612 607 626 654 707 704 682 746 768 763 767 806 801 805 808 803 802 789 783 0.00 0.00 0.00 0.00 0.00 0.00 0.00 
611 624 627 624 648 667 674 689 753 754 747 791 801 790 780 799 803 799 782 0.00 0.00 0.00 0.00 0.00 0.00 0.00 0.00 
610 629 659 672 692 711 683 722 757 739 752 767 786 759 763 772 783 789 790 0.00 0.00 0.00 0.00 0.00 0.00 0.00 0.00 
615 645 671 693 697 687 707 684 697 735 741 771 780 742 745 774 787 793 793 0.00 0.00 0.00 0.00 0.00 0.00 0.00 0.00 
635 678 672 682 690 703 688 703 719 692 702 737 770 725 748 749 763 760 0.00 0.00 0.00 0.00 0.00 0.00 0.00 0.00 0.00 
642 689 706 722 732 728 708 724 758 727 704 729 774 761 0.00 0.00 0.00 0.00 0.00 0.00 0.00 0.00 0.00 0.00 0.00 0.00 0.00 
659 698 724 745 730 702 713 749 762 759 760 726 753 728 697 0.00 0.00 0.00 0.00 0.00 0.00 0.00 0.00 0.00 0.00 0.00 0.00 
