2016_CCC_ARR_IFD/catchment_depth_8640min_00200aep.txt.asc
ncols         27
nrows         23
xllcorner     150.975
yllcorner     -33.6
cellsize      0.025
NODATA_value  -9999
440 435 459 472 458 442 435 455 474 507 547 559 561 595 598 614 597 585 599 608 615 629 641 640 638 637 635 
461 460 465 480 478 472 461 471 496 532 571 603 595 597 619 594 592 592 600 608 619 628 633 635 637 636 635 
451 470 490 489 482 483 483 487 524 545 572 591 587 579 617 634 619 614 609 613 620 626 629 633 638 638 635 
477 478 499 469 475 480 510 506 515 542 568 573 588 596 620 609 618 610 613 617 626 629 632 636 637 641 649 
481 479 501 473 488 499 513 523 549 583 573 563 600 589 616 608 627 617 619 628 631 632 631 636 639 644 645 
473 503 497 476 509 503 504 521 561 592 577 584 591 600 619 602 624 634 637 627 630 634 635 634 641 649 642 
462 487 481 489 520 507 525 543 574 608 594 593 581 630 623 604 623 640 637 632 633 636 638 636 643 653 661 
462 504 519 532 544 513 542 574 598 625 602 585 601 616 637 634 625 627 632 631 631 637 637 633 637 640 0.00 
478 520 525 548 540 539 540 599 602 636 650 627 618 619 638 632 629 627 629 633 636 631 632 633 635 635 0.00 
492 496 532 538 555 544 543 577 592 649 660 655 670 641 633 646 629 633 632 639 639 633 633 635 0.00 0.00 0.00 
492 502 515 508 563 550 567 605 628 672 690 650 647 683 665 667 645 639 634 636 636 634 638 641 642 0.00 0.00 
480 495 521 546 580 561 557 616 659 659 702 701 661 666 670 670 668 653 643 639 639 637 640 0.00 0.00 0.00 0.00 
488 515 536 565 577 564 557 628 658 641 693 694 710 661 668 665 659 663 650 647 643 642 0.00 0.00 0.00 0.00 0.00 
493 511 523 560 561 563 572 621 644 646 679 673 712 687 681 674 678 684 666 653 655 644 0.00 0.00 0.00 0.00 0.00 
482 499 513 548 572 586 571 597 648 636 654 684 705 682 675 679 684 689 688 667 673 0.00 0.00 0.00 0.00 0.00 0.00 
506 506 513 546 582 583 574 595 615 648 649 666 698 683 681 685 693 675 678 666 700 0.00 0.00 0.00 0.00 0.00 0.00 
517 521 517 533 556 600 598 579 632 651 646 649 681 677 681 682 676 675 662 656 0.00 0.00 0.00 0.00 0.00 0.00 0.00 
520 531 534 531 551 567 573 585 638 640 633 670 678 668 660 675 677 673 657 0.00 0.00 0.00 0.00 0.00 0.00 0.00 0.00 
520 536 561 572 588 604 581 613 643 628 638 651 666 643 646 653 661 666 665 0.00 0.00 0.00 0.00 0.00 0.00 0.00 0.00 
525 549 572 590 593 585 602 582 593 625 630 654 661 629 631 655 665 670 669 0.00 0.00 0.00 0.00 0.00 0.00 0.00 0.00 
542 578 573 581 588 599 586 599 612 589 597 626 654 615 635 635 645 642 0.00 0.00 0.00 0.00 0.00 0.00 0.00 0.00 0.00 
548 587 602 616 623 620 604 616 646 619 599 620 658 646 0.00 0.00 0.00 0.00 0.00 0.00 0.00 0.00 0.00 0.00 0.00 0.00 0.00 
563 596 618 635 623 599 607 638 649 646 647 617 640 619 592 0.00 0.00 0.00 0.00 0.00 0.00 0.00 0.00 0.00 0.00 0.00 0.00 
