2016_CCC_ARR_IFD/catchment_depth_30min_02000aep.txt.asc
ncols         27
nrows         23
xllcorner     150.975
yllcorner     -33.6
cellsize      0.025
NODATA_value  -9999
46.2 46.1 46.8 47.4 47.1 46.8 47.1 48.0 49.0 50.5 52.0 52.7 53.3 54.2 54.8 55.4 56.2 56.5 57.2 57.9 58.5 59.2 59.9 60.3 60.8 61.2 61.7 
46.6 46.7 46.9 47.6 47.8 47.8 47.9 48.6 49.8 51.4 52.6 53.5 54.0 54.6 55.3 56.0 56.5 57.1 57.7 58.3 58.9 59.5 60.1 60.6 61.1 61.6 62.0 
46.2 46.8 47.6 47.8 47.8 48.2 48.6 49.2 50.8 51.9 53.0 53.8 54.4 55.0 55.9 56.5 57.4 58.1 58.4 58.7 59.3 59.8 60.4 60.9 61.4 61.9 62.4 
46.8 46.9 47.8 46.9 47.4 48.0 49.5 49.9 50.8 52.1 53.3 54.0 54.9 55.7 56.5 57.3 58.1 58.4 58.9 59.2 59.8 60.2 60.8 61.3 61.7 62.3 62.8 
46.8 46.8 47.8 46.8 47.7 48.6 49.6 50.5 51.9 53.2 53.7 54.4 55.5 56.4 57.2 58.1 58.9 59.1 59.5 59.9 60.2 60.6 61.1 61.6 62.1 62.6 63.1 
46.6 47.6 47.5 46.7 48.5 48.7 49.5 50.7 52.4 53.7 54.2 55.2 56.2 57.2 58.0 58.5 59.4 60.0 60.5 60.3 60.6 61.0 61.5 61.9 62.5 63.0 63.3 
46.5 47.0 46.9 47.3 49.0 49.0 50.2 51.5 53.0 54.3 55.0 55.9 56.8 57.8 58.9 59.0 59.9 60.6 60.9 60.9 61.1 61.5 61.9 62.3 62.8 63.4 63.8 
46.9 47.7 48.4 49.1 49.9 49.6 51.0 52.6 53.8 54.9 55.6 56.5 57.8 58.8 59.6 60.2 60.4 60.8 61.3 61.5 61.6 62.0 62.4 62.6 63.0 63.4 0.00 
47.3 48.3 48.8 49.8 50.0 50.5 51.3 53.4 54.2 55.5 56.5 57.3 58.6 59.4 60.3 60.7 61.0 61.4 61.8 62.1 62.3 62.4 62.7 62.9 63.3 63.5 0.00 
47.7 48.1 49.2 49.8 50.7 51.0 51.8 53.2 54.4 56.1 57.1 58.0 58.8 60.0 60.5 61.3 61.3 61.9 62.4 62.7 62.8 62.8 63.0 63.3 0.00 0.00 0.00 
48.0 48.5 49.1 49.6 51.2 51.5 52.5 54.1 55.3 56.7 57.6 58.4 59.4 60.1 61.1 61.8 62.0 62.4 62.7 62.9 63.0 63.1 63.4 63.6 63.8 0.00 0.00 
48.2 48.7 49.6 50.5 51.8 52.0 52.7 54.5 56.0 56.9 58.2 59.0 59.7 60.6 61.4 62.1 62.6 62.8 62.9 63.1 63.2 63.4 63.6 0.00 0.00 0.00 0.00 
48.5 49.3 50.1 51.2 51.9 52.3 52.9 55.0 56.2 56.9 58.3 59.1 59.9 60.7 61.5 62.1 62.5 63.0 63.0 63.2 63.4 63.5 0.00 0.00 0.00 0.00 0.00 
48.8 49.4 50.1 51.3 51.9 52.5 53.4 55.0 56.2 57.1 58.3 59.1 60.1 60.9 61.8 62.3 62.9 63.4 63.4 63.3 63.6 63.6 0.00 0.00 0.00 0.00 0.00 
48.8 49.4 50.1 51.2 52.2 53.1 53.5 54.7 56.3 57.0 58.1 59.2 60.1 61.0 61.7 62.4 63.0 63.5 63.8 63.6 64.0 0.00 0.00 0.00 0.00 0.00 0.00 
49.3 49.7 50.2 51.4 52.6 53.2 53.6 54.7 55.8 57.2 58.0 59.1 60.1 60.9 61.7 62.4 63.0 63.1 63.6 63.5 64.3 0.00 0.00 0.00 0.00 0.00 0.00 
49.6 50.1 50.4 51.1 52.1 53.6 54.1 54.2 56.1 57.2 57.9 58.6 60.0 60.7 61.1 62.0 62.5 63.0 62.9 63.1 0.00 0.00 0.00 0.00 0.00 0.00 0.00 
49.8 50.4 50.8 51.1 52.0 52.9 53.5 54.3 56.2 56.9 57.4 58.9 59.8 60.3 60.4 61.6 62.4 62.8 62.6 0.00 0.00 0.00 0.00 0.00 0.00 0.00 0.00 
49.8 50.5 51.4 52.1 52.9 53.7 53.6 55.0 56.2 56.5 57.4 58.4 59.4 59.3 59.9 60.8 61.7 62.3 62.7 0.00 0.00 0.00 0.00 0.00 0.00 0.00 0.00 
49.8 50.7 51.6 52.4 52.9 53.2 54.1 53.9 54.8 56.3 57.0 58.3 59.1 58.8 59.4 60.8 61.6 62.1 62.5 0.00 0.00 0.00 0.00 0.00 0.00 0.00 0.00 
50.1 51.3 51.5 52.1 52.7 53.4 53.4 54.3 55.2 55.0 55.9 57.4 58.8 58.3 59.5 60.0 60.8 61.1 0.00 0.00 0.00 0.00 0.00 0.00 0.00 0.00 0.00 
50.1 51.4 52.1 52.8 53.4 53.8 53.8 54.6 56.0 55.8 55.8 57.1 58.7 59.0 0.00 0.00 0.00 0.00 0.00 0.00 0.00 0.00 0.00 0.00 0.00 0.00 0.00 
50.2 51.4 52.2 53.0 53.2 52.9 53.7 55.1 55.9 56.4 57.1 57.0 58.2 58.3 57.9 0.00 0.00 0.00 0.00 0.00 0.00 0.00 0.00 0.00 0.00 0.00 0.00 
