2016_CCC_ARR_IFD/catchment_depth_2880min_63212aep.txt.asc
ncols         27
nrows         23
xllcorner     150.975
yllcorner     -33.6
cellsize      0.025
NODATA_value  -9999
88.5 87.5 92.4 94.9 92.0 88.5 86.7 90.1 93.2 99.6 107 109 108 115 115 117 111 103 104 106 106 108 110 110 110 110 110 
92.4 92.4 93.5 96.4 96.0 94.5 91.7 93.3 97.8 105 112 118 115 115 120 110 107 104 104 105 107 108 109 110 110 111 111 
89.9 94.0 98.2 98.1 96.6 96.7 96.2 96.5 104 108 113 116 114 110 118 122 114 110 107 106 108 109 109 110 111 112 112 
95.1 95.4 99.9 93.7 94.8 95.6 102 100 101 107 112 112 113 114 118 113 113 108 109 108 110 110 111 112 112 113 115 
95.5 95.3 99.8 93.9 97.1 99.2 102 104 109 116 113 108 116 111 116 111 115 110 111 112 112 112 112 113 113 115 115 
93.5 100 98.6 94.0 101 99.6 98.9 102 112 118 113 113 112 113 116 110 114 115 116 112 113 113 114 114 115 117 116 
90.7 96.0 94.7 96.2 103 99.5 103 107 114 121 116 114 109 120 117 111 114 117 116 115 114 115 115 115 117 119 120 
90.1 99.2 102 105 108 100 106 113 119 124 117 111 114 116 120 118 115 115 116 116 115 116 117 116 117 117 0.00 
93.0 102 103 108 106 105 105 118 118 125 127 121 117 116 120 118 116 117 117 117 117 117 117 117 117 117 0.00 
95.5 96.4 104 105 109 106 105 112 115 127 128 126 129 121 119 121 117 118 118 119 119 118 118 119 0.00 0.00 0.00 
95.0 97.1 99.9 98.3 110 107 110 118 122 131 134 125 123 131 126 126 121 120 119 119 119 119 120 121 121 0.00 0.00 
92.2 95.2 101 106 113 109 107 120 128 127 135 135 126 127 127 127 126 123 121 121 121 121 121 0.00 0.00 0.00 0.00 
93.6 99.0 103 109 112 109 107 122 127 124 134 134 137 126 127 126 124 125 123 122 122 122 0.00 0.00 0.00 0.00 0.00 
94.2 98.0 100 108 108 108 110 120 124 124 131 129 137 132 130 128 129 130 126 124 124 123 0.00 0.00 0.00 0.00 0.00 
91.9 95.3 98.1 105 110 113 110 115 125 122 126 132 136 131 129 129 130 132 131 127 128 0.00 0.00 0.00 0.00 0.00 0.00 
96.2 96.4 97.8 105 112 112 111 115 119 125 125 129 135 132 130 131 133 129 130 127 135 0.00 0.00 0.00 0.00 0.00 0.00 
98.0 98.9 98.4 102 107 115 115 112 122 126 125 125 132 131 130 131 130 130 127 126 0.00 0.00 0.00 0.00 0.00 0.00 0.00 
98.2 101 101 101 106 109 111 113 124 124 123 130 132 129 127 130 131 130 127 0.00 0.00 0.00 0.00 0.00 0.00 0.00 0.00 
97.8 101 106 109 112 116 112 119 125 123 125 127 131 125 125 127 129 130 129 0.00 0.00 0.00 0.00 0.00 0.00 0.00 0.00 
98.5 103 108 112 113 113 117 114 116 123 124 129 130 123 123 129 131 131 131 0.00 0.00 0.00 0.00 0.00 0.00 0.00 0.00 
101 109 108 110 112 115 114 117 120 116 118 124 130 122 126 125 127 127 0.00 0.00 0.00 0.00 0.00 0.00 0.00 0.00 0.00 
103 110 114 117 119 119 117 121 127 123 119 124 131 129 0.00 0.00 0.00 0.00 0.00 0.00 0.00 0.00 0.00 0.00 0.00 0.00 0.00 
105 111 116 120 119 116 118 125 128 128 129 124 129 125 119 0.00 0.00 0.00 0.00 0.00 0.00 0.00 0.00 0.00 0.00 0.00 0.00 
