2016_CCC_ARR_IFD/catchment_depth_2min_50000aep.txt.asc
ncols         27
nrows         23
xllcorner     150.975
yllcorner     -33.6
cellsize      0.025
NODATA_value  -9999
3.42 3.41 3.43 3.45 3.43 3.41 3.41 3.45 3.49 3.57 3.66 3.69 3.71 3.77 3.80 3.83 3.83 3.89 3.93 3.98 4.02 4.06 4.09 4.14 4.18 4.21 4.25 
3.44 3.44 3.44 3.46 3.47 3.47 3.46 3.49 3.54 3.62 3.70 3.75 3.77 3.79 3.84 3.82 3.85 3.93 3.98 4.02 4.06 4.10 4.13 4.17 4.20 4.24 4.27 
3.44 3.45 3.48 3.48 3.48 3.50 3.51 3.53 3.61 3.66 3.72 3.76 3.77 3.78 3.85 3.89 3.89 3.93 4.01 4.06 4.10 4.14 4.17 4.20 4.23 4.26 4.30 
3.46 3.46 3.49 3.47 3.48 3.51 3.56 3.58 3.61 3.67 3.72 3.75 3.79 3.82 3.87 3.88 3.92 4.00 4.05 4.10 4.14 4.17 4.20 4.23 4.26 4.29 4.31 
3.46 3.47 3.50 3.48 3.51 3.54 3.58 3.62 3.68 3.74 3.75 3.76 3.83 3.84 3.89 3.92 3.96 4.04 4.10 4.14 4.18 4.21 4.24 4.26 4.29 4.31 4.34 
3.47 3.50 3.51 3.50 3.55 3.57 3.60 3.64 3.71 3.78 3.77 3.80 3.84 3.88 3.92 4.00 4.02 4.07 4.12 4.19 4.23 4.25 4.27 4.29 4.31 4.33 4.36 
3.49 3.50 3.51 3.53 3.58 3.59 3.64 3.68 3.75 3.82 3.82 3.84 3.89 3.93 3.96 4.06 4.09 4.12 4.18 4.24 4.27 4.29 4.30 4.32 4.34 4.36 4.38 
3.51 3.52 3.55 3.59 3.62 3.63 3.67 3.74 3.80 3.86 3.85 3.87 3.92 3.96 4.00 4.06 4.15 4.22 4.25 4.29 4.31 4.32 4.33 4.35 4.36 4.38 0.00 
3.52 3.55 3.57 3.62 3.64 3.67 3.70 3.79 3.82 3.89 3.93 3.93 3.95 4.01 4.05 4.13 4.21 4.27 4.32 4.34 4.35 4.36 4.36 4.37 4.38 4.40 0.00 
3.54 3.56 3.60 3.63 3.67 3.69 3.73 3.78 3.83 3.93 3.97 3.99 4.03 4.04 4.11 4.16 4.27 4.33 4.38 4.38 4.38 4.38 4.38 4.38 0.00 0.00 0.00 
3.56 3.58 3.61 3.64 3.70 3.72 3.76 3.83 3.89 3.98 4.02 4.00 4.03 4.09 4.12 4.17 4.28 4.36 4.41 4.41 4.41 4.41 4.40 4.40 4.41 0.00 0.00 
3.58 3.60 3.63 3.67 3.73 3.75 3.78 3.86 3.95 3.98 4.07 4.09 4.06 4.10 4.15 4.20 4.26 4.35 4.40 4.41 4.42 4.42 4.42 0.00 0.00 0.00 0.00 
3.59 3.61 3.65 3.70 3.74 3.77 3.81 3.89 3.96 3.97 4.07 4.10 4.14 4.13 4.18 4.23 4.30 4.34 4.39 4.41 4.43 4.44 0.00 0.00 0.00 0.00 0.00 
3.61 3.63 3.66 3.71 3.75 3.79 3.83 3.90 3.96 3.99 4.06 4.08 4.16 4.16 4.19 4.24 4.29 4.33 4.38 4.41 4.43 4.45 0.00 0.00 0.00 0.00 0.00 
3.64 3.65 3.68 3.72 3.77 3.82 3.85 3.90 3.98 4.00 4.05 4.12 4.17 4.17 4.20 4.25 4.29 4.34 4.37 4.41 4.44 0.00 0.00 0.00 0.00 0.00 0.00 
3.63 3.66 3.70 3.73 3.79 3.83 3.87 3.92 3.97 4.03 4.07 4.12 4.18 4.19 4.20 4.25 4.31 4.35 4.39 4.42 4.45 0.00 0.00 0.00 0.00 0.00 0.00 
3.63 3.66 3.72 3.76 3.80 3.86 3.90 3.93 4.00 4.06 4.09 4.12 4.19 4.20 4.21 4.26 4.31 4.35 4.39 4.43 0.00 0.00 0.00 0.00 0.00 0.00 0.00 
3.64 3.67 3.72 3.78 3.82 3.87 3.91 3.96 4.03 4.07 4.10 4.17 4.21 4.22 4.24 4.29 4.33 4.37 4.41 0.00 0.00 0.00 0.00 0.00 0.00 0.00 0.00 
3.69 3.70 3.75 3.80 3.85 3.90 3.94 3.99 4.05 4.09 4.13 4.18 4.23 4.23 4.27 4.31 4.35 4.39 4.43 0.00 0.00 0.00 0.00 0.00 0.00 0.00 0.00 
3.71 3.74 3.78 3.83 3.87 3.91 3.96 4.00 4.05 4.11 4.16 4.22 4.26 4.26 4.30 4.35 4.40 4.43 4.46 0.00 0.00 0.00 0.00 0.00 0.00 0.00 0.00 
3.73 3.77 3.80 3.84 3.89 3.94 3.98 4.03 4.09 4.12 4.17 4.23 4.29 4.29 4.35 4.38 4.42 4.45 0.00 0.00 0.00 0.00 0.00 0.00 0.00 0.00 0.00 
3.76 3.80 3.84 3.88 3.93 3.97 4.01 4.07 4.13 4.17 4.20 4.27 4.33 4.37 0.00 0.00 0.00 0.00 0.00 0.00 0.00 0.00 0.00 0.00 0.00 0.00 0.00 
3.78 3.82 3.86 3.91 3.94 3.98 4.04 4.10 4.17 4.22 4.27 4.31 4.37 4.39 4.40 0.00 0.00 0.00 0.00 0.00 0.00 0.00 0.00 0.00 0.00 0.00 0.00 
