2016_CCC_ARR_IFD/catchment_depth_270min_05000aep.txt.asc
ncols         27
nrows         23
xllcorner     150.975
yllcorner     -33.6
cellsize      0.025
NODATA_value  -9999
74.6 74.7 76.8 78.4 78.2 77.8 78.4 80.5 82.7 86.1 89.8 91.5 92.4 95.3 96.6 98.3 98.0 97.0 98.8 101 102 104 106 106 107 109 110 
75.9 76.5 77.5 79.3 80.0 80.5 80.7 82.3 85.0 88.6 91.9 94.3 95.2 96.3 98.4 97.4 96.8 98.2 99.8 101 103 104 106 107 108 109 110 
75.5 77.3 79.3 80.2 80.7 81.8 82.8 84.1 87.8 90.3 92.9 94.9 95.8 95.9 99.3 101 101 99.5 101 103 104 105 107 108 109 110 111 
77.1 78.0 80.2 79.2 80.6 82.0 85.3 86.1 87.8 90.9 93.7 94.9 96.8 98.1 100 99.9 101 101 103 104 105 106 108 109 110 111 112 
77.5 78.3 80.6 79.6 81.8 83.8 86.0 87.9 91.1 94.4 95.0 95.0 98.6 98.5 101 101 103 103 104 106 107 108 109 110 111 112 113 
77.3 80.0 80.6 80.0 83.7 84.5 85.8 88.3 92.7 96.0 96.1 97.6 99.1 101 103 102 104 106 107 107 108 109 110 111 112 113 113 
76.9 79.2 79.8 81.3 84.9 85.1 87.8 90.5 94.3 97.8 98.2 99.2 99.4 104 104 104 106 108 109 109 110 110 111 112 113 114 115 
77.3 80.5 82.6 84.7 86.9 86.0 89.6 93.5 96.7 99.6 99.6 99.5 102 104 107 108 108 110 111 111 111 112 112 112 113 114 0.00 
78.2 81.7 83.2 86.1 87.0 88.3 89.8 95.7 97.5 101 103 103 104 106 108 109 110 112 113 113 113 113 113 113 114 114 0.00 
79.2 80.6 83.9 85.8 88.3 89.1 90.4 94.4 97.1 103 105 106 108 108 109 111 112 114 115 115 115 114 114 114 0.00 0.00 0.00 
79.4 81.1 83.2 84.2 89.2 89.8 92.5 97.0 100 105 107 106 107 111 111 112 113 115 116 116 115 115 115 115 115 0.00 0.00 
79.1 81.0 83.7 86.7 90.5 90.8 92.0 98.0 103 104 109 110 109 110 112 113 115 115 116 116 115 115 115 0.00 0.00 0.00 0.00 
79.6 82.1 84.8 88.1 90.4 91.2 92.2 99.0 103 103 109 110 112 110 112 113 114 116 115 116 116 116 0.00 0.00 0.00 0.00 0.00 
79.9 82.0 84.1 87.9 89.6 91.3 93.5 98.6 102 104 108 108 112 112 113 113 115 116 116 116 116 116 0.00 0.00 0.00 0.00 0.00 
79.8 81.7 83.8 87.2 90.3 93.0 93.5 96.9 102 103 106 109 112 112 112 113 115 117 117 116 117 0.00 0.00 0.00 0.00 0.00 0.00 
80.6 82.1 84.0 87.2 91.1 92.9 93.8 96.8 99.7 104 105 108 112 111 111 113 115 115 116 116 119 0.00 0.00 0.00 0.00 0.00 0.00 
81.0 82.5 84.4 86.7 89.6 94.2 95.6 95.4 101 104 105 106 110 110 110 112 113 114 114 114 0.00 0.00 0.00 0.00 0.00 0.00 0.00 
81.3 83.1 85.2 86.8 89.6 92.1 93.8 96.0 102 103 103 108 110 109 108 111 113 114 113 0.00 0.00 0.00 0.00 0.00 0.00 0.00 0.00 
82.4 84.1 87.1 89.4 92.2 94.8 94.6 98.5 102 102 104 106 109 106 107 109 111 113 114 0.00 0.00 0.00 0.00 0.00 0.00 0.00 0.00 
83.2 85.7 88.4 91.1 92.8 93.7 96.4 95.8 97.9 102 103 107 108 105 106 110 112 113 114 0.00 0.00 0.00 0.00 0.00 0.00 0.00 0.00 
84.7 88.0 89.0 90.9 92.8 94.9 95.0 97.4 99.8 98.1 99.7 104 107 104 107 107 110 110 0.00 0.00 0.00 0.00 0.00 0.00 0.00 0.00 0.00 
85.5 89.3 91.5 93.7 95.6 96.7 96.6 98.9 103 101 100 103 108 107 0.00 0.00 0.00 0.00 0.00 0.00 0.00 0.00 0.00 0.00 0.00 0.00 0.00 
86.8 90.3 93.0 95.5 95.8 94.8 96.8 101 103 104 105 103 106 105 102 0.00 0.00 0.00 0.00 0.00 0.00 0.00 0.00 0.00 0.00 0.00 0.00 
