2016_CCC_ARR_IFD/catchment_depth_45min_98168aep.txt.asc
ncols         27
nrows         23
xllcorner     150.975
yllcorner     -33.6
cellsize      0.025
NODATA_value  -9999
11.1 11.0 11.2 11.3 11.2 11.0 11.0 11.2 11.4 11.7 12.0 12.1 12.2 12.5 12.6 12.7 12.6 12.6 12.7 12.9 13.0 13.2 13.3 13.4 13.6 13.7 13.8 
11.2 11.2 11.2 11.3 11.3 11.3 11.2 11.3 11.6 11.9 12.2 12.5 12.5 12.5 12.7 12.5 12.6 12.7 12.8 13.0 13.1 13.3 13.4 13.5 13.6 13.8 13.9 
11.1 11.2 11.4 11.4 11.4 11.4 11.4 11.5 11.8 12.0 12.3 12.4 12.4 12.4 12.7 12.9 12.8 12.8 13.0 13.1 13.2 13.4 13.5 13.6 13.7 13.8 14.0 
11.3 11.3 11.4 11.3 11.3 11.4 11.7 11.7 11.8 12.0 12.2 12.3 12.4 12.5 12.8 12.7 12.8 12.9 13.1 13.2 13.4 13.5 13.6 13.7 13.8 13.9 14.1 
11.3 11.3 11.5 11.3 11.5 11.6 11.7 11.8 12.1 12.4 12.3 12.2 12.6 12.5 12.7 12.7 12.9 13.0 13.2 13.3 13.5 13.6 13.7 13.8 13.9 14.0 14.1 
11.3 11.4 11.4 11.4 11.6 11.6 11.6 11.8 12.2 12.5 12.3 12.4 12.5 12.6 12.8 12.8 13.0 13.1 13.3 13.5 13.6 13.7 13.8 13.9 14.0 14.1 14.2 
11.2 11.4 11.4 11.5 11.7 11.7 11.8 12.0 12.3 12.6 12.5 12.5 12.4 12.8 12.8 12.9 13.1 13.3 13.4 13.6 13.7 13.8 13.9 14.0 14.1 14.2 14.3 
11.2 11.5 11.6 11.7 11.9 11.7 11.9 12.2 12.5 12.7 12.5 12.4 12.6 12.7 12.9 13.0 13.2 13.4 13.5 13.7 13.8 13.9 14.0 14.0 14.1 14.2 0.00 
11.3 11.6 11.6 11.8 11.9 11.9 11.9 12.4 12.5 12.8 13.0 12.8 12.7 12.8 13.0 13.1 13.3 13.5 13.6 13.8 13.8 13.9 14.0 14.1 14.2 14.3 0.00 
11.4 11.4 11.7 11.8 12.0 11.9 12.0 12.2 12.4 12.9 13.1 13.0 13.2 12.9 13.0 13.2 13.4 13.6 13.7 13.8 13.9 14.0 14.1 14.1 0.00 0.00 0.00 
11.4 11.5 11.6 11.6 12.0 12.0 12.1 12.5 12.7 13.1 13.3 13.0 12.9 13.4 13.2 13.3 13.4 13.6 13.8 13.9 13.9 14.0 14.1 14.2 14.3 0.00 0.00 
11.4 11.5 11.7 11.9 12.1 12.1 12.1 12.6 13.0 13.0 13.4 13.5 13.1 13.2 13.3 13.4 13.5 13.7 13.8 13.9 14.0 14.1 14.2 0.00 0.00 0.00 0.00 
11.4 11.6 11.8 12.0 12.1 12.1 12.1 12.7 13.0 12.8 13.4 13.4 13.6 13.1 13.2 13.4 13.5 13.7 13.8 13.9 14.0 14.1 0.00 0.00 0.00 0.00 0.00 
11.4 11.6 11.7 12.0 12.0 12.1 12.2 12.6 12.8 12.9 13.2 13.2 13.6 13.4 13.3 13.4 13.6 13.7 13.8 13.9 14.0 14.1 0.00 0.00 0.00 0.00 0.00 
11.4 11.5 11.7 11.9 12.1 12.3 12.2 12.4 12.9 12.8 13.0 13.3 13.6 13.3 13.2 13.4 13.6 13.8 13.9 14.0 14.1 0.00 0.00 0.00 0.00 0.00 0.00 
11.6 11.6 11.7 11.9 12.2 12.3 12.3 12.4 12.6 12.9 13.0 13.2 13.6 13.4 13.2 13.4 13.7 13.7 13.9 14.0 14.4 0.00 0.00 0.00 0.00 0.00 0.00 
11.6 11.7 11.8 11.9 12.1 12.4 12.5 12.4 12.8 13.0 13.0 13.0 13.4 13.4 13.3 13.5 13.6 13.8 13.9 14.1 0.00 0.00 0.00 0.00 0.00 0.00 0.00 
11.7 11.8 11.9 11.9 12.1 12.3 12.4 12.5 12.9 13.0 13.0 13.4 13.5 13.4 13.4 13.6 13.8 13.9 14.0 0.00 0.00 0.00 0.00 0.00 0.00 0.00 0.00 
11.7 11.9 12.1 12.2 12.4 12.5 12.5 12.7 13.0 13.0 13.1 13.3 13.5 13.4 13.5 13.7 13.9 14.0 14.2 0.00 0.00 0.00 0.00 0.00 0.00 0.00 0.00 
11.8 12.0 12.2 12.3 12.4 12.5 12.6 12.6 12.8 13.1 13.2 13.5 13.7 13.5 13.7 13.9 14.1 14.3 14.4 0.00 0.00 0.00 0.00 0.00 0.00 0.00 0.00 
11.9 12.2 12.2 12.3 12.4 12.6 12.7 12.8 13.0 13.0 13.2 13.5 13.8 13.7 13.9 14.0 14.2 14.3 0.00 0.00 0.00 0.00 0.00 0.00 0.00 0.00 0.00 
12.0 12.3 12.4 12.6 12.7 12.8 12.8 13.0 13.3 13.3 13.4 13.7 14.0 14.1 0.00 0.00 0.00 0.00 0.00 0.00 0.00 0.00 0.00 0.00 0.00 0.00 0.00 
12.2 12.4 12.5 12.7 12.7 12.8 13.0 13.2 13.5 13.6 13.8 13.9 14.1 14.2 14.2 0.00 0.00 0.00 0.00 0.00 0.00 0.00 0.00 0.00 0.00 0.00 0.00 
