2016_CCC_ARR_IFD/catchment_depth_30min_20000aep.txt.asc
ncols         27
nrows         23
xllcorner     150.975
yllcorner     -33.6
cellsize      0.025
NODATA_value  -9999
26.9 26.8 27.1 27.3 27.1 26.9 27.0 27.4 27.8 28.5 29.3 29.6 29.8 30.4 30.6 31.0 31.1 31.4 31.7 32.1 32.4 32.7 33.1 33.3 33.6 33.9 34.1 
27.1 27.1 27.2 27.4 27.5 27.4 27.4 27.7 28.2 29.0 29.7 30.1 30.3 30.5 30.9 31.0 31.3 31.6 31.9 32.2 32.6 32.9 33.2 33.4 33.7 34.0 34.3 
27.0 27.2 27.5 27.6 27.5 27.7 27.8 28.0 28.8 29.2 29.8 30.2 30.4 30.5 31.1 31.4 31.6 32.0 32.2 32.4 32.7 33.0 33.3 33.6 33.9 34.1 34.4 
27.3 27.3 27.6 27.2 27.4 27.6 28.3 28.4 28.7 29.3 29.8 30.1 30.5 30.8 31.3 31.5 31.9 32.1 32.4 32.6 32.9 33.2 33.5 33.7 34.0 34.3 34.6 
27.3 27.3 27.7 27.3 27.6 28.0 28.3 28.7 29.3 29.9 30.0 30.1 30.8 31.0 31.5 31.7 32.1 32.3 32.6 32.9 33.1 33.4 33.6 33.9 34.1 34.4 34.7 
27.2 27.6 27.6 27.4 28.0 28.1 28.3 28.8 29.5 30.2 30.2 30.5 30.9 31.2 31.7 31.9 32.3 32.7 32.9 33.1 33.3 33.5 33.8 34.0 34.3 34.5 34.7 
27.3 27.5 27.5 27.6 28.2 28.2 28.7 29.1 29.8 30.5 30.5 30.8 31.0 31.7 31.9 32.1 32.5 32.9 33.1 33.3 33.5 33.7 33.9 34.1 34.4 34.7 34.9 
27.5 27.8 28.0 28.3 28.7 28.5 29.0 29.7 30.2 30.8 30.8 30.9 31.3 31.8 32.2 32.5 32.8 33.1 33.4 33.5 33.7 33.9 34.1 34.2 34.5 34.7 0.00 
27.6 28.0 28.2 28.6 28.7 28.9 29.2 30.1 30.4 31.1 31.4 31.4 31.6 32.0 32.4 32.7 33.0 33.4 33.6 33.8 33.9 34.1 34.2 34.4 34.5 34.8 0.00 
27.8 28.0 28.4 28.6 29.0 29.1 29.4 29.9 30.4 31.3 31.7 31.9 32.3 32.3 32.6 33.0 33.3 33.6 33.9 34.1 34.2 34.2 34.3 34.5 0.00 0.00 0.00 
28.0 28.2 28.4 28.6 29.2 29.3 29.7 30.4 30.9 31.7 32.1 32.0 32.2 32.8 32.9 33.3 33.5 33.8 34.1 34.2 34.3 34.4 34.5 34.6 34.8 0.00 0.00 
28.1 28.3 28.6 29.0 29.5 29.6 29.8 30.7 31.4 31.7 32.4 32.6 32.5 32.8 33.1 33.4 33.7 34.0 34.2 34.3 34.4 34.5 34.7 0.00 0.00 0.00 0.00 
28.3 28.5 28.8 29.3 29.6 29.7 29.9 30.9 31.5 31.6 32.4 32.7 33.1 32.9 33.3 33.6 33.8 34.1 34.3 34.4 34.6 34.7 0.00 0.00 0.00 0.00 0.00 
28.4 28.6 28.9 29.4 29.6 29.9 30.2 30.9 31.4 31.7 32.3 32.5 33.2 33.2 33.5 33.7 34.0 34.3 34.5 34.5 34.7 34.8 0.00 0.00 0.00 0.00 0.00 
28.5 28.7 29.0 29.4 29.8 30.2 30.3 30.8 31.6 31.7 32.1 32.7 33.2 33.3 33.5 33.9 34.2 34.5 34.7 34.7 35.0 0.00 0.00 0.00 0.00 0.00 0.00 
28.7 28.8 29.1 29.5 30.0 30.3 30.4 30.8 31.3 31.9 32.2 32.6 33.3 33.4 33.6 34.0 34.3 34.5 34.7 34.8 35.2 0.00 0.00 0.00 0.00 0.00 0.00 
28.8 29.0 29.2 29.5 29.9 30.5 30.7 30.8 31.6 32.0 32.2 32.5 33.2 33.4 33.6 34.0 34.3 34.5 34.7 34.8 0.00 0.00 0.00 0.00 0.00 0.00 0.00 
28.9 29.1 29.4 29.6 30.0 30.3 30.6 30.9 31.7 32.0 32.2 32.9 33.3 33.4 33.6 34.1 34.4 34.7 34.7 0.00 0.00 0.00 0.00 0.00 0.00 0.00 0.00 
29.1 29.3 29.7 30.0 30.4 30.7 30.7 31.3 31.9 31.9 32.3 32.8 33.3 33.3 33.6 34.0 34.4 34.7 34.9 0.00 0.00 0.00 0.00 0.00 0.00 0.00 0.00 
29.3 29.6 29.9 30.3 30.5 30.7 31.0 31.0 31.4 32.0 32.3 33.0 33.3 33.3 33.6 34.2 34.6 34.8 35.0 0.00 0.00 0.00 0.00 0.00 0.00 0.00 0.00 
29.5 29.9 30.1 30.3 30.6 30.9 31.0 31.3 31.7 31.7 32.1 32.8 33.4 33.3 33.9 34.1 34.5 34.7 0.00 0.00 0.00 0.00 0.00 0.00 0.00 0.00 0.00 
29.7 30.1 30.4 30.7 31.0 31.2 31.2 31.6 32.2 32.2 32.3 32.9 33.6 33.9 0.00 0.00 0.00 0.00 0.00 0.00 0.00 0.00 0.00 0.00 0.00 0.00 0.00 
29.8 30.3 30.6 31.0 31.1 31.1 31.4 32.0 32.4 32.7 33.1 33.1 33.7 33.8 33.8 0.00 0.00 0.00 0.00 0.00 0.00 0.00 0.00 0.00 0.00 0.00 0.00 
