2016_CCC_ARR_IFD/catchment_depth_180min_00500aep.txt.asc
ncols         27
nrows         23
xllcorner     150.975
yllcorner     -33.6
cellsize      0.025
NODATA_value  -9999
99.0 99.2 102 104 104 104 105 108 111 115 119 121 123 126 128 131 132 133 135 138 140 143 145 146 148 150 151 
100 101 103 105 106 107 108 111 114 118 122 124 126 128 131 132 132 135 138 140 142 144 146 148 150 151 153 
100 102 105 106 107 109 111 113 117 121 124 126 128 130 133 135 137 137 140 142 144 146 148 149 151 153 154 
102 103 106 105 107 110 114 116 118 122 126 128 131 133 136 137 139 140 142 144 146 148 150 151 153 154 156 
102 104 107 106 109 112 115 118 122 126 128 130 134 136 138 140 142 143 145 147 149 150 151 153 154 156 157 
102 105 107 106 111 113 115 119 124 128 130 133 136 139 142 143 145 147 149 149 151 152 153 154 156 157 158 
102 105 106 108 113 114 118 122 127 131 133 136 138 142 145 145 148 150 152 152 153 154 155 156 157 159 160 
102 106 109 112 115 115 120 125 129 133 136 137 141 145 149 150 151 153 155 155 156 156 157 157 158 159 0.00 
103 107 110 113 115 118 120 128 131 136 139 142 144 147 151 152 154 156 157 158 158 158 158 159 159 160 0.00 
104 106 110 113 117 118 121 127 131 138 142 144 147 150 151 154 156 158 160 161 160 160 160 160 0.00 0.00 0.00 
104 106 109 111 118 119 123 129 134 140 143 145 147 151 154 156 158 160 161 161 161 160 161 161 161 0.00 0.00 
103 106 110 114 119 120 122 130 136 140 146 148 148 152 154 157 159 160 161 161 161 161 161 0.00 0.00 0.00 0.00 
104 107 111 115 119 120 122 131 137 138 145 148 151 151 154 156 158 160 160 160 161 161 0.00 0.00 0.00 0.00 0.00 
104 107 110 115 117 120 123 130 135 138 144 146 150 152 154 156 158 161 160 160 161 160 0.00 0.00 0.00 0.00 0.00 
103 106 109 113 118 122 123 128 135 137 141 146 150 151 152 155 158 160 161 160 162 0.00 0.00 0.00 0.00 0.00 0.00 
104 106 109 113 118 121 123 127 131 137 139 143 149 150 151 154 157 157 159 159 162 0.00 0.00 0.00 0.00 0.00 0.00 
104 106 109 112 116 122 124 124 132 136 138 140 146 148 147 151 153 155 155 156 0.00 0.00 0.00 0.00 0.00 0.00 0.00 
104 107 110 112 115 119 121 124 132 135 135 142 145 145 144 149 152 154 153 0.00 0.00 0.00 0.00 0.00 0.00 0.00 0.00 
105 108 112 115 118 122 122 127 132 132 135 139 142 140 142 145 148 151 153 0.00 0.00 0.00 0.00 0.00 0.00 0.00 0.00 
106 109 113 116 119 120 123 122 125 131 133 138 141 137 139 145 148 150 152 0.00 0.00 0.00 0.00 0.00 0.00 0.00 0.00 
107 112 113 116 118 121 121 124 127 125 128 134 139 135 139 141 144 145 0.00 0.00 0.00 0.00 0.00 0.00 0.00 0.00 0.00 
108 113 116 119 122 123 123 126 131 129 127 132 139 139 0.00 0.00 0.00 0.00 0.00 0.00 0.00 0.00 0.00 0.00 0.00 0.00 0.00 
109 114 118 121 122 120 122 128 131 132 134 131 136 134 131 0.00 0.00 0.00 0.00 0.00 0.00 0.00 0.00 0.00 0.00 0.00 0.00 
