2016_CCC_ARR_IFD/catchment_depth_5min_63212aep.txt.asc
ncols         27
nrows         23
xllcorner     150.975
yllcorner     -33.6
cellsize      0.025
NODATA_value  -9999
6.34 6.31 6.35 6.38 6.34 6.29 6.29 6.35 6.42 6.54 6.69 6.75 6.77 6.89 6.93 7.00 6.98 7.05 7.12 7.19 7.26 7.32 7.38 7.44 7.50 7.56 7.62 
6.39 6.38 6.38 6.42 6.42 6.41 6.39 6.43 6.52 6.65 6.79 6.89 6.90 6.92 7.02 6.97 7.02 7.11 7.19 7.26 7.32 7.38 7.44 7.50 7.56 7.61 7.66 
6.39 6.41 6.46 6.47 6.46 6.47 6.49 6.52 6.64 6.72 6.82 6.89 6.90 6.90 7.03 7.11 7.10 7.15 7.24 7.32 7.39 7.45 7.50 7.56 7.61 7.66 7.71 
6.44 6.45 6.50 6.45 6.48 6.50 6.59 6.60 6.64 6.74 6.84 6.87 6.94 6.98 7.07 7.08 7.14 7.23 7.31 7.39 7.45 7.51 7.56 7.61 7.66 7.71 7.76 
6.46 6.47 6.52 6.50 6.54 6.58 6.63 6.68 6.78 6.89 6.89 6.87 7.00 7.00 7.10 7.13 7.20 7.30 7.38 7.45 7.52 7.58 7.62 7.67 7.71 7.76 7.81 
6.47 6.53 6.54 6.54 6.61 6.63 6.65 6.71 6.84 6.96 6.92 6.96 7.00 7.06 7.14 7.21 7.27 7.35 7.43 7.53 7.59 7.64 7.68 7.72 7.77 7.81 7.85 
6.49 6.53 6.55 6.59 6.67 6.67 6.73 6.79 6.90 7.03 7.00 7.01 7.04 7.17 7.19 7.28 7.36 7.42 7.51 7.59 7.66 7.70 7.74 7.77 7.81 7.85 7.90 
6.51 6.58 6.63 6.68 6.74 6.71 6.79 6.90 7.00 7.10 7.05 7.03 7.09 7.16 7.25 7.32 7.43 7.52 7.59 7.66 7.71 7.75 7.79 7.82 7.86 7.89 0.00 
6.54 6.61 6.66 6.73 6.75 6.78 6.81 6.99 7.03 7.16 7.23 7.16 7.15 7.21 7.30 7.39 7.50 7.59 7.67 7.72 7.76 7.80 7.83 7.86 7.89 7.93 0.00 
6.57 6.61 6.69 6.74 6.81 6.82 6.84 6.95 7.01 7.22 7.28 7.28 7.35 7.28 7.35 7.44 7.56 7.66 7.74 7.78 7.81 7.84 7.87 7.90 0.00 0.00 0.00 
6.59 6.63 6.68 6.71 6.84 6.85 6.92 7.05 7.14 7.31 7.39 7.28 7.28 7.44 7.42 7.48 7.59 7.70 7.77 7.81 7.84 7.87 7.90 7.93 7.97 0.00 0.00 
6.60 6.64 6.71 6.79 6.89 6.89 6.91 7.10 7.26 7.28 7.46 7.48 7.35 7.40 7.46 7.52 7.60 7.70 7.77 7.82 7.86 7.90 7.93 0.00 0.00 0.00 0.00 
6.62 6.68 6.75 6.84 6.90 6.91 6.93 7.14 7.27 7.24 7.44 7.47 7.55 7.40 7.47 7.54 7.62 7.70 7.77 7.83 7.88 7.92 0.00 0.00 0.00 0.00 0.00 
6.64 6.69 6.74 6.84 6.89 6.93 6.98 7.14 7.24 7.27 7.41 7.40 7.58 7.51 7.51 7.55 7.64 7.72 7.78 7.84 7.90 7.94 0.00 0.00 0.00 0.00 0.00 
6.67 6.70 6.75 6.84 6.93 7.00 7.00 7.09 7.27 7.25 7.33 7.47 7.58 7.50 7.49 7.56 7.65 7.74 7.81 7.86 7.93 0.00 0.00 0.00 0.00 0.00 0.00 
6.68 6.72 6.78 6.85 6.97 7.01 7.03 7.11 7.19 7.31 7.34 7.42 7.59 7.53 7.49 7.58 7.71 7.74 7.82 7.88 7.99 0.00 0.00 0.00 0.00 0.00 0.00 
6.70 6.74 6.81 6.86 6.94 7.07 7.10 7.11 7.26 7.36 7.36 7.39 7.55 7.53 7.52 7.60 7.68 7.76 7.83 7.90 0.00 0.00 0.00 0.00 0.00 0.00 0.00 
6.72 6.77 6.84 6.90 6.96 7.03 7.09 7.15 7.32 7.36 7.37 7.52 7.59 7.55 7.57 7.66 7.74 7.81 7.87 0.00 0.00 0.00 0.00 0.00 0.00 0.00 0.00 
6.78 6.82 6.90 6.97 7.05 7.13 7.14 7.24 7.37 7.37 7.44 7.52 7.61 7.57 7.63 7.71 7.78 7.86 7.93 0.00 0.00 0.00 0.00 0.00 0.00 0.00 0.00 
6.83 6.88 6.96 7.04 7.09 7.13 7.21 7.23 7.30 7.41 7.48 7.60 7.68 7.64 7.70 7.81 7.89 7.96 8.02 0.00 0.00 0.00 0.00 0.00 0.00 0.00 0.00 
6.88 6.96 7.00 7.06 7.12 7.19 7.23 7.30 7.38 7.41 7.49 7.61 7.74 7.71 7.81 7.86 7.94 7.99 0.00 0.00 0.00 0.00 0.00 0.00 0.00 0.00 0.00 
6.94 7.01 7.08 7.15 7.22 7.27 7.31 7.39 7.52 7.53 7.57 7.69 7.84 7.89 0.00 0.00 0.00 0.00 0.00 0.00 0.00 0.00 0.00 0.00 0.00 0.00 0.00 
6.99 7.07 7.14 7.22 7.26 7.30 7.38 7.50 7.60 7.68 7.77 7.79 7.91 7.94 7.93 0.00 0.00 0.00 0.00 0.00 0.00 0.00 0.00 0.00 0.00 0.00 0.00 
