2016_CCC_ARR_IFD/catchment_depth_1min_99752aep.txt.asc
ncols         27
nrows         23
xllcorner     150.975
yllcorner     -33.6
cellsize      0.025
NODATA_value  -9999
0.808 0.806 0.812 0.818 0.814 0.811 0.814 0.823 0.834 0.851 0.870 0.880 0.887 0.903 0.912 0.923 0.931 0.954 0.967 0.979 0.992 1.00 1.01 1.02 1.03 1.05 1.06 
0.819 0.819 0.822 0.828 0.831 0.832 0.833 0.841 0.854 0.872 0.889 0.904 0.909 0.917 0.930 0.936 0.952 0.970 0.984 0.997 1.01 1.02 1.03 1.04 1.05 1.06 1.07 
0.823 0.829 0.837 0.840 0.842 0.846 0.851 0.858 0.876 0.889 0.903 0.915 0.921 0.929 0.944 0.956 0.965 0.981 0.999 1.01 1.02 1.04 1.05 1.06 1.07 1.07 1.08 
0.835 0.838 0.847 0.845 0.851 0.857 0.871 0.876 0.885 0.901 0.916 0.925 0.936 0.947 0.960 0.970 0.983 1.00 1.02 1.03 1.04 1.05 1.06 1.07 1.08 1.09 1.10 
0.842 0.846 0.856 0.856 0.864 0.873 0.884 0.893 0.909 0.926 0.931 0.936 0.954 0.961 0.976 0.987 1.00 1.02 1.03 1.05 1.06 1.07 1.08 1.09 1.10 1.10 1.11 
0.847 0.858 0.863 0.866 0.879 0.885 0.892 0.904 0.925 0.943 0.945 0.955 0.965 0.977 0.991 1.01 1.02 1.03 1.05 1.06 1.08 1.09 1.09 1.10 1.11 1.12 1.13 
0.850 0.862 0.867 0.876 0.891 0.895 0.907 0.921 0.941 0.961 0.964 0.970 0.976 0.999 1.01 1.02 1.04 1.05 1.07 1.08 1.09 1.10 1.11 1.12 1.13 1.13 1.14 
0.855 0.871 0.883 0.894 0.906 0.904 0.922 0.943 0.962 0.979 0.977 0.977 0.991 1.01 1.02 1.04 1.05 1.07 1.08 1.10 1.11 1.12 1.13 1.13 1.14 1.15 0.00 
0.863 0.881 0.890 0.906 0.912 0.920 0.928 0.962 0.972 0.996 1.01 1.01 1.01 1.02 1.04 1.05 1.07 1.09 1.10 1.11 1.12 1.13 1.14 1.15 1.15 1.16 0.00 
0.870 0.878 0.898 0.909 0.924 0.928 0.935 0.958 0.973 1.01 1.03 1.03 1.04 1.04 1.05 1.07 1.09 1.10 1.12 1.13 1.14 1.15 1.15 1.16 0.00 0.00 0.00 
0.873 0.884 0.896 0.902 0.933 0.935 0.951 0.979 1.00 1.03 1.05 1.03 1.04 1.07 1.07 1.08 1.10 1.12 1.13 1.14 1.15 1.16 1.17 1.17 1.18 0.00 0.00 
0.873 0.884 0.902 0.921 0.944 0.945 0.951 0.990 1.02 1.03 1.07 1.07 1.05 1.07 1.08 1.09 1.11 1.13 1.14 1.15 1.16 1.17 1.18 0.00 0.00 0.00 0.00 
0.878 0.895 0.912 0.933 0.948 0.951 0.956 1.00 1.03 1.03 1.07 1.07 1.09 1.07 1.09 1.10 1.12 1.14 1.15 1.16 1.18 1.18 0.00 0.00 0.00 0.00 0.00 
0.883 0.898 0.910 0.935 0.945 0.954 0.968 1.00 1.02 1.03 1.06 1.07 1.10 1.09 1.10 1.11 1.13 1.15 1.16 1.18 1.19 1.20 0.00 0.00 0.00 0.00 0.00 
0.883 0.896 0.910 0.934 0.954 0.971 0.972 0.993 1.03 1.03 1.05 1.08 1.10 1.09 1.10 1.12 1.14 1.16 1.17 1.19 1.20 0.00 0.00 0.00 0.00 0.00 0.00 
0.897 0.904 0.916 0.938 0.964 0.973 0.978 0.997 1.02 1.04 1.05 1.07 1.10 1.10 1.10 1.12 1.15 1.16 1.18 1.19 1.21 0.00 0.00 0.00 0.00 0.00 0.00 
0.907 0.916 0.923 0.938 0.957 0.987 0.995 0.998 1.03 1.05 1.06 1.07 1.10 1.11 1.11 1.13 1.15 1.17 1.18 1.20 0.00 0.00 0.00 0.00 0.00 0.00 0.00 
0.914 0.926 0.935 0.945 0.962 0.978 0.991 1.01 1.04 1.05 1.06 1.09 1.11 1.11 1.12 1.14 1.16 1.18 1.19 0.00 0.00 0.00 0.00 0.00 0.00 0.00 0.00 
0.921 0.933 0.952 0.966 0.982 1.00 1.00 1.03 1.05 1.05 1.07 1.09 1.11 1.11 1.13 1.15 1.17 1.18 1.20 0.00 0.00 0.00 0.00 0.00 0.00 0.00 0.00 
0.931 0.945 0.962 0.979 0.991 0.999 1.02 1.02 1.04 1.06 1.08 1.11 1.12 1.13 1.14 1.16 1.18 1.20 1.21 0.00 0.00 0.00 0.00 0.00 0.00 0.00 0.00 
0.943 0.962 0.970 0.983 0.996 1.01 1.02 1.04 1.05 1.06 1.08 1.11 1.14 1.14 1.16 1.17 1.19 1.20 0.00 0.00 0.00 0.00 0.00 0.00 0.00 0.00 0.00 
0.954 0.973 0.987 1.00 1.02 1.03 1.04 1.05 1.08 1.08 1.10 1.12 1.15 1.16 0.00 0.00 0.00 0.00 0.00 0.00 0.00 0.00 0.00 0.00 0.00 0.00 0.00 
0.966 0.983 1.00 1.02 1.02 1.03 1.05 1.07 1.09 1.11 1.13 1.14 1.16 1.17 1.18 0.00 0.00 0.00 0.00 0.00 0.00 0.00 0.00 0.00 0.00 0.00 0.00 
