2016_CCC_ARR_IFD/catchment_depth_4320min_05000aep.txt.asc
ncols         27
nrows         23
xllcorner     150.975
yllcorner     -33.6
cellsize      0.025
NODATA_value  -9999
228 226 238 244 237 227 223 233 242 260 280 286 286 304 307 314 302 287 293 298 301 308 315 314 314 314 313 
239 238 241 248 247 243 236 241 254 273 293 310 305 305 318 299 294 290 292 296 302 306 310 311 312 312 312 
234 243 254 254 249 250 248 250 269 280 294 303 300 293 314 325 310 303 299 297 301 305 307 309 312 313 313 
248 248 259 243 246 248 263 260 264 278 291 292 299 302 315 305 307 299 300 300 305 306 308 311 312 314 319 
250 249 260 246 253 258 265 269 283 301 294 286 306 296 311 303 312 303 304 308 308 308 308 311 312 316 317 
247 262 259 248 265 261 260 269 290 306 295 298 299 302 311 299 310 313 315 308 308 310 311 311 315 319 315 
242 254 251 254 271 263 272 281 297 315 305 302 293 320 313 300 309 317 316 312 311 312 312 313 316 321 325 
242 264 272 278 283 267 282 298 310 324 310 298 305 311 322 318 311 310 314 312 311 314 314 311 313 315 0.00 
250 272 275 287 282 281 280 311 313 330 337 322 315 313 322 317 314 314 313 314 315 313 312 312 313 313 0.00 
258 261 279 283 291 284 283 300 307 337 341 338 345 327 320 325 315 316 316 318 317 315 314 314 0.00 0.00 0.00 
259 264 271 267 296 288 296 316 327 349 358 336 332 351 339 338 324 320 318 318 317 316 318 318 318 0.00 0.00 
254 261 275 287 304 295 292 323 344 343 365 363 341 342 343 341 338 329 323 321 320 319 320 0.00 0.00 0.00 0.00 
259 272 284 298 304 297 293 329 344 335 361 361 368 340 342 339 334 335 327 325 324 322 0.00 0.00 0.00 0.00 0.00 
262 272 277 296 297 298 302 327 338 338 354 350 371 356 350 345 346 348 337 329 329 325 0.00 0.00 0.00 0.00 0.00 
257 266 273 291 303 311 302 315 341 333 342 357 368 354 348 349 350 352 350 338 340 0.00 0.00 0.00 0.00 0.00 0.00 
271 270 273 291 309 310 304 315 324 341 340 349 365 355 352 354 357 346 346 339 356 0.00 0.00 0.00 0.00 0.00 0.00 
277 279 276 284 297 320 318 307 334 344 341 340 357 354 352 352 349 347 339 335 0.00 0.00 0.00 0.00 0.00 0.00 0.00 
279 285 286 285 295 303 305 312 340 339 335 353 357 349 343 350 351 348 338 0.00 0.00 0.00 0.00 0.00 0.00 0.00 0.00 
279 288 301 307 315 323 311 328 343 334 339 344 352 337 337 341 344 345 344 0.00 0.00 0.00 0.00 0.00 0.00 0.00 0.00 
282 295 308 317 318 315 323 312 317 333 335 347 350 332 331 343 348 349 347 0.00 0.00 0.00 0.00 0.00 0.00 0.00 0.00 
292 311 309 313 317 322 315 321 328 315 319 334 347 326 335 334 338 336 0.00 0.00 0.00 0.00 0.00 0.00 0.00 0.00 0.00 
296 317 325 332 335 333 325 331 346 332 321 331 350 343 0.00 0.00 0.00 0.00 0.00 0.00 0.00 0.00 0.00 0.00 0.00 0.00 0.00 
304 322 333 342 335 323 327 343 348 346 346 331 342 330 315 0.00 0.00 0.00 0.00 0.00 0.00 0.00 0.00 0.00 0.00 0.00 0.00 
