2016_CCC_ARR_IFD/catchment_depth_180min_00200aep.txt.asc
ncols         27
nrows         23
xllcorner     150.975
yllcorner     -33.6
cellsize      0.025
NODATA_value  -9999
114 115 117 120 120 120 122 125 129 133 138 141 143 146 149 152 154 156 160 163 166 169 171 173 175 177 179 
116 117 118 121 123 124 125 128 132 137 141 143 146 149 151 154 155 159 162 165 168 171 173 175 177 179 181 
115 118 121 122 124 126 128 131 136 139 143 146 149 151 154 157 160 161 165 168 171 173 175 177 179 181 182 
117 119 122 121 124 127 131 134 137 141 145 148 152 155 157 160 162 165 168 170 173 175 177 179 180 182 184 
118 119 122 122 126 129 133 136 141 145 148 151 155 158 161 163 166 168 171 173 175 177 178 180 182 184 185 
117 121 122 122 128 130 133 137 144 148 151 155 158 162 165 166 170 172 174 176 177 179 180 182 184 185 186 
117 120 121 124 129 131 136 140 146 150 154 158 160 165 169 169 173 176 178 179 180 181 182 184 185 187 188 
117 121 125 128 132 132 138 144 149 153 157 159 164 169 173 175 176 179 181 182 182 183 184 185 186 187 0.00 
118 123 125 130 132 135 138 147 150 156 160 163 167 170 175 177 179 182 184 185 185 185 185 186 187 187 0.00 
119 121 126 129 134 136 139 145 150 158 163 166 170 173 175 179 181 184 187 187 187 186 187 187 0.00 0.00 0.00 
119 122 125 127 134 136 141 148 154 160 164 166 170 174 178 180 183 186 188 188 187 187 188 188 188 0.00 0.00 
118 121 125 130 136 137 140 149 156 160 167 170 171 175 178 181 184 186 186 187 187 187 188 0.00 0.00 0.00 0.00 
118 122 126 131 135 137 140 150 156 158 166 169 173 173 177 180 182 185 185 186 187 187 0.00 0.00 0.00 0.00 0.00 
118 121 125 131 134 137 141 149 155 158 164 167 172 175 177 179 183 185 185 185 186 186 0.00 0.00 0.00 0.00 0.00 
117 120 124 129 134 138 140 146 154 156 161 167 171 173 175 178 181 184 186 185 187 0.00 0.00 0.00 0.00 0.00 0.00 
118 120 124 129 135 138 140 145 150 156 159 164 170 171 173 177 180 180 183 183 187 0.00 0.00 0.00 0.00 0.00 0.00 
118 120 124 127 132 139 141 142 151 156 158 160 167 169 169 173 176 178 179 179 0.00 0.00 0.00 0.00 0.00 0.00 0.00 
118 121 124 127 131 135 138 142 151 153 154 162 165 165 165 171 174 177 176 0.00 0.00 0.00 0.00 0.00 0.00 0.00 0.00 
119 122 126 130 134 139 138 144 150 151 154 158 162 160 162 166 170 173 175 0.00 0.00 0.00 0.00 0.00 0.00 0.00 0.00 
120 124 128 132 135 136 140 139 143 149 152 157 160 156 159 165 169 172 174 0.00 0.00 0.00 0.00 0.00 0.00 0.00 0.00 
122 127 128 131 134 137 137 141 145 142 145 152 158 153 159 161 164 166 0.00 0.00 0.00 0.00 0.00 0.00 0.00 0.00 0.00 
122 128 131 135 138 139 139 143 149 146 145 150 157 158 0.00 0.00 0.00 0.00 0.00 0.00 0.00 0.00 0.00 0.00 0.00 0.00 0.00 
124 129 133 137 138 136 139 145 148 150 151 149 154 153 149 0.00 0.00 0.00 0.00 0.00 0.00 0.00 0.00 0.00 0.00 0.00 0.00 
