2016_CCC_ARR_IFD/catchment_depth_4min_20000aep.txt.asc
ncols         27
nrows         23
xllcorner     150.975
yllcorner     -33.6
cellsize      0.025
NODATA_value  -9999
8.28 8.25 8.34 8.41 8.36 8.31 8.34 8.45 8.58 8.80 9.03 9.13 9.19 9.36 9.44 9.54 9.59 9.68 9.79 9.90 10.0 10.1 10.2 10.3 10.4 10.5 10.6 
8.34 8.34 8.36 8.44 8.46 8.47 8.46 8.56 8.71 8.93 9.14 9.28 9.33 9.41 9.53 9.55 9.63 9.75 9.87 9.97 10.1 10.2 10.3 10.4 10.4 10.5 10.6 
8.31 8.37 8.46 8.49 8.49 8.53 8.58 8.65 8.87 9.02 9.18 9.30 9.36 9.41 9.58 9.69 9.75 9.83 9.95 10.0 10.1 10.2 10.3 10.4 10.5 10.6 10.7 
8.38 8.40 8.50 8.40 8.46 8.53 8.72 8.76 8.86 9.04 9.21 9.29 9.41 9.51 9.65 9.71 9.82 9.93 10.0 10.1 10.2 10.3 10.4 10.5 10.5 10.6 10.7 
8.40 8.41 8.51 8.42 8.53 8.63 8.75 8.86 9.04 9.23 9.27 9.32 9.51 9.57 9.71 9.80 9.91 10.0 10.1 10.2 10.3 10.4 10.4 10.5 10.6 10.7 10.8 
8.39 8.50 8.50 8.44 8.64 8.67 8.76 8.90 9.12 9.31 9.33 9.44 9.55 9.67 9.80 9.91 10.0 10.1 10.2 10.3 10.4 10.4 10.5 10.6 10.6 10.7 10.8 
8.41 8.46 8.47 8.53 8.71 8.73 8.87 9.01 9.21 9.41 9.44 9.53 9.64 9.80 9.90 10.0 10.1 10.2 10.3 10.4 10.5 10.5 10.6 10.6 10.7 10.8 10.8 
8.46 8.55 8.64 8.73 8.84 8.81 8.97 9.18 9.35 9.51 9.53 9.60 9.74 9.87 10.0 10.1 10.3 10.4 10.4 10.5 10.5 10.6 10.6 10.7 10.7 10.8 0.00 
8.51 8.62 8.69 8.82 8.86 8.93 9.03 9.30 9.40 9.60 9.73 9.75 9.84 9.97 10.1 10.2 10.4 10.5 10.6 10.6 10.6 10.7 10.7 10.7 10.8 10.8 0.00 
8.56 8.62 8.75 8.83 8.95 9.00 9.10 9.28 9.42 9.70 9.82 9.89 10.0 10.1 10.2 10.3 10.5 10.6 10.7 10.7 10.7 10.7 10.7 10.8 0.00 0.00 0.00 
8.61 8.68 8.76 8.83 9.02 9.07 9.21 9.41 9.58 9.81 9.94 9.93 10.0 10.2 10.3 10.4 10.5 10.7 10.8 10.8 10.8 10.8 10.8 10.8 10.8 0.00 0.00 
8.66 8.72 8.82 8.94 9.11 9.15 9.24 9.49 9.72 9.82 10.0 10.1 10.1 10.2 10.3 10.5 10.6 10.7 10.8 10.8 10.8 10.8 10.8 0.00 0.00 0.00 0.00 
8.70 8.78 8.89 9.03 9.14 9.20 9.29 9.57 9.76 9.80 10.1 10.1 10.3 10.3 10.4 10.5 10.6 10.7 10.8 10.8 10.8 10.9 0.00 0.00 0.00 0.00 0.00 
8.74 8.81 8.90 9.06 9.15 9.25 9.36 9.58 9.75 9.85 10.0 10.1 10.3 10.4 10.5 10.6 10.7 10.8 10.8 10.8 10.9 10.9 0.00 0.00 0.00 0.00 0.00 
8.79 8.85 8.94 9.07 9.21 9.34 9.40 9.56 9.79 9.86 10.0 10.2 10.3 10.4 10.5 10.6 10.7 10.8 10.8 10.9 10.9 0.00 0.00 0.00 0.00 0.00 0.00 
8.81 8.89 8.98 9.10 9.27 9.36 9.44 9.59 9.73 9.92 10.0 10.2 10.3 10.4 10.5 10.6 10.7 10.8 10.9 10.9 11.0 0.00 0.00 0.00 0.00 0.00 0.00 
8.84 8.91 9.02 9.12 9.25 9.44 9.53 9.58 9.81 9.96 10.0 10.1 10.3 10.4 10.5 10.6 10.7 10.8 10.8 10.9 0.00 0.00 0.00 0.00 0.00 0.00 0.00 
8.87 8.95 9.06 9.16 9.27 9.40 9.50 9.62 9.86 9.96 10.0 10.2 10.4 10.4 10.5 10.6 10.7 10.8 10.8 0.00 0.00 0.00 0.00 0.00 0.00 0.00 0.00 
8.95 9.02 9.15 9.26 9.39 9.52 9.55 9.73 9.91 9.95 10.1 10.2 10.4 10.4 10.5 10.6 10.7 10.8 10.9 0.00 0.00 0.00 0.00 0.00 0.00 0.00 0.00 
9.01 9.10 9.22 9.34 9.43 9.50 9.63 9.66 9.78 9.97 10.1 10.3 10.4 10.4 10.5 10.6 10.8 10.8 10.9 0.00 0.00 0.00 0.00 0.00 0.00 0.00 0.00 
9.08 9.21 9.26 9.36 9.46 9.57 9.61 9.74 9.87 9.89 10.0 10.2 10.4 10.4 10.5 10.6 10.7 10.8 0.00 0.00 0.00 0.00 0.00 0.00 0.00 0.00 0.00 
9.12 9.27 9.37 9.48 9.58 9.66 9.69 9.82 10.0 10.0 10.1 10.2 10.5 10.5 0.00 0.00 0.00 0.00 0.00 0.00 0.00 0.00 0.00 0.00 0.00 0.00 0.00 
9.18 9.33 9.44 9.56 9.61 9.62 9.73 9.92 10.1 10.2 10.3 10.3 10.5 10.5 10.5 0.00 0.00 0.00 0.00 0.00 0.00 0.00 0.00 0.00 0.00 0.00 0.00 
