2016_CCC_ARR_IFD/catchment_depth_5min_10000aep.txt.asc
ncols         27
nrows         23
xllcorner     150.975
yllcorner     -33.6
cellsize      0.025
NODATA_value  -9999
11.8 11.8 11.9 12.1 12.0 11.9 12.0 12.1 12.4 12.7 13.0 13.2 13.3 13.5 13.7 13.8 13.9 14.0 14.2 14.3 14.5 14.6 14.8 14.9 15.0 15.1 15.3 
11.9 11.9 12.0 12.1 12.1 12.1 12.1 12.3 12.5 12.9 13.2 13.4 13.5 13.6 13.8 13.9 14.0 14.1 14.3 14.4 14.6 14.7 14.8 15.0 15.1 15.2 15.3 
11.9 12.0 12.1 12.2 12.2 12.2 12.3 12.4 12.8 13.0 13.3 13.4 13.5 13.6 13.9 14.0 14.2 14.3 14.4 14.5 14.7 14.8 14.9 15.0 15.2 15.3 15.4 
12.0 12.0 12.2 12.0 12.1 12.2 12.5 12.6 12.8 13.0 13.3 13.4 13.6 13.8 14.0 14.1 14.3 14.4 14.5 14.6 14.8 14.9 15.0 15.1 15.2 15.4 15.5 
12.0 12.0 12.2 12.0 12.2 12.4 12.6 12.7 13.0 13.3 13.4 13.5 13.8 13.9 14.1 14.2 14.4 14.5 14.6 14.8 14.9 15.0 15.1 15.2 15.3 15.4 15.5 
12.0 12.2 12.2 12.0 12.4 12.4 12.5 12.8 13.1 13.4 13.5 13.7 13.8 14.0 14.2 14.4 14.5 14.7 14.8 14.9 14.9 15.0 15.2 15.3 15.4 15.5 15.6 
12.0 12.1 12.1 12.2 12.5 12.5 12.7 13.0 13.3 13.6 13.6 13.8 13.9 14.2 14.4 14.5 14.7 14.8 14.9 15.0 15.1 15.2 15.2 15.3 15.4 15.6 15.7 
12.1 12.2 12.4 12.5 12.7 12.6 12.9 13.2 13.5 13.7 13.8 13.9 14.1 14.3 14.5 14.7 14.8 14.9 15.1 15.1 15.2 15.3 15.3 15.4 15.5 15.6 0.00 
12.1 12.3 12.4 12.7 12.7 12.8 12.9 13.4 13.5 13.9 14.0 14.1 14.3 14.5 14.7 14.8 15.0 15.1 15.2 15.3 15.3 15.4 15.4 15.4 15.5 15.6 0.00 
12.2 12.3 12.5 12.7 12.8 12.9 13.1 13.3 13.6 14.0 14.2 14.3 14.5 14.6 14.8 15.0 15.1 15.3 15.4 15.4 15.4 15.4 15.5 15.5 0.00 0.00 0.00 
12.3 12.4 12.5 12.6 13.0 13.0 13.2 13.6 13.8 14.1 14.3 14.4 14.5 14.8 14.9 15.1 15.2 15.4 15.5 15.5 15.5 15.5 15.6 15.6 15.6 0.00 0.00 
12.4 12.5 12.6 12.8 13.1 13.1 13.3 13.7 14.0 14.2 14.5 14.6 14.6 14.8 15.0 15.2 15.3 15.4 15.5 15.5 15.6 15.6 15.6 0.00 0.00 0.00 0.00 
12.4 12.6 12.7 13.0 13.1 13.2 13.3 13.8 14.1 14.1 14.5 14.7 14.8 14.9 15.1 15.2 15.3 15.5 15.5 15.6 15.6 15.6 0.00 0.00 0.00 0.00 0.00 
12.5 12.6 12.8 13.0 13.1 13.3 13.5 13.8 14.0 14.2 14.5 14.6 14.9 15.0 15.1 15.3 15.4 15.5 15.6 15.6 15.7 15.7 0.00 0.00 0.00 0.00 0.00 
12.6 12.7 12.8 13.0 13.2 13.4 13.5 13.7 14.1 14.2 14.4 14.7 14.9 15.0 15.1 15.3 15.5 15.6 15.7 15.7 15.8 0.00 0.00 0.00 0.00 0.00 0.00 
12.6 12.7 12.9 13.1 13.3 13.5 13.6 13.8 14.0 14.3 14.4 14.7 14.9 15.0 15.2 15.3 15.5 15.5 15.7 15.7 15.8 0.00 0.00 0.00 0.00 0.00 0.00 
12.7 12.8 12.9 13.1 13.3 13.6 13.7 13.7 14.1 14.3 14.5 14.6 14.9 15.0 15.1 15.3 15.4 15.5 15.6 15.6 0.00 0.00 0.00 0.00 0.00 0.00 0.00 
12.7 12.9 13.0 13.1 13.3 13.5 13.6 13.8 14.2 14.3 14.4 14.7 14.9 15.0 15.0 15.3 15.5 15.6 15.6 0.00 0.00 0.00 0.00 0.00 0.00 0.00 0.00 
12.8 12.9 13.1 13.3 13.5 13.7 13.7 14.0 14.2 14.3 14.5 14.7 14.9 14.8 15.0 15.2 15.4 15.5 15.6 0.00 0.00 0.00 0.00 0.00 0.00 0.00 0.00 
12.9 13.1 13.2 13.4 13.5 13.6 13.8 13.8 14.0 14.3 14.4 14.7 14.9 14.8 14.9 15.2 15.4 15.5 15.6 0.00 0.00 0.00 0.00 0.00 0.00 0.00 0.00 
13.0 13.2 13.3 13.4 13.5 13.7 13.7 13.9 14.1 14.1 14.3 14.6 14.9 14.8 15.0 15.2 15.3 15.4 0.00 0.00 0.00 0.00 0.00 0.00 0.00 0.00 0.00 
13.0 13.3 13.4 13.6 13.7 13.8 13.8 14.0 14.3 14.3 14.3 14.6 14.9 15.0 0.00 0.00 0.00 0.00 0.00 0.00 0.00 0.00 0.00 0.00 0.00 0.00 0.00 
13.1 13.4 13.5 13.7 13.8 13.7 13.9 14.2 14.4 14.5 14.6 14.6 14.9 14.9 14.9 0.00 0.00 0.00 0.00 0.00 0.00 0.00 0.00 0.00 0.00 0.00 0.00 
