2016_CCC_ARR_IFD/catchment_depth_540min_98168aep.txt.asc
ncols         27
nrows         23
xllcorner     150.975
yllcorner     -33.6
cellsize      0.025
NODATA_value  -9999
26.0 25.8 26.7 27.2 26.7 26.2 26.1 26.8 27.4 28.6 30.0 30.5 30.5 31.8 32.0 32.6 31.7 30.9 31.4 31.8 32.1 32.6 33.1 33.2 33.4 33.7 33.9 
26.6 26.6 26.8 27.4 27.4 27.3 27.0 27.3 28.2 29.5 30.9 32.1 31.8 31.8 32.8 31.4 31.2 31.3 31.6 32.0 32.5 32.9 33.2 33.5 33.7 34.0 34.2 
26.1 26.8 27.6 27.7 27.5 27.6 27.7 27.9 29.2 30.0 31.0 31.7 31.5 31.0 32.5 33.3 32.3 31.8 32.2 32.4 32.8 33.2 33.5 33.8 34.1 34.3 34.5 
26.9 27.0 27.8 27.0 27.3 27.5 28.6 28.5 28.9 29.9 30.8 30.9 31.4 31.6 32.6 31.9 32.1 32.2 32.6 32.9 33.3 33.6 33.9 34.2 34.4 34.7 35.2 
27.0 27.0 27.8 27.0 27.7 28.1 28.7 29.1 30.1 31.4 31.0 30.5 31.9 31.3 32.3 31.9 32.6 32.7 33.1 33.6 33.9 34.1 34.3 34.6 34.8 35.1 35.3 
26.7 27.8 27.7 27.1 28.3 28.3 28.4 29.0 30.5 31.8 31.1 31.3 31.5 31.8 32.4 32.4 32.9 33.4 33.8 34.1 34.3 34.6 34.8 34.9 35.2 35.6 35.5 
26.3 27.2 27.1 27.5 28.7 28.4 29.1 29.8 31.0 32.3 31.7 31.6 31.5 33.0 32.8 32.9 33.5 34.0 34.4 34.7 34.9 35.1 35.2 35.3 35.6 36.0 36.3 
26.3 27.7 28.4 28.9 29.4 28.6 29.7 30.9 31.8 32.8 32.0 31.6 32.2 32.7 33.4 33.7 34.0 34.5 34.9 35.1 35.3 35.5 35.6 35.6 35.8 35.9 0.00 
26.7 28.2 28.5 29.4 29.3 29.4 29.6 31.7 31.9 33.2 33.7 32.9 32.8 33.1 33.8 34.1 34.6 35.1 35.5 35.7 35.8 35.8 35.8 35.9 36.0 36.1 0.00 
27.1 27.4 28.7 29.1 29.8 29.6 29.8 31.0 31.6 33.5 34.0 33.9 34.5 33.8 34.1 34.7 35.0 35.6 36.0 36.2 36.2 36.1 36.1 36.2 0.00 0.00 0.00 
27.1 27.6 28.2 28.2 30.1 29.9 30.6 31.9 32.8 34.3 35.0 33.9 33.9 35.2 34.9 35.2 35.5 36.0 36.3 36.3 36.3 36.3 36.4 36.6 36.6 0.00 0.00 
26.8 27.4 28.4 29.3 30.6 30.2 30.4 32.3 33.8 33.9 35.3 35.5 34.5 34.8 35.2 35.5 35.9 36.1 36.2 36.3 36.4 36.4 36.6 0.00 0.00 0.00 0.00 
27.0 28.0 28.9 29.9 30.5 30.4 30.5 32.7 33.8 33.5 35.2 35.4 36.1 34.8 35.3 35.5 35.8 36.2 36.2 36.3 36.5 36.5 0.00 0.00 0.00 0.00 0.00 
27.1 27.9 28.5 29.8 30.1 30.5 31.1 32.7 33.6 33.8 35.0 35.0 36.3 35.8 35.7 35.7 36.1 36.6 36.5 36.4 36.6 36.6 0.00 0.00 0.00 0.00 0.00 
26.9 27.6 28.3 29.5 30.5 31.3 31.2 32.2 33.8 33.7 34.4 35.5 36.3 35.7 35.4 35.7 36.2 36.7 37.0 36.6 37.0 0.00 0.00 0.00 0.00 0.00 0.00 
27.6 27.9 28.4 29.6 30.9 31.3 31.5 32.4 33.2 34.3 34.5 35.2 36.3 35.9 35.4 35.9 36.6 36.2 36.7 36.6 37.8 0.00 0.00 0.00 0.00 0.00 0.00 
27.9 28.2 28.6 29.4 30.4 31.9 32.3 32.2 33.9 34.6 34.8 34.8 36.1 35.8 35.3 35.7 36.0 36.3 36.2 36.3 0.00 0.00 0.00 0.00 0.00 0.00 0.00 
28.0 28.6 29.1 29.6 30.5 31.3 31.9 32.7 34.3 34.7 34.8 35.9 36.3 35.7 35.2 35.9 36.3 36.4 36.2 0.00 0.00 0.00 0.00 0.00 0.00 0.00 0.00 
28.2 28.8 29.9 30.6 31.5 32.3 32.4 33.6 34.7 34.8 35.3 35.8 36.3 35.1 35.2 35.6 36.1 36.5 36.7 0.00 0.00 0.00 0.00 0.00 0.00 0.00 0.00 
28.5 29.4 30.3 31.2 31.7 32.2 33.1 33.2 34.0 35.2 35.6 36.2 36.5 35.2 35.2 36.2 36.8 37.0 37.1 0.00 0.00 0.00 0.00 0.00 0.00 0.00 0.00 
29.1 30.2 30.5 31.1 31.8 32.7 33.0 34.0 34.9 34.4 34.8 35.9 36.7 35.2 36.0 36.0 36.4 36.4 0.00 0.00 0.00 0.00 0.00 0.00 0.00 0.00 0.00 
29.4 30.6 31.3 32.1 32.7 33.2 33.6 34.5 35.5 35.7 35.3 36.0 37.0 36.8 0.00 0.00 0.00 0.00 0.00 0.00 0.00 0.00 0.00 0.00 0.00 0.00 0.00 
29.9 30.9 31.8 32.6 32.8 32.9 33.7 34.9 35.7 36.1 36.5 36.2 36.9 36.4 35.2 0.00 0.00 0.00 0.00 0.00 0.00 0.00 0.00 0.00 0.00 0.00 0.00 
