2016_CCC_ARR_IFD/catchment_depth_15min_05000aep.txt.asc
ncols         27
nrows         23
xllcorner     150.975
yllcorner     -33.6
cellsize      0.025
NODATA_value  -9999
28.2 28.0 28.4 28.8 28.5 28.3 28.4 28.9 29.4 30.3 31.2 31.5 31.8 32.4 32.7 33.0 33.4 33.5 33.9 34.3 34.6 35.0 35.3 35.6 35.8 36.1 36.3 
28.4 28.4 28.5 28.8 28.9 28.9 28.8 29.2 29.9 30.8 31.5 32.0 32.2 32.5 32.9 33.2 33.6 33.8 34.1 34.4 34.7 35.1 35.4 35.6 35.9 36.2 36.4 
28.2 28.5 28.9 28.9 28.9 29.1 29.2 29.5 30.4 31.0 31.6 32.1 32.3 32.6 33.2 33.5 33.9 34.3 34.4 34.5 34.9 35.2 35.4 35.7 36.0 36.3 36.6 
28.5 28.5 29.0 28.4 28.6 28.9 29.7 29.9 30.3 31.0 31.7 32.0 32.5 32.9 33.4 33.8 34.2 34.3 34.5 34.7 35.0 35.3 35.6 35.9 36.1 36.4 36.8 
28.5 28.5 29.0 28.3 28.8 29.2 29.8 30.2 30.9 31.7 31.9 32.1 32.8 33.1 33.6 34.0 34.5 34.5 34.8 35.0 35.2 35.4 35.7 36.0 36.3 36.6 36.8 
28.4 28.9 28.8 28.3 29.2 29.3 29.6 30.2 31.2 32.0 32.0 32.5 32.9 33.4 33.9 34.1 34.6 34.9 35.2 35.1 35.3 35.6 35.8 36.1 36.4 36.7 36.9 
28.4 28.6 28.5 28.6 29.5 29.4 30.0 30.6 31.5 32.3 32.4 32.8 33.1 33.8 34.2 34.2 34.7 35.2 35.3 35.4 35.5 35.7 36.0 36.2 36.5 36.8 37.1 
28.6 29.0 29.3 29.7 30.0 29.7 30.4 31.3 31.9 32.6 32.6 32.9 33.5 34.0 34.5 34.8 34.9 35.1 35.4 35.5 35.7 35.9 36.1 36.3 36.6 36.8 0.00 
28.8 29.4 29.5 30.1 30.1 30.3 30.6 31.7 32.1 32.8 33.3 33.4 33.9 34.3 34.7 34.9 35.1 35.4 35.6 35.8 35.9 36.1 36.2 36.4 36.6 36.8 0.00 
29.1 29.3 29.8 30.0 30.5 30.5 30.9 31.6 32.1 33.1 33.5 33.8 34.3 34.6 34.8 35.2 35.3 35.6 35.8 36.0 36.1 36.2 36.4 36.5 0.00 0.00 0.00 
29.3 29.5 29.8 29.9 30.8 30.8 31.3 32.1 32.7 33.4 33.9 34.0 34.4 34.9 35.2 35.5 35.6 35.8 36.0 36.1 36.2 36.4 36.5 36.7 36.9 0.00 0.00 
29.5 29.7 30.1 30.5 31.1 31.1 31.4 32.4 33.1 33.5 34.2 34.5 34.6 35.0 35.4 35.7 35.9 36.0 36.1 36.2 36.4 36.5 36.7 0.00 0.00 0.00 0.00 
29.7 30.1 30.4 30.9 31.3 31.4 31.6 32.6 33.3 33.4 34.2 34.6 35.0 35.1 35.5 35.7 35.9 36.2 36.2 36.3 36.5 36.6 0.00 0.00 0.00 0.00 0.00 
29.9 30.2 30.5 31.1 31.3 31.5 31.9 32.7 33.2 33.6 34.2 34.5 35.1 35.3 35.6 35.9 36.2 36.5 36.5 36.5 36.7 36.7 0.00 0.00 0.00 0.00 0.00 
30.0 30.2 30.5 31.1 31.5 31.9 32.0 32.6 33.4 33.6 34.1 34.7 35.2 35.4 35.7 36.0 36.3 36.6 36.8 36.7 36.9 0.00 0.00 0.00 0.00 0.00 0.00 
30.3 30.4 30.7 31.2 31.8 32.0 32.1 32.6 33.1 33.8 34.1 34.6 35.2 35.5 35.8 36.1 36.4 36.4 36.7 36.7 37.2 0.00 0.00 0.00 0.00 0.00 0.00 
30.6 30.8 30.8 31.1 31.6 32.3 32.5 32.5 33.4 33.9 34.1 34.5 35.1 35.4 35.6 36.0 36.2 36.5 36.5 36.6 0.00 0.00 0.00 0.00 0.00 0.00 0.00 
30.7 31.0 31.1 31.2 31.6 32.0 32.2 32.6 33.5 33.8 34.0 34.8 35.2 35.3 35.4 36.0 36.3 36.5 36.5 0.00 0.00 0.00 0.00 0.00 0.00 0.00 0.00 
30.7 31.1 31.5 31.8 32.1 32.5 32.4 33.0 33.6 33.7 34.1 34.6 35.1 35.0 35.3 35.7 36.1 36.4 36.6 0.00 0.00 0.00 0.00 0.00 0.00 0.00 0.00 
30.8 31.3 31.7 32.0 32.2 32.3 32.7 32.6 33.0 33.7 34.0 34.7 35.1 34.9 35.2 35.8 36.2 36.5 36.7 0.00 0.00 0.00 0.00 0.00 0.00 0.00 0.00 
31.0 31.6 31.7 31.9 32.2 32.5 32.5 32.9 33.3 33.2 33.6 34.4 35.0 34.8 35.4 35.6 36.0 36.1 0.00 0.00 0.00 0.00 0.00 0.00 0.00 0.00 0.00 
31.1 31.7 32.0 32.3 32.6 32.8 32.7 33.1 33.8 33.7 33.7 34.4 35.1 35.3 0.00 0.00 0.00 0.00 0.00 0.00 0.00 0.00 0.00 0.00 0.00 0.00 0.00 
31.2 31.8 32.1 32.5 32.6 32.4 32.8 33.5 33.9 34.2 34.5 34.4 35.0 35.1 34.9 0.00 0.00 0.00 0.00 0.00 0.00 0.00 0.00 0.00 0.00 0.00 0.00 
