2016_CCC_ARR_IFD/catchment_depth_2160min_00200aep.txt.asc
ncols         27
nrows         23
xllcorner     150.975
yllcorner     -33.6
cellsize      0.025
NODATA_value  -9999
335 335 352 362 355 346 344 359 374 398 426 436 439 461 467 478 471 463 474 483 489 499 508 508 508 508 507 
348 350 356 367 368 366 361 370 388 415 441 462 460 463 480 465 464 466 473 481 490 497 501 503 505 505 505 
342 356 371 373 371 374 376 381 408 424 443 457 456 452 478 492 482 477 479 483 489 494 497 500 504 505 504 
358 361 377 361 367 372 394 393 401 422 441 446 457 463 480 473 478 475 480 484 492 494 497 500 502 505 512 
361 362 378 363 375 384 396 405 425 449 445 437 465 457 477 470 484 478 483 491 493 495 495 499 501 506 507 
356 377 376 365 389 388 390 403 433 456 446 452 457 463 477 466 481 489 494 489 492 495 496 496 502 508 503 
349 367 366 373 397 390 403 418 441 467 458 457 448 485 479 467 480 492 494 492 492 495 496 496 501 508 514 
349 378 390 401 411 393 415 440 458 477 463 450 462 473 488 487 482 484 490 490 491 495 495 492 495 498 0.00 
358 387 394 411 409 410 412 455 459 485 495 479 473 474 487 485 483 486 488 491 493 490 490 491 493 493 0.00 
367 372 397 405 418 413 413 438 450 492 501 499 510 488 483 492 483 487 489 494 493 489 489 491 0.00 0.00 0.00 
367 375 386 385 424 417 429 458 475 506 520 494 491 518 504 506 492 490 490 491 490 489 492 493 494 0.00 0.00 
359 371 390 409 433 423 422 465 495 496 527 528 500 503 506 507 506 497 491 491 491 490 492 0.00 0.00 0.00 0.00 
365 384 400 421 431 425 422 472 494 483 520 522 534 497 502 500 497 501 494 492 492 491 0.00 0.00 0.00 0.00 0.00 
368 382 391 418 421 424 432 466 484 485 509 505 535 516 510 504 508 514 502 494 496 492 0.00 0.00 0.00 0.00 0.00 
361 374 385 410 427 440 431 450 486 477 490 512 529 510 502 505 510 516 516 502 507 0.00 0.00 0.00 0.00 0.00 0.00 
377 379 385 409 434 438 433 448 462 486 486 499 523 510 502 508 517 503 507 500 525 0.00 0.00 0.00 0.00 0.00 0.00 
385 389 389 401 419 449 449 437 474 489 485 484 510 504 498 502 501 502 494 492 0.00 0.00 0.00 0.00 0.00 0.00 0.00 
387 396 400 401 416 428 433 443 480 482 476 502 508 495 486 498 503 501 491 0.00 0.00 0.00 0.00 0.00 0.00 0.00 0.00 
389 400 418 428 441 453 441 463 483 474 481 489 499 477 479 485 491 496 496 0.00 0.00 0.00 0.00 0.00 0.00 0.00 0.00 
393 410 427 441 444 442 455 443 451 473 476 492 497 471 471 489 497 500 499 0.00 0.00 0.00 0.00 0.00 0.00 0.00 0.00 
406 430 429 436 443 452 445 455 465 448 453 473 492 463 476 475 483 480 0.00 0.00 0.00 0.00 0.00 0.00 0.00 0.00 0.00 
411 437 449 459 466 465 457 466 486 470 456 470 495 487 0.00 0.00 0.00 0.00 0.00 0.00 0.00 0.00 0.00 0.00 0.00 0.00 0.00 
422 444 459 472 466 452 459 480 488 487 488 468 484 468 447 0.00 0.00 0.00 0.00 0.00 0.00 0.00 0.00 0.00 0.00 0.00 0.00 
