2016_CCC_ARR_IFD/catchment_depth_540min_63212aep.txt.asc
ncols         27
nrows         23
xllcorner     150.975
yllcorner     -33.6
cellsize      0.025
NODATA_value  -9999
44.6 44.4 45.8 46.7 46.1 45.4 45.4 46.5 47.6 49.6 52.0 52.9 53.0 55.1 55.6 56.6 55.4 54.5 55.3 56.1 56.6 57.4 58.1 58.4 58.8 59.1 59.5 
45.6 45.7 46.2 47.2 47.3 47.2 46.9 47.6 49.1 51.3 53.6 55.5 55.2 55.4 57.0 55.1 54.9 55.3 55.9 56.6 57.3 58.0 58.5 59.0 59.4 59.8 60.2 
45.1 46.3 47.5 47.8 47.7 48.0 48.2 48.7 50.9 52.3 53.9 55.1 54.9 54.4 56.8 58.1 56.8 56.3 56.9 57.4 58.1 58.7 59.1 59.6 60.2 60.5 60.9 
46.4 46.7 48.1 46.9 47.5 48.0 49.9 49.9 50.6 52.3 53.9 54.3 55.2 55.6 57.2 56.4 56.8 57.1 57.9 58.4 59.1 59.6 60.0 60.5 60.9 61.3 62.1 
46.6 46.9 48.3 47.2 48.3 49.2 50.2 51.0 52.8 54.9 54.5 53.9 56.1 55.5 57.1 56.7 57.8 58.2 58.9 59.7 60.2 60.5 60.8 61.3 61.6 62.2 62.5 
46.4 48.2 48.2 47.5 49.5 49.6 50.0 51.2 53.7 55.7 54.8 55.4 55.8 56.4 57.6 57.6 58.6 59.4 60.2 60.6 61.1 61.5 61.8 62.0 62.5 63.1 63.0 
46.0 47.5 47.6 48.3 50.3 50.0 51.3 52.5 54.6 56.8 56.1 56.1 56.0 58.5 58.3 58.7 59.7 60.6 61.3 61.8 62.2 62.5 62.7 62.9 63.3 63.9 64.4 
46.1 48.4 49.6 50.6 51.6 50.6 52.4 54.5 56.1 57.8 56.8 56.3 57.4 58.3 59.5 60.1 60.9 61.7 62.4 62.8 63.0 63.4 63.5 63.4 63.7 64.0 0.00 
46.9 49.2 50.0 51.6 51.6 52.0 52.5 55.9 56.5 58.7 59.6 58.6 58.6 59.2 60.4 61.1 62.0 62.9 63.5 63.9 64.1 64.0 64.0 64.1 64.3 64.3 0.00 
47.7 48.3 50.4 51.3 52.6 52.5 53.0 55.0 56.2 59.5 60.4 60.5 61.5 60.5 61.1 62.1 62.9 64.0 64.7 64.9 64.9 64.6 64.6 64.8 0.00 0.00 0.00 
47.8 48.7 49.8 50.1 53.2 53.1 54.4 56.8 58.3 60.9 62.1 60.6 60.8 62.8 62.5 63.2 63.8 64.7 65.3 65.3 65.2 65.1 65.3 65.5 65.6 0.00 0.00 
47.5 48.6 50.3 52.0 54.1 53.9 54.3 57.6 60.1 60.6 63.1 63.4 61.9 62.5 63.2 63.8 64.5 65.1 65.3 65.5 65.5 65.6 65.7 0.00 0.00 0.00 0.00 
48.0 49.6 51.1 53.0 54.2 54.3 54.6 58.4 60.4 60.1 63.0 63.4 64.6 62.6 63.5 64.0 64.5 65.3 65.4 65.5 65.7 65.8 0.00 0.00 0.00 0.00 0.00 
48.3 49.6 50.8 53.0 53.8 54.6 55.7 58.4 60.1 60.7 62.7 62.8 65.1 64.3 64.3 64.4 65.2 66.0 65.9 65.7 66.1 66.0 0.00 0.00 0.00 0.00 0.00 
48.3 49.5 50.7 52.7 54.5 55.9 56.0 57.8 60.6 60.6 61.9 63.7 65.2 64.3 63.9 64.5 65.4 66.3 66.7 66.3 66.9 0.00 0.00 0.00 0.00 0.00 0.00 
49.1 49.9 51.0 52.9 55.2 56.1 56.6 58.2 59.7 61.6 62.1 63.4 65.3 64.7 63.9 64.8 66.1 65.5 66.3 66.2 68.2 0.00 0.00 0.00 0.00 0.00 0.00 
49.6 50.4 51.4 52.8 54.5 57.1 57.9 58.0 60.9 62.3 62.6 62.8 65.0 64.6 63.8 64.5 65.0 65.6 65.5 65.7 0.00 0.00 0.00 0.00 0.00 0.00 0.00 
49.8 50.9 52.1 53.2 54.8 56.4 57.5 58.9 61.6 62.5 62.7 64.6 65.3 64.5 63.6 64.8 65.6 65.8 65.5 0.00 0.00 0.00 0.00 0.00 0.00 0.00 0.00 
50.5 51.6 53.4 54.8 56.4 58.0 58.4 60.5 62.3 62.8 63.7 64.5 65.4 63.5 63.7 64.3 65.2 65.9 66.3 0.00 0.00 0.00 0.00 0.00 0.00 0.00 0.00 
51.1 52.5 54.2 55.8 56.9 57.9 59.6 59.9 61.4 63.4 64.1 65.3 65.8 63.6 63.7 65.5 66.4 66.9 67.1 0.00 0.00 0.00 0.00 0.00 0.00 0.00 0.00 
52.1 54.1 54.6 55.9 57.2 58.7 59.5 61.2 62.9 62.0 62.7 64.7 66.0 63.6 65.0 65.0 65.8 65.7 0.00 0.00 0.00 0.00 0.00 0.00 0.00 0.00 0.00 
52.7 54.8 56.1 57.4 58.7 59.6 60.4 62.0 63.8 64.3 63.6 64.9 66.6 66.4 0.00 0.00 0.00 0.00 0.00 0.00 0.00 0.00 0.00 0.00 0.00 0.00 0.00 
53.5 55.4 56.9 58.4 58.8 59.2 60.7 62.8 64.1 65.0 65.7 65.1 66.4 65.5 63.5 0.00 0.00 0.00 0.00 0.00 0.00 0.00 0.00 0.00 0.00 0.00 0.00 
