2016_CCC_ARR_IFD/catchment_depth_2160min_99999aep.txt.asc
ncols         27
nrows         23
xllcorner     150.975
yllcorner     -33.6
cellsize      0.025
NODATA_value  -9999
29.0 28.6 30.0 30.7 29.8 28.7 28.2 29.1 29.9 31.7 33.9 34.4 34.0 36.1 36.2 37.0 34.7 32.5 33.1 33.7 34.1 34.9 35.7 35.9 36.2 36.5 36.9 
30.1 30.0 30.3 31.1 30.9 30.4 29.5 29.9 31.1 33.1 35.4 37.2 36.3 36.0 37.6 34.4 33.1 32.9 33.3 33.8 34.5 35.1 35.6 36.1 36.5 36.8 37.1 
29.2 30.4 31.5 31.5 30.9 30.9 30.7 30.8 32.8 33.9 35.3 36.2 35.5 34.2 36.8 38.0 35.4 33.8 33.9 34.2 34.8 35.3 35.8 36.3 36.8 37.2 37.5 
30.7 30.7 32.0 30.1 30.4 30.5 32.2 31.7 32.0 33.5 34.9 34.7 35.2 35.2 36.6 34.7 34.6 33.9 34.4 34.7 35.4 35.8 36.3 36.7 37.1 37.6 38.4 
30.7 30.6 31.8 30.1 31.0 31.5 32.2 32.6 34.1 36.1 35.0 33.5 35.8 34.1 35.8 34.3 35.2 34.6 35.0 35.6 36.0 36.3 36.6 37.1 37.6 38.2 38.6 
30.0 31.8 31.4 30.1 32.0 31.5 31.3 32.2 34.7 36.6 34.8 34.8 34.7 34.8 35.7 34.4 35.3 35.8 36.2 36.0 36.4 36.9 37.2 37.6 38.2 38.8 38.7 
29.1 30.6 30.2 30.6 32.5 31.5 32.4 33.4 35.2 37.3 35.7 35.2 34.1 36.9 35.9 34.9 35.7 36.5 36.8 36.8 37.0 37.4 37.8 38.1 38.7 39.4 40.0 
28.9 31.5 32.3 33.0 33.7 31.7 33.3 35.2 36.5 38.0 36.0 34.6 35.3 35.9 36.9 36.6 36.3 36.6 37.1 37.3 37.5 38.0 38.4 38.4 38.8 39.2 0.00 
29.7 32.1 32.4 33.8 33.2 33.0 32.9 36.3 36.3 38.3 38.8 37.0 36.3 36.3 37.2 37.0 36.9 37.2 37.5 37.9 38.2 38.3 38.6 38.9 39.2 39.3 0.00 
30.3 30.6 32.6 33.0 33.9 33.1 33.0 34.8 35.5 38.6 39.0 38.6 39.4 37.6 37.3 37.9 37.4 37.8 38.1 38.6 38.8 38.8 39.1 39.5 0.00 0.00 0.00 
30.1 30.7 31.4 31.0 34.1 33.4 34.2 36.3 37.4 39.7 40.6 38.3 38.1 40.0 39.0 39.3 38.4 38.4 38.6 38.8 39.0 39.2 39.7 40.1 40.4 0.00 0.00 
29.2 30.1 31.6 33.0 34.8 33.8 33.6 36.8 38.9 38.8 41.0 40.9 39.0 39.3 39.5 39.7 39.8 39.3 39.1 39.2 39.4 39.7 40.1 0.00 0.00 0.00 0.00 
29.5 31.0 32.3 33.8 34.5 33.9 33.5 37.3 38.8 38.0 40.6 40.6 41.6 39.2 39.7 39.7 39.6 40.0 39.6 39.7 39.9 40.0 0.00 0.00 0.00 0.00 0.00 
29.6 30.7 31.4 33.4 33.6 33.8 34.3 36.9 38.1 38.3 40.0 39.8 41.9 40.8 40.6 40.4 40.8 41.3 40.6 40.2 40.5 40.3 0.00 0.00 0.00 0.00 0.00 
28.9 29.9 30.7 32.7 34.0 34.9 34.3 35.8 38.4 37.9 38.9 40.5 41.7 40.7 40.5 40.8 41.3 41.8 41.9 41.0 41.6 0.00 0.00 0.00 0.00 0.00 0.00 
30.0 30.1 30.6 32.5 34.5 34.7 34.5 35.8 36.9 38.7 38.9 39.9 41.6 41.0 40.9 41.3 42.0 41.2 41.6 41.2 43.1 0.00 0.00 0.00 0.00 0.00 0.00 
30.4 30.7 30.7 31.7 33.1 35.6 35.7 35.1 37.9 39.0 39.0 39.2 41.1 41.0 40.9 41.3 41.3 41.4 40.9 40.8 0.00 0.00 0.00 0.00 0.00 0.00 0.00 
30.4 31.1 31.5 31.7 33.0 34.1 34.7 35.6 38.4 38.7 38.6 40.6 41.2 40.7 40.2 41.2 41.6 41.5 40.9 0.00 0.00 0.00 0.00 0.00 0.00 0.00 0.00 
30.3 31.2 32.8 33.6 34.7 35.9 35.2 37.1 38.8 38.4 39.2 39.9 40.9 39.6 39.8 40.3 40.9 41.4 41.5 0.00 0.00 0.00 0.00 0.00 0.00 0.00 0.00 
30.5 31.9 33.3 34.5 35.0 35.1 36.3 35.8 36.7 38.6 39.0 40.4 40.9 39.2 39.3 40.8 41.5 41.9 42.0 0.00 0.00 0.00 0.00 0.00 0.00 0.00 0.00 
31.3 33.3 33.3 34.1 34.9 35.8 35.7 36.8 37.9 36.9 37.5 39.3 40.8 38.7 39.9 40.0 40.7 40.6 0.00 0.00 0.00 0.00 0.00 0.00 0.00 0.00 0.00 
31.6 33.7 34.8 35.8 36.6 36.9 36.7 37.8 39.5 38.8 37.9 39.2 41.2 40.8 0.00 0.00 0.00 0.00 0.00 0.00 0.00 0.00 0.00 0.00 0.00 0.00 0.00 
32.2 34.1 35.4 36.7 36.6 36.0 37.0 38.9 39.9 40.1 40.5 39.3 40.6 39.6 38.1 0.00 0.00 0.00 0.00 0.00 0.00 0.00 0.00 0.00 0.00 0.00 0.00 
