2016_CCC_ARR_IFD/catchment_depth_720min_00500aep.txt.asc
ncols         27
nrows         23
xllcorner     150.975
yllcorner     -33.6
cellsize      0.025
NODATA_value  -9999
165 166 173 177 176 174 175 181 188 198 209 214 216 225 228 233 232 229 235 240 244 249 254 256 258 260 262 
170 172 175 180 182 182 182 187 194 205 215 223 224 227 234 230 228 232 236 241 245 250 253 256 258 260 262 
168 174 180 183 183 186 188 192 203 210 217 223 225 225 235 241 238 235 239 243 247 250 253 256 259 261 263 
174 176 183 179 183 186 196 197 201 210 219 222 227 230 238 235 237 238 242 245 249 252 255 257 260 262 267 
175 177 184 180 186 191 197 202 211 221 222 220 231 229 238 235 241 241 245 249 251 254 256 258 261 264 266 
174 183 184 181 192 193 195 202 215 225 224 227 230 234 240 237 243 247 251 251 253 255 257 259 262 266 266 
172 179 181 185 195 194 201 208 220 230 229 230 228 243 243 240 246 251 254 254 255 257 259 261 263 267 270 
172 184 190 195 201 196 206 217 226 235 232 229 235 241 249 249 249 252 255 256 257 259 260 260 262 264 0.00 
176 187 191 199 200 203 206 224 227 239 245 241 240 243 250 250 252 255 257 259 260 260 260 261 262 263 0.00 
179 182 193 197 204 204 206 218 225 243 248 249 255 249 249 254 254 258 261 262 262 261 261 262 0.00 0.00 0.00 
179 183 189 190 206 206 213 226 234 248 255 247 248 260 257 260 258 260 262 262 261 261 262 263 264 0.00 0.00 
176 182 190 199 210 208 210 228 242 245 259 261 252 255 258 260 262 262 261 261 262 262 263 0.00 0.00 0.00 0.00 
178 186 194 204 209 209 209 231 242 240 256 259 265 252 256 257 258 262 260 261 261 262 0.00 0.00 0.00 0.00 0.00 
179 185 191 202 205 208 213 229 238 241 252 252 265 260 259 258 262 266 263 260 262 261 0.00 0.00 0.00 0.00 0.00 
177 183 188 199 208 214 213 222 238 237 244 255 262 257 254 257 261 265 267 263 266 0.00 0.00 0.00 0.00 0.00 0.00 
182 185 189 199 210 213 213 221 229 240 242 248 260 256 253 257 263 259 263 261 272 0.00 0.00 0.00 0.00 0.00 0.00 
184 187 190 196 204 218 220 216 234 241 241 241 254 252 249 253 255 257 256 256 0.00 0.00 0.00 0.00 0.00 0.00 0.00 
185 190 194 196 203 210 213 218 235 237 236 249 253 248 244 251 255 256 253 0.00 0.00 0.00 0.00 0.00 0.00 0.00 0.00 
187 192 201 206 213 220 216 227 237 234 238 243 248 239 240 244 249 254 255 0.00 0.00 0.00 0.00 0.00 0.00 0.00 0.00 
189 197 204 211 215 215 222 218 223 234 236 244 247 235 236 246 252 254 256 0.00 0.00 0.00 0.00 0.00 0.00 0.00 0.00 
194 205 206 210 214 219 217 223 229 222 225 235 245 232 239 240 245 245 0.00 0.00 0.00 0.00 0.00 0.00 0.00 0.00 0.00 
197 208 214 219 224 225 223 228 238 232 226 234 246 243 0.00 0.00 0.00 0.00 0.00 0.00 0.00 0.00 0.00 0.00 0.00 0.00 0.00 
201 211 218 225 224 219 223 234 239 239 241 233 241 235 225 0.00 0.00 0.00 0.00 0.00 0.00 0.00 0.00 0.00 0.00 0.00 0.00 
