2016_CCC_ARR_IFD/catchment_depth_90min_02000aep.txt.asc
ncols         27
nrows         23
xllcorner     150.975
yllcorner     -33.6
cellsize      0.025
NODATA_value  -9999
64.5 64.5 65.8 66.8 66.7 66.6 67.1 68.6 70.2 72.6 74.9 76.1 77.1 78.6 79.8 80.9 81.6 81.8 83.1 84.4 85.6 86.8 88.0 88.9 89.7 90.6 91.5 
65.2 65.5 66.2 67.3 67.9 68.3 68.6 69.9 71.8 74.2 76.2 77.5 78.6 79.7 80.8 81.5 81.6 83.0 84.2 85.4 86.5 87.6 88.6 89.6 90.5 91.3 92.2 
65.0 66.0 67.3 67.9 68.3 69.2 70.1 71.2 73.7 75.4 77.1 78.5 79.5 80.4 82.0 83.1 84.1 84.3 85.5 86.4 87.5 88.4 89.4 90.3 91.2 92.1 92.9 
65.9 66.4 67.8 67.2 68.2 69.4 71.7 72.5 74.0 76.1 78.0 79.3 80.7 82.0 83.3 84.2 85.2 85.8 86.8 87.6 88.6 89.4 90.3 91.2 92.0 92.9 93.8 
66.1 66.5 68.0 67.3 69.0 70.5 72.3 73.8 76.1 78.1 79.2 80.3 82.2 83.4 84.8 85.7 86.9 87.5 88.2 89.1 89.7 90.5 91.2 92.0 92.8 93.7 94.4 
65.9 67.6 68.0 67.5 70.2 71.0 72.3 74.3 77.3 79.3 80.4 82.1 83.7 85.2 86.6 87.1 88.5 89.4 90.2 90.3 90.8 91.5 92.2 92.9 93.7 94.5 95.0 
65.9 67.1 67.4 68.4 71.1 71.6 73.7 75.8 78.4 80.6 81.9 83.5 84.7 86.9 88.5 88.6 90.1 91.2 91.8 91.9 92.1 92.7 93.3 93.8 94.5 95.3 96.1 
66.2 68.0 69.4 70.9 72.5 72.4 74.9 77.7 79.9 81.8 83.2 84.5 86.7 88.6 90.2 91.1 91.6 92.4 93.2 93.4 93.6 94.0 94.3 94.5 95.1 95.6 0.00 
66.8 68.7 69.9 71.8 72.7 73.9 75.4 79.1 80.8 83.1 84.9 86.4 88.2 89.6 91.5 92.2 93.1 94.1 94.7 95.0 95.1 95.0 95.1 95.3 95.7 96.0 0.00 
67.3 68.3 70.4 71.8 73.6 74.6 76.0 78.8 81.0 84.3 86.2 87.8 89.4 91.0 92.0 93.6 94.2 95.5 96.3 96.5 96.2 95.9 95.9 96.0 0.00 0.00 0.00 
67.6 68.8 70.2 71.2 74.3 75.2 77.3 80.3 82.7 85.4 87.1 88.4 90.0 91.7 93.3 94.6 95.4 96.5 97.1 97.0 96.7 96.6 96.7 96.8 96.9 0.00 0.00 
67.7 68.9 70.7 72.6 75.1 75.9 77.2 81.0 83.9 85.7 88.5 90.0 90.7 92.3 93.8 95.2 96.3 97.0 97.1 97.2 97.2 97.1 97.2 0.00 0.00 0.00 0.00 
67.9 69.5 71.2 73.5 75.2 76.2 77.4 81.6 84.2 85.3 88.5 90.0 91.5 92.3 94.0 95.2 96.0 97.2 97.1 97.2 97.4 97.4 0.00 0.00 0.00 0.00 0.00 
68.1 69.6 71.0 73.4 74.8 76.3 78.1 81.4 83.8 85.5 88.1 89.5 91.6 92.8 94.3 95.3 96.6 97.6 97.6 97.3 97.6 97.4 0.00 0.00 0.00 0.00 0.00 
68.2 69.5 70.9 73.1 75.2 77.2 78.0 80.5 83.9 85.0 87.2 89.7 91.5 92.7 93.8 95.2 96.5 97.5 98.0 97.7 98.3 0.00 0.00 0.00 0.00 0.00 0.00 
68.5 69.6 70.9 73.1 75.6 77.0 78.1 80.3 82.5 85.3 86.8 88.9 91.2 92.4 93.5 95.0 96.3 96.5 97.4 97.2 98.6 0.00 0.00 0.00 0.00 0.00 0.00 
68.7 69.8 71.1 72.7 74.7 77.6 78.9 79.2 83.1 85.2 86.3 87.6 90.5 91.6 92.0 93.8 94.9 96.0 95.8 96.0 0.00 0.00 0.00 0.00 0.00 0.00 0.00 
68.8 70.0 71.5 72.6 74.5 76.3 77.6 79.2 83.1 84.4 85.1 88.3 89.9 90.5 90.5 93.0 94.6 95.5 95.0 0.00 0.00 0.00 0.00 0.00 0.00 0.00 0.00 
69.3 70.5 72.4 74.1 75.9 77.8 77.8 80.5 83.1 83.4 85.2 87.0 89.0 88.2 89.4 91.0 92.9 94.3 95.0 0.00 0.00 0.00 0.00 0.00 0.00 0.00 0.00 
69.6 71.2 73.1 74.9 76.1 76.8 78.7 78.4 79.9 82.9 84.2 86.8 88.3 87.0 88.1 91.0 92.7 93.8 94.5 0.00 0.00 0.00 0.00 0.00 0.00 0.00 0.00 
70.3 72.5 73.3 74.5 75.8 77.3 77.4 79.0 80.8 80.1 81.6 84.7 87.5 85.9 88.3 89.3 90.9 91.5 0.00 0.00 0.00 0.00 0.00 0.00 0.00 0.00 0.00 
70.5 73.0 74.6 76.1 77.4 78.2 78.2 79.9 82.5 81.8 81.5 84.0 87.3 87.7 0.00 0.00 0.00 0.00 0.00 0.00 0.00 0.00 0.00 0.00 0.00 0.00 0.00 
71.1 73.5 75.3 76.9 77.3 76.8 78.1 80.9 82.5 83.3 84.3 83.6 86.0 85.7 84.7 0.00 0.00 0.00 0.00 0.00 0.00 0.00 0.00 0.00 0.00 0.00 0.00 
