2016_CCC_ARR_IFD/catchment_depth_180min_01000aep.txt.asc
ncols         27
nrows         23
xllcorner     150.975
yllcorner     -33.6
cellsize      0.025
NODATA_value  -9999
89.4 89.6 91.9 93.8 93.8 93.7 94.6 97.1 99.7 104 108 110 111 114 116 118 118 118 120 122 124 126 128 130 131 132 134 
90.9 91.6 92.9 94.9 96.0 96.8 97.4 99.5 103 107 110 113 114 116 118 118 117 119 121 123 125 127 129 131 132 133 135 
90.6 92.6 95.0 96.2 97.0 98.6 100 102 106 109 112 114 116 117 120 122 123 122 124 125 127 129 130 132 133 135 136 
92.4 93.6 96.1 95.4 97.2 99.1 103 104 107 110 114 116 118 120 122 123 124 124 126 127 129 130 132 133 134 136 138 
93.0 94.0 96.7 96.0 98.8 101 104 107 111 114 116 117 121 122 125 125 127 127 129 130 131 132 133 135 136 137 138 
92.8 95.9 96.9 96.6 101 102 104 108 113 116 118 120 123 125 128 127 130 131 132 132 133 134 135 136 137 139 139 
92.7 95.2 96.2 98.1 103 103 107 111 115 119 121 123 124 129 131 130 132 134 135 135 135 136 137 138 139 140 141 
93.1 96.8 99.4 102 105 105 109 114 118 121 123 124 128 131 134 135 135 136 137 138 138 138 139 139 140 140 0.00 
94.2 98.1 100 104 105 107 110 116 119 123 126 128 131 132 136 136 138 139 140 140 140 140 140 140 140 141 0.00 
95.2 97.0 101 103 107 108 110 116 119 126 129 131 134 135 136 139 139 141 143 143 142 141 141 141 0.00 0.00 0.00 
95.4 97.7 100 102 108 109 113 118 123 128 131 132 134 138 139 141 141 143 144 144 143 142 142 142 143 0.00 0.00 
95.2 97.5 101 105 109 110 112 119 125 128 133 135 135 138 140 142 143 144 144 144 143 143 143 0.00 0.00 0.00 0.00 
95.6 98.7 102 106 109 111 112 120 125 127 133 135 138 137 140 141 142 144 143 143 144 143 0.00 0.00 0.00 0.00 0.00 
95.9 98.5 101 106 108 110 113 120 124 127 132 133 138 139 140 141 143 145 144 143 144 143 0.00 0.00 0.00 0.00 0.00 
95.7 98.1 101 105 109 112 113 118 124 125 129 134 137 138 139 141 143 145 145 144 145 0.00 0.00 0.00 0.00 0.00 0.00 
96.4 98.3 101 105 109 112 113 117 121 126 128 132 136 137 138 140 143 142 144 143 146 0.00 0.00 0.00 0.00 0.00 0.00 
96.7 98.6 101 104 107 113 115 115 122 126 127 128 134 135 135 138 139 141 140 141 0.00 0.00 0.00 0.00 0.00 0.00 0.00 
96.9 99.1 102 104 107 110 112 115 122 124 125 131 133 133 132 136 139 140 139 0.00 0.00 0.00 0.00 0.00 0.00 0.00 0.00 
97.9 100 104 107 110 113 113 118 122 122 125 127 131 128 130 132 136 138 139 0.00 0.00 0.00 0.00 0.00 0.00 0.00 0.00 
98.6 102 105 108 110 111 114 113 116 121 123 127 130 126 127 133 136 137 138 0.00 0.00 0.00 0.00 0.00 0.00 0.00 0.00 
100 104 105 108 110 112 112 115 118 115 118 123 128 124 128 129 132 133 0.00 0.00 0.00 0.00 0.00 0.00 0.00 0.00 0.00 
101 105 108 111 113 114 114 117 121 119 117 122 128 128 0.00 0.00 0.00 0.00 0.00 0.00 0.00 0.00 0.00 0.00 0.00 0.00 0.00 
102 107 110 113 113 112 114 119 121 122 124 121 125 124 121 0.00 0.00 0.00 0.00 0.00 0.00 0.00 0.00 0.00 0.00 0.00 0.00 
