2016_CCC_ARR_IFD/catchment_depth_10min_01000aep.txt.asc
ncols         27
nrows         23
xllcorner     150.975
yllcorner     -33.6
cellsize      0.025
NODATA_value  -9999
31.2 31.1 31.7 32.1 31.9 31.7 31.8 32.5 33.2 34.3 35.3 35.8 36.2 36.8 37.2 37.6 38.1 38.3 38.8 39.2 39.6 40.1 40.5 40.7 41.0 41.2 41.5 
31.5 31.5 31.7 32.2 32.3 32.3 32.3 32.9 33.7 34.8 35.7 36.2 36.6 37.0 37.5 38.0 38.4 38.6 39.0 39.4 39.8 40.2 40.5 40.8 41.1 41.4 41.7 
31.1 31.6 32.2 32.3 32.3 32.5 32.8 33.2 34.4 35.1 35.9 36.4 36.8 37.2 37.8 38.2 38.9 39.3 39.4 39.6 40.0 40.3 40.7 41.0 41.3 41.6 41.9 
31.6 31.6 32.3 31.5 31.9 32.3 33.4 33.6 34.2 35.1 36.0 36.5 37.1 37.6 38.2 38.8 39.3 39.4 39.7 39.9 40.3 40.6 40.9 41.2 41.5 41.8 42.2 
31.6 31.5 32.2 31.3 32.0 32.6 33.4 34.0 35.0 35.9 36.2 36.6 37.5 38.0 38.6 39.2 39.7 39.8 40.0 40.4 40.5 40.8 41.1 41.4 41.7 42.1 42.3 
31.3 32.1 31.9 31.2 32.6 32.6 33.2 34.0 35.3 36.2 36.5 37.1 37.9 38.5 39.1 39.3 40.0 40.4 40.7 40.5 40.7 41.0 41.3 41.6 41.9 42.3 42.4 
31.2 31.6 31.4 31.6 32.9 32.8 33.7 34.5 35.6 36.6 36.9 37.6 38.2 38.9 39.6 39.6 40.2 40.7 40.9 40.8 41.0 41.3 41.6 41.8 42.2 42.5 42.8 
31.4 32.1 32.6 33.0 33.5 33.2 34.1 35.3 36.1 36.9 37.3 38.0 38.9 39.5 40.0 40.4 40.5 40.7 41.0 41.1 41.3 41.6 41.8 41.9 42.2 42.5 0.00 
31.7 32.6 32.8 33.5 33.5 33.8 34.4 35.8 36.3 37.2 37.9 38.5 39.4 39.9 40.5 40.6 40.7 41.0 41.2 41.4 41.6 41.7 41.9 42.1 42.4 42.5 0.00 
32.1 32.3 33.1 33.4 34.0 34.2 34.7 35.7 36.4 37.6 38.2 38.8 39.4 40.3 40.5 41.0 40.9 41.2 41.5 41.8 41.9 42.0 42.1 42.4 0.00 0.00 0.00 
32.3 32.6 33.0 33.3 34.4 34.5 35.2 36.2 37.0 38.0 38.5 39.1 39.8 40.2 40.9 41.3 41.3 41.5 41.7 41.8 42.0 42.1 42.3 42.6 42.7 0.00 0.00 
32.4 32.8 33.4 34.0 34.8 34.9 35.3 36.6 37.5 38.1 38.9 39.4 39.9 40.5 41.0 41.5 41.7 41.7 41.7 41.9 42.1 42.2 42.4 0.00 0.00 0.00 0.00 
32.7 33.2 33.8 34.5 35.0 35.2 35.5 36.9 37.7 38.1 39.0 39.5 40.0 40.5 41.1 41.4 41.5 41.9 41.8 41.9 42.1 42.3 0.00 0.00 0.00 0.00 0.00 
32.9 33.4 33.8 34.6 34.9 35.3 35.8 36.9 37.7 38.2 39.0 39.5 40.1 40.7 41.2 41.5 41.9 42.2 42.1 42.0 42.2 42.3 0.00 0.00 0.00 0.00 0.00 
32.9 33.3 33.8 34.6 35.2 35.8 35.9 36.7 37.8 38.1 38.8 39.6 40.2 40.7 41.1 41.5 41.9 42.2 42.4 42.2 42.5 0.00 0.00 0.00 0.00 0.00 0.00 
33.4 33.6 33.9 34.7 35.5 35.8 36.0 36.7 37.4 38.3 38.8 39.5 40.2 40.6 41.0 41.5 41.9 41.8 42.1 42.1 42.7 0.00 0.00 0.00 0.00 0.00 0.00 
33.8 34.0 34.0 34.5 35.2 36.1 36.4 36.4 37.7 38.3 38.7 39.1 40.0 40.5 40.5 41.1 41.4 41.7 41.7 41.7 0.00 0.00 0.00 0.00 0.00 0.00 0.00 
33.9 34.3 34.4 34.4 35.1 35.6 35.9 36.5 37.7 38.1 38.4 39.4 39.9 40.1 40.1 40.9 41.4 41.6 41.4 0.00 0.00 0.00 0.00 0.00 0.00 0.00 0.00 
33.7 34.3 34.9 35.2 35.7 36.2 36.0 37.0 37.8 37.9 38.4 39.0 39.7 39.4 39.8 40.3 40.8 41.3 41.5 0.00 0.00 0.00 0.00 0.00 0.00 0.00 0.00 
33.6 34.4 35.0 35.5 35.7 35.8 36.4 36.2 36.7 37.7 38.2 39.0 39.5 39.1 39.4 40.3 40.8 41.2 41.4 0.00 0.00 0.00 0.00 0.00 0.00 0.00 0.00 
33.9 34.7 34.8 35.2 35.5 35.9 35.9 36.4 37.0 36.9 37.4 38.4 39.2 38.8 39.5 39.8 40.3 40.5 0.00 0.00 0.00 0.00 0.00 0.00 0.00 0.00 0.00 
33.8 34.7 35.2 35.6 36.0 36.2 36.1 36.7 37.5 37.4 37.4 38.2 39.2 39.3 0.00 0.00 0.00 0.00 0.00 0.00 0.00 0.00 0.00 0.00 0.00 0.00 0.00 
33.9 34.7 35.2 35.7 35.7 35.5 36.0 36.9 37.5 37.8 38.2 38.1 38.8 38.8 38.5 0.00 0.00 0.00 0.00 0.00 0.00 0.00 0.00 0.00 0.00 0.00 0.00 
