2016_CCC_ARR_IFD/catchment_depth_25min_99752aep.txt.asc
ncols         27
nrows         23
xllcorner     150.975
yllcorner     -33.6
cellsize      0.025
NODATA_value  -9999
6.80 6.78 6.88 6.95 6.89 6.83 6.83 6.93 7.04 7.23 7.45 7.54 7.57 7.76 7.82 7.93 7.89 7.92 8.03 8.14 8.24 8.34 8.45 8.55 8.64 8.73 8.82 
6.88 6.89 6.92 6.99 7.00 7.00 6.97 7.04 7.17 7.38 7.59 7.76 7.76 7.80 7.95 7.85 7.91 7.99 8.09 8.20 8.30 8.41 8.51 8.60 8.69 8.78 8.87 
6.86 6.94 7.03 7.05 7.04 7.07 7.09 7.14 7.34 7.47 7.62 7.74 7.75 7.74 7.95 8.09 8.03 8.08 8.17 8.27 8.37 8.47 8.56 8.66 8.75 8.84 8.93 
6.96 6.98 7.08 6.99 7.04 7.09 7.24 7.25 7.31 7.48 7.63 7.68 7.78 7.84 8.00 7.98 8.06 8.13 8.24 8.34 8.44 8.54 8.63 8.72 8.81 8.90 9.00 
6.98 7.00 7.10 7.04 7.12 7.19 7.28 7.35 7.51 7.70 7.68 7.63 7.86 7.82 8.00 8.00 8.13 8.20 8.31 8.42 8.52 8.61 8.69 8.78 8.87 8.96 9.04 
6.97 7.10 7.11 7.07 7.22 7.23 7.25 7.35 7.59 7.78 7.70 7.76 7.81 7.89 8.02 8.04 8.17 8.29 8.39 8.49 8.59 8.68 8.76 8.84 8.93 9.02 9.09 
6.94 7.05 7.07 7.13 7.28 7.25 7.36 7.47 7.66 7.88 7.81 7.81 7.78 8.07 8.06 8.10 8.23 8.36 8.46 8.56 8.66 8.74 8.82 8.90 8.99 9.08 9.17 
6.95 7.13 7.22 7.30 7.39 7.29 7.45 7.64 7.80 7.98 7.85 7.77 7.87 7.98 8.15 8.20 8.29 8.40 8.52 8.62 8.71 8.80 8.88 8.95 9.03 9.11 0.00 
7.01 7.19 7.25 7.38 7.38 7.41 7.43 7.77 7.82 8.05 8.15 8.00 7.96 8.02 8.16 8.24 8.35 8.47 8.58 8.68 8.77 8.84 8.92 9.00 9.08 9.15 0.00 
7.06 7.10 7.28 7.35 7.46 7.43 7.45 7.64 7.74 8.12 8.20 8.19 8.31 8.13 8.18 8.31 8.40 8.53 8.64 8.73 8.82 8.89 8.97 9.05 0.00 0.00 0.00 
7.06 7.13 7.21 7.21 7.50 7.46 7.57 7.80 7.96 8.25 8.38 8.14 8.13 8.42 8.33 8.41 8.46 8.57 8.68 8.77 8.85 8.93 9.02 9.11 9.19 0.00 0.00 
7.02 7.10 7.24 7.39 7.58 7.51 7.52 7.87 8.14 8.16 8.46 8.48 8.23 8.29 8.37 8.44 8.53 8.61 8.70 8.80 8.88 8.97 9.06 0.00 0.00 0.00 0.00 
7.06 7.20 7.32 7.48 7.57 7.54 7.53 7.93 8.14 8.05 8.41 8.44 8.58 8.26 8.36 8.43 8.53 8.65 8.73 8.83 8.92 9.01 0.00 0.00 0.00 0.00 0.00 
7.08 7.19 7.27 7.48 7.51 7.54 7.61 7.90 8.06 8.08 8.32 8.30 8.62 8.46 8.44 8.47 8.60 8.73 8.79 8.87 8.97 9.05 0.00 0.00 0.00 0.00 0.00 
7.05 7.15 7.24 7.43 7.57 7.67 7.62 7.77 8.09 8.03 8.16 8.40 8.60 8.43 8.39 8.50 8.64 8.78 8.89 8.93 9.05 0.00 0.00 0.00 0.00 0.00 0.00 
7.19 7.20 7.26 7.44 7.64 7.67 7.65 7.78 7.91 8.13 8.15 8.30 8.58 8.46 8.41 8.55 8.75 8.77 8.90 8.98 9.21 0.00 0.00 0.00 0.00 0.00 0.00 
7.27 7.31 7.31 7.40 7.54 7.79 7.79 7.75 8.04 8.19 8.18 8.21 8.50 8.47 8.47 8.59 8.70 8.83 8.92 9.02 0.00 0.00 0.00 0.00 0.00 0.00 0.00 
7.31 7.39 7.41 7.44 7.55 7.65 7.72 7.81 8.12 8.16 8.16 8.44 8.55 8.49 8.53 8.67 8.81 8.90 8.98 0.00 0.00 0.00 0.00 0.00 0.00 0.00 0.00 
7.33 7.42 7.56 7.64 7.75 7.86 7.79 7.98 8.19 8.15 8.26 8.40 8.56 8.51 8.62 8.74 8.87 8.99 9.10 0.00 0.00 0.00 0.00 0.00 0.00 0.00 0.00 
7.39 7.50 7.63 7.75 7.80 7.81 7.93 7.92 8.01 8.20 8.31 8.53 8.65 8.60 8.71 8.89 9.03 9.15 9.24 0.00 0.00 0.00 0.00 0.00 0.00 0.00 0.00 
7.49 7.65 7.67 7.74 7.82 7.92 7.94 8.04 8.15 8.19 8.32 8.51 8.75 8.71 8.87 8.97 9.10 9.18 0.00 0.00 0.00 0.00 0.00 0.00 0.00 0.00 0.00 
7.56 7.72 7.82 7.92 8.01 8.06 8.07 8.19 8.41 8.38 8.44 8.64 8.91 8.98 0.00 0.00 0.00 0.00 0.00 0.00 0.00 0.00 0.00 0.00 0.00 0.00 0.00 
7.66 7.80 7.92 8.04 8.06 8.07 8.18 8.38 8.53 8.64 8.77 8.80 9.00 9.05 9.07 0.00 0.00 0.00 0.00 0.00 0.00 0.00 0.00 0.00 0.00 0.00 0.00 
