2016_CCC_ARR_IFD/catchment_depth_4min_99752aep.txt.asc
ncols         27
nrows         23
xllcorner     150.975
yllcorner     -33.6
cellsize      0.025
NODATA_value  -9999
2.28 2.27 2.30 2.32 2.31 2.30 2.31 2.34 2.38 2.44 2.51 2.55 2.57 2.63 2.66 2.70 2.71 2.78 2.82 2.87 2.91 2.95 2.99 3.03 3.07 3.10 3.14 
2.31 2.31 2.33 2.35 2.36 2.36 2.36 2.39 2.44 2.50 2.57 2.63 2.64 2.66 2.71 2.71 2.76 2.82 2.87 2.92 2.96 2.99 3.03 3.07 3.11 3.14 3.17 
2.31 2.34 2.37 2.38 2.38 2.40 2.41 2.44 2.50 2.55 2.60 2.64 2.66 2.68 2.74 2.78 2.80 2.85 2.91 2.96 3.00 3.04 3.08 3.11 3.14 3.18 3.21 
2.35 2.36 2.40 2.38 2.40 2.42 2.47 2.49 2.52 2.57 2.62 2.65 2.69 2.73 2.78 2.80 2.84 2.91 2.96 3.01 3.05 3.08 3.12 3.15 3.18 3.21 3.24 
2.37 2.38 2.41 2.40 2.43 2.46 2.50 2.53 2.59 2.65 2.66 2.67 2.74 2.76 2.81 2.85 2.89 2.96 3.01 3.05 3.09 3.13 3.16 3.19 3.22 3.25 3.28 
2.37 2.42 2.43 2.42 2.48 2.49 2.52 2.56 2.63 2.70 2.70 2.73 2.76 2.80 2.85 2.91 2.95 2.99 3.04 3.10 3.14 3.17 3.20 3.23 3.26 3.28 3.31 
2.38 2.42 2.43 2.45 2.51 2.52 2.56 2.61 2.68 2.75 2.75 2.77 2.80 2.87 2.89 2.96 3.00 3.04 3.10 3.15 3.19 3.22 3.24 3.27 3.29 3.32 3.34 
2.39 2.45 2.49 2.52 2.56 2.54 2.60 2.68 2.74 2.80 2.79 2.79 2.84 2.89 2.94 2.99 3.05 3.11 3.16 3.20 3.23 3.26 3.28 3.30 3.33 3.35 0.00 
2.41 2.48 2.51 2.56 2.57 2.59 2.62 2.73 2.76 2.84 2.89 2.87 2.88 2.92 2.98 3.04 3.10 3.16 3.21 3.25 3.27 3.30 3.32 3.34 3.36 3.38 0.00 
2.44 2.46 2.53 2.56 2.61 2.62 2.64 2.72 2.76 2.89 2.93 2.94 2.99 2.97 3.02 3.08 3.15 3.21 3.26 3.29 3.31 3.33 3.35 3.37 0.00 0.00 0.00 
2.45 2.48 2.52 2.53 2.64 2.64 2.69 2.78 2.84 2.95 3.00 2.95 2.97 3.06 3.07 3.11 3.18 3.25 3.30 3.32 3.34 3.36 3.38 3.40 3.42 0.00 0.00 
2.44 2.47 2.54 2.60 2.68 2.67 2.69 2.82 2.92 2.95 3.05 3.07 3.02 3.06 3.10 3.15 3.20 3.26 3.31 3.35 3.37 3.39 3.42 0.00 0.00 0.00 0.00 
2.46 2.52 2.58 2.65 2.69 2.69 2.71 2.86 2.93 2.93 3.05 3.08 3.13 3.07 3.12 3.17 3.23 3.28 3.33 3.37 3.40 3.42 0.00 0.00 0.00 0.00 0.00 
2.47 2.53 2.57 2.65 2.68 2.71 2.75 2.86 2.93 2.96 3.04 3.05 3.16 3.14 3.15 3.19 3.25 3.30 3.35 3.39 3.43 3.45 0.00 0.00 0.00 0.00 0.00 
2.46 2.51 2.57 2.65 2.72 2.77 2.77 2.84 2.95 2.96 3.01 3.10 3.17 3.15 3.15 3.21 3.27 3.32 3.37 3.42 3.46 0.00 0.00 0.00 0.00 0.00 0.00 
2.54 2.55 2.59 2.67 2.76 2.78 2.80 2.86 2.92 3.00 3.03 3.09 3.18 3.17 3.16 3.23 3.30 3.33 3.39 3.43 3.48 0.00 0.00 0.00 0.00 0.00 0.00 
2.59 2.61 2.62 2.67 2.73 2.83 2.86 2.87 2.97 3.03 3.05 3.08 3.18 3.18 3.19 3.25 3.30 3.35 3.40 3.44 0.00 0.00 0.00 0.00 0.00 0.00 0.00 
2.61 2.65 2.67 2.70 2.75 2.81 2.85 2.90 3.01 3.05 3.07 3.16 3.21 3.20 3.22 3.28 3.34 3.38 3.42 0.00 0.00 0.00 0.00 0.00 0.00 0.00 0.00 
2.63 2.68 2.74 2.78 2.83 2.88 2.89 2.97 3.05 3.06 3.12 3.17 3.23 3.22 3.26 3.31 3.37 3.42 3.46 0.00 0.00 0.00 0.00 0.00 0.00 0.00 0.00 
2.67 2.72 2.77 2.83 2.86 2.89 2.95 2.97 3.02 3.10 3.15 3.22 3.27 3.26 3.31 3.37 3.43 3.47 3.51 0.00 0.00 0.00 0.00 0.00 0.00 0.00 0.00 
2.71 2.77 2.80 2.84 2.88 2.94 2.97 3.02 3.08 3.11 3.16 3.24 3.32 3.31 3.37 3.41 3.46 3.49 0.00 0.00 0.00 0.00 0.00 0.00 0.00 0.00 0.00 
2.75 2.81 2.86 2.90 2.95 2.99 3.02 3.08 3.16 3.18 3.22 3.29 3.37 3.41 0.00 0.00 0.00 0.00 0.00 0.00 0.00 0.00 0.00 0.00 0.00 0.00 0.00 
2.79 2.85 2.90 2.95 2.98 3.01 3.07 3.14 3.21 3.26 3.32 3.35 3.41 3.44 3.45 0.00 0.00 0.00 0.00 0.00 0.00 0.00 0.00 0.00 0.00 0.00 0.00 
