2016_CCC_ARR_IFD/catchment_depth_120min_50000aep.txt.asc
ncols         27
nrows         23
xllcorner     150.975
yllcorner     -33.6
cellsize      0.025
NODATA_value  -9999
30.1 30.1 30.5 30.8 30.6 30.4 30.5 31.0 31.5 32.4 33.4 33.8 34.0 34.8 35.1 35.6 35.5 35.8 36.3 36.7 37.2 37.6 38.0 38.3 38.7 39.1 39.4 
30.4 30.4 30.6 31.0 31.1 31.1 31.1 31.5 32.1 33.0 33.9 34.7 34.8 35.0 35.6 35.3 35.6 36.2 36.7 37.2 37.6 38.0 38.3 38.7 39.0 39.4 39.7 
30.3 30.6 31.0 31.2 31.2 31.4 31.6 31.9 32.8 33.4 34.1 34.7 34.8 34.8 35.7 36.2 36.1 36.3 37.0 37.6 38.0 38.4 38.7 39.0 39.4 39.7 40.0 
30.6 30.8 31.2 30.9 31.2 31.5 32.2 32.4 32.8 33.5 34.2 34.5 35.0 35.3 35.9 35.9 36.3 37.0 37.5 38.0 38.4 38.8 39.1 39.4 39.7 40.0 40.3 
30.7 30.9 31.3 31.1 31.5 32.0 32.4 32.9 33.6 34.4 34.5 34.5 35.4 35.4 36.1 36.3 36.8 37.5 38.0 38.4 38.9 39.2 39.5 39.7 40.0 40.3 40.6 
30.7 31.2 31.4 31.3 32.0 32.2 32.5 33.0 34.0 34.8 34.7 35.1 35.4 35.9 36.4 37.0 37.3 37.8 38.3 39.0 39.3 39.6 39.9 40.1 40.3 40.6 40.8 
30.8 31.1 31.3 31.6 32.3 32.4 33.0 33.5 34.4 35.3 35.2 35.5 35.8 36.5 36.8 37.6 38.0 38.4 39.0 39.5 39.8 40.0 40.2 40.4 40.6 40.9 41.1 
31.0 31.5 31.9 32.3 32.8 32.7 33.4 34.3 35.0 35.7 35.6 35.7 36.2 36.7 37.2 37.8 38.7 39.3 39.7 40.1 40.3 40.4 40.6 40.7 40.9 41.1 0.00 
31.1 31.7 32.1 32.7 32.9 33.2 33.6 34.8 35.2 36.1 36.6 36.5 36.7 37.2 37.7 38.5 39.3 39.9 40.4 40.6 40.7 40.8 40.9 41.0 41.1 41.3 0.00 
31.4 31.7 32.3 32.7 33.3 33.5 33.9 34.7 35.2 36.5 37.0 37.2 37.7 37.6 38.3 38.8 39.8 40.5 41.0 41.1 41.1 41.1 41.1 41.2 0.00 0.00 0.00 
31.5 31.9 32.3 32.7 33.6 33.8 34.4 35.3 36.0 37.1 37.6 37.3 37.6 38.4 38.6 39.1 40.0 40.8 41.3 41.3 41.3 41.3 41.4 41.4 41.5 0.00 0.00 
31.6 32.0 32.5 33.1 33.9 34.1 34.5 35.6 36.7 37.0 38.1 38.4 38.0 38.4 38.9 39.4 40.0 40.7 41.2 41.4 41.4 41.5 41.6 0.00 0.00 0.00 0.00 
31.8 32.2 32.8 33.5 34.0 34.3 34.7 35.9 36.8 36.9 38.1 38.4 38.9 38.6 39.1 39.6 40.2 40.7 41.1 41.3 41.5 41.6 0.00 0.00 0.00 0.00 0.00 
31.9 32.3 32.8 33.5 34.0 34.5 35.0 36.0 36.7 37.1 38.0 38.2 39.1 39.1 39.3 39.7 40.2 40.7 41.1 41.3 41.6 41.7 0.00 0.00 0.00 0.00 0.00 
32.1 32.5 32.9 33.5 34.2 34.9 35.2 35.9 36.9 37.1 37.8 38.6 39.2 39.1 39.3 39.8 40.3 40.8 41.1 41.4 41.7 0.00 0.00 0.00 0.00 0.00 0.00 
32.1 32.6 33.1 33.7 34.5 35.0 35.4 36.1 36.7 37.5 37.9 38.5 39.3 39.3 39.3 39.8 40.5 40.7 41.1 41.4 41.9 0.00 0.00 0.00 0.00 0.00 0.00 
32.2 32.6 33.3 33.8 34.4 35.3 35.8 36.1 37.1 37.8 38.1 38.4 39.2 39.3 39.3 39.8 40.3 40.7 41.0 41.4 0.00 0.00 0.00 0.00 0.00 0.00 0.00 
32.4 32.8 33.4 34.1 34.7 35.3 35.8 36.4 37.4 37.9 38.2 39.0 39.4 39.4 39.4 40.0 40.5 40.8 41.1 0.00 0.00 0.00 0.00 0.00 0.00 0.00 0.00 
32.8 33.1 33.8 34.4 35.1 35.7 36.1 36.9 37.7 38.0 38.5 39.0 39.6 39.3 39.6 40.1 40.5 41.0 41.4 0.00 0.00 0.00 0.00 0.00 0.00 0.00 0.00 
33.1 33.5 34.1 34.8 35.3 35.8 36.5 36.9 37.5 38.3 38.8 39.4 39.8 39.5 39.8 40.5 41.0 41.4 41.7 0.00 0.00 0.00 0.00 0.00 0.00 0.00 0.00 
33.4 34.0 34.4 34.9 35.5 36.1 36.6 37.3 38.0 38.1 38.6 39.4 40.1 39.7 40.3 40.6 41.1 41.3 0.00 0.00 0.00 0.00 0.00 0.00 0.00 0.00 0.00 
33.7 34.3 34.9 35.4 36.0 36.5 37.0 37.7 38.4 38.8 39.0 39.6 40.4 40.6 0.00 0.00 0.00 0.00 0.00 0.00 0.00 0.00 0.00 0.00 0.00 0.00 0.00 
34.0 34.6 35.2 35.8 36.2 36.5 37.2 38.0 38.7 39.2 39.8 39.9 40.6 40.7 40.4 0.00 0.00 0.00 0.00 0.00 0.00 0.00 0.00 0.00 0.00 0.00 0.00 
