2016_CCC_ARR_IFD/catchment_depth_4320min_00200aep.txt.asc
ncols         27
nrows         23
xllcorner     150.975
yllcorner     -33.6
cellsize      0.025
NODATA_value  -9999
414 411 433 445 433 419 412 431 449 481 517 529 531 562 569 583 569 554 566 578 584 597 608 606 604 602 600 
432 432 438 452 451 446 435 446 469 503 539 568 561 563 588 562 559 559 566 577 587 594 599 600 601 600 598 
422 440 459 460 454 456 455 460 495 515 540 557 554 547 581 601 583 577 577 580 586 590 593 596 600 600 599 
446 447 468 442 448 453 480 477 486 511 535 540 554 561 584 573 580 572 579 582 590 592 595 597 598 601 611 
449 449 468 445 459 469 483 492 517 549 540 529 564 553 579 570 587 577 583 591 592 593 592 596 598 605 605 
442 470 465 447 478 473 474 490 528 557 542 549 554 562 579 563 583 592 599 588 591 593 594 595 601 608 601 
432 455 450 458 488 476 493 510 539 571 557 556 543 590 582 564 581 596 598 592 592 594 595 596 601 610 617 
431 471 485 497 508 481 508 539 561 586 564 547 562 575 594 591 582 583 592 590 589 594 596 591 594 596 0.00 
445 484 490 512 505 504 505 560 564 596 608 586 576 577 594 588 584 587 588 591 593 590 590 589 591 591 0.00 
458 462 495 503 518 508 507 539 552 606 616 612 626 596 588 599 583 586 589 595 594 590 589 590 0.00 0.00 0.00 
457 467 480 475 526 514 529 565 585 626 643 606 602 636 617 619 597 591 590 591 591 591 593 595 595 0.00 0.00 
447 460 485 508 539 523 520 574 614 613 653 652 614 618 621 620 617 603 594 593 593 593 595 0.00 0.00 0.00 0.00 
454 479 499 525 536 526 519 584 612 596 644 645 660 611 617 613 607 611 599 596 596 595 0.00 0.00 0.00 0.00 0.00 
458 475 487 521 522 524 533 578 599 600 630 623 662 637 629 621 625 630 613 601 602 597 0.00 0.00 0.00 0.00 0.00 
449 464 477 509 531 546 532 556 602 590 606 634 655 631 622 624 629 634 633 613 619 0.00 0.00 0.00 0.00 0.00 0.00 
471 471 477 508 541 543 535 554 571 601 601 617 648 630 624 629 638 620 623 612 644 0.00 0.00 0.00 0.00 0.00 0.00 
481 485 481 496 518 558 556 538 587 605 599 599 631 625 623 624 621 620 608 603 0.00 0.00 0.00 0.00 0.00 0.00 0.00 
484 494 497 496 514 529 534 546 594 595 588 621 628 615 605 619 623 618 604 0.00 0.00 0.00 0.00 0.00 0.00 0.00 0.00 
484 499 521 533 548 562 542 572 598 584 593 603 617 592 594 601 608 612 611 0.00 0.00 0.00 0.00 0.00 0.00 0.00 0.00 
489 511 533 549 552 546 561 543 553 582 585 607 613 582 582 604 613 617 615 0.00 0.00 0.00 0.00 0.00 0.00 0.00 0.00 
505 538 534 541 549 559 547 559 571 549 556 582 607 570 587 586 595 592 0.00 0.00 0.00 0.00 0.00 0.00 0.00 0.00 0.00 
512 546 561 573 580 577 563 574 600 576 558 577 610 599 0.00 0.00 0.00 0.00 0.00 0.00 0.00 0.00 0.00 0.00 0.00 0.00 0.00 
525 555 574 590 579 559 566 594 604 601 601 575 595 575 550 0.00 0.00 0.00 0.00 0.00 0.00 0.00 0.00 0.00 0.00 0.00 0.00 
