2016_CCC_ARR_IFD/catchment_depth_2880min_20000aep.txt.asc
ncols         27
nrows         23
xllcorner     150.975
yllcorner     -33.6
cellsize      0.025
NODATA_value  -9999
139 137 145 149 144 139 136 142 148 158 170 174 173 184 185 190 181 171 174 176 177 181 185 184 184 184 184 
145 145 147 151 151 149 144 147 155 166 178 188 185 184 193 180 176 173 173 176 179 181 183 183 184 184 184 
142 148 155 154 152 152 152 152 164 171 179 185 182 177 190 196 187 181 178 177 179 181 182 183 185 185 185 
150 151 158 148 150 151 160 158 161 169 178 178 182 183 191 184 185 179 179 179 182 183 184 185 186 187 190 
151 151 158 149 154 157 161 164 173 184 179 173 186 179 188 182 188 182 182 184 184 185 185 186 187 189 190 
149 159 157 150 160 158 158 163 177 187 179 181 181 182 188 180 186 188 190 185 186 186 187 187 190 192 190 
145 153 151 154 164 159 164 170 180 192 185 183 177 194 189 181 186 191 190 188 188 188 189 189 191 194 197 
145 159 164 168 172 161 170 181 189 197 187 179 184 188 194 192 188 188 190 189 189 190 191 189 191 191 0.00 
150 164 165 173 170 169 169 189 189 201 204 194 189 189 194 191 189 190 190 191 191 190 190 191 191 191 0.00 
155 156 167 170 175 171 170 180 185 204 207 204 208 197 193 196 190 191 192 194 193 192 192 193 0.00 0.00 0.00 
154 158 162 159 178 173 177 190 197 211 217 202 200 212 204 204 196 194 194 194 194 193 195 196 196 0.00 0.00 
151 155 164 172 183 176 174 194 207 206 220 219 205 206 206 205 204 199 196 195 195 195 196 0.00 0.00 0.00 0.00 
153 162 169 178 181 177 174 197 207 201 217 217 222 204 205 204 201 203 199 197 197 197 0.00 0.00 0.00 0.00 0.00 
155 161 164 176 176 177 179 195 203 202 213 210 223 214 210 207 208 210 204 200 201 198 0.00 0.00 0.00 0.00 0.00 
151 157 161 172 180 185 179 188 204 199 205 214 221 212 208 209 211 213 212 205 207 0.00 0.00 0.00 0.00 0.00 0.00 
159 159 161 172 184 184 181 187 193 204 203 209 220 213 210 211 215 208 209 205 217 0.00 0.00 0.00 0.00 0.00 0.00 
163 164 163 168 175 190 189 182 200 206 204 203 215 212 210 211 209 209 205 203 0.00 0.00 0.00 0.00 0.00 0.00 0.00 
164 167 168 168 174 179 181 185 203 203 200 212 214 209 205 210 211 210 204 0.00 0.00 0.00 0.00 0.00 0.00 0.00 0.00 
163 169 177 181 186 192 185 195 205 200 203 207 212 202 202 204 207 208 208 0.00 0.00 0.00 0.00 0.00 0.00 0.00 0.00 
165 173 181 187 188 186 192 186 190 200 201 209 211 199 199 207 210 211 211 0.00 0.00 0.00 0.00 0.00 0.00 0.00 0.00 
170 182 181 184 187 191 187 192 197 189 191 201 210 196 202 202 205 203 0.00 0.00 0.00 0.00 0.00 0.00 0.00 0.00 0.00 
173 185 191 196 198 198 194 198 208 200 193 200 212 208 0.00 0.00 0.00 0.00 0.00 0.00 0.00 0.00 0.00 0.00 0.00 0.00 0.00 
177 188 196 202 198 192 195 206 210 209 210 201 208 201 191 0.00 0.00 0.00 0.00 0.00 0.00 0.00 0.00 0.00 0.00 0.00 0.00 
