2016_CCC_ARR_IFD/catchment_depth_270min_63212aep.txt.asc
ncols         27
nrows         23
xllcorner     150.975
yllcorner     -33.6
cellsize      0.025
NODATA_value  -9999
34.5 34.4 35.2 35.7 35.4 35.0 35.1 35.8 36.5 37.7 39.2 39.7 39.9 41.1 41.5 42.1 41.6 41.7 42.3 42.8 43.3 43.8 44.3 44.7 45.0 45.4 45.7 
35.0 35.1 35.4 36.0 36.1 36.1 36.0 36.5 37.4 38.7 40.0 41.2 41.1 41.3 42.3 41.5 41.6 42.3 42.9 43.4 43.9 44.4 44.8 45.2 45.5 45.9 46.2 
34.8 35.4 36.1 36.3 36.3 36.6 36.8 37.1 38.4 39.3 40.3 41.0 41.0 40.9 42.3 43.1 42.6 42.6 43.4 44.0 44.5 44.9 45.3 45.7 46.1 46.4 46.7 
35.5 35.7 36.4 35.9 36.3 36.7 37.7 37.9 38.3 39.4 40.3 40.6 41.2 41.6 42.6 42.3 42.8 43.5 44.1 44.7 45.2 45.6 45.9 46.3 46.6 46.9 47.3 
35.6 35.8 36.6 36.1 36.8 37.3 38.0 38.5 39.6 40.8 40.7 40.6 41.9 41.7 42.7 42.8 43.4 44.2 44.9 45.4 45.9 46.3 46.5 46.8 47.1 47.5 47.7 
35.6 36.5 36.6 36.4 37.5 37.7 38.0 38.7 40.1 41.3 41.0 41.4 41.9 42.4 43.0 43.7 44.2 44.8 45.5 46.2 46.7 46.9 47.2 47.4 47.7 48.0 48.1 
35.5 36.2 36.4 36.9 38.0 38.0 38.8 39.5 40.7 42.0 41.8 42.0 42.3 43.4 43.6 44.6 45.2 45.7 46.4 47.0 47.4 47.6 47.8 48.0 48.2 48.5 48.8 
35.7 36.8 37.4 38.1 38.7 38.4 39.4 40.6 41.6 42.7 42.3 42.3 43.0 43.7 44.3 45.1 46.1 46.8 47.4 47.8 48.0 48.2 48.3 48.4 48.6 48.8 0.00 
36.1 37.2 37.7 38.7 38.9 39.2 39.7 41.5 41.9 43.2 43.9 43.5 43.7 44.4 45.0 45.9 46.9 47.7 48.3 48.6 48.7 48.7 48.8 48.8 48.9 49.1 0.00 
36.5 36.9 38.0 38.6 39.4 39.6 40.0 41.2 41.9 43.8 44.4 44.6 45.3 45.0 45.8 46.5 47.6 48.5 49.2 49.2 49.2 49.2 49.2 49.2 0.00 0.00 0.00 
36.7 37.2 37.9 38.3 39.8 40.0 40.8 42.2 43.1 44.6 45.4 44.8 45.1 46.2 46.3 46.9 48.0 49.0 49.5 49.6 49.5 49.5 49.6 49.6 49.7 0.00 0.00 
36.7 37.3 38.2 39.2 40.4 40.5 40.9 42.7 44.2 44.6 46.1 46.4 45.7 46.2 46.8 47.4 48.1 49.0 49.4 49.6 49.7 49.7 49.8 0.00 0.00 0.00 0.00 
37.0 37.8 38.7 39.8 40.5 40.8 41.2 43.2 44.4 44.4 46.1 46.5 47.2 46.4 47.0 47.6 48.3 48.9 49.3 49.5 49.7 49.9 0.00 0.00 0.00 0.00 0.00 
37.2 37.9 38.6 39.8 40.4 41.1 41.8 43.3 44.3 44.8 46.0 46.2 47.5 47.3 47.4 47.8 48.4 49.0 49.3 49.5 49.8 49.9 0.00 0.00 0.00 0.00 0.00 
37.4 38.0 38.7 39.8 40.8 41.7 42.1 43.1 44.7 44.9 45.7 46.8 47.7 47.3 47.2 47.8 48.5 49.1 49.6 49.7 50.1 0.00 0.00 0.00 0.00 0.00 0.00 
37.6 38.3 39.0 40.0 41.3 42.0 42.5 43.5 44.4 45.5 45.9 46.7 47.8 47.6 47.2 47.9 48.8 48.8 49.4 49.6 50.6 0.00 0.00 0.00 0.00 0.00 0.00 
37.8 38.4 39.3 40.2 41.1 42.5 43.2 43.6 45.1 45.9 46.3 46.5 47.8 47.7 47.2 47.8 48.3 48.9 49.1 49.5 0.00 0.00 0.00 0.00 0.00 0.00 0.00 
38.0 38.7 39.6 40.5 41.4 42.4 43.3 44.1 45.5 46.2 46.5 47.6 48.1 47.7 47.3 48.1 48.7 49.0 49.2 0.00 0.00 0.00 0.00 0.00 0.00 0.00 0.00 
38.6 39.2 40.2 41.1 42.1 43.2 43.8 45.0 46.0 46.5 47.2 47.7 48.3 47.4 47.6 48.1 48.7 49.2 49.6 0.00 0.00 0.00 0.00 0.00 0.00 0.00 0.00 
39.1 39.8 40.7 41.7 42.5 43.3 44.4 45.0 45.9 47.1 47.6 48.3 48.7 47.7 47.8 48.9 49.5 49.9 50.2 0.00 0.00 0.00 0.00 0.00 0.00 0.00 0.00 
39.6 40.6 41.1 41.9 42.8 43.8 44.6 45.7 46.8 46.6 47.1 48.2 49.0 47.9 48.8 48.9 49.4 49.5 0.00 0.00 0.00 0.00 0.00 0.00 0.00 0.00 0.00 
40.0 41.0 41.8 42.7 43.5 44.3 45.1 46.1 47.1 47.8 47.8 48.5 49.5 49.5 0.00 0.00 0.00 0.00 0.00 0.00 0.00 0.00 0.00 0.00 0.00 0.00 0.00 
40.5 41.4 42.3 43.2 43.7 44.3 45.3 46.5 47.4 48.2 48.8 48.8 49.6 49.4 48.5 0.00 0.00 0.00 0.00 0.00 0.00 0.00 0.00 0.00 0.00 0.00 0.00 
