2016_CCC_ARR_IFD/catchment_depth_5760min_86466aep.txt.asc
ncols         27
nrows         23
xllcorner     150.975
yllcorner     -33.6
cellsize      0.025
NODATA_value  -9999
82.5 81.3 86.1 88.4 85.2 81.2 79.0 82.2 85.1 91.2 98.7 100 98.9 105 105 108 100 91.4 92.7 94.1 94.7 96.8 98.9 98.7 98.9 99.3 99.7 
86.5 86.1 86.9 89.7 89.0 87.1 83.9 85.2 89.4 96.4 104 109 106 105 110 99.6 95.2 92.6 92.8 93.9 95.5 96.9 97.9 98.6 99.3 99.7 100 
83.6 87.6 91.5 91.2 89.2 89.1 88.1 88.1 95.5 99.1 104 107 104 99.5 108 111 103 97.6 95.6 94.8 96.0 97.1 97.9 98.8 100 101 101 
88.8 88.7 93.0 86.3 87.1 87.5 93.6 91.6 92.4 97.7 102 102 103 103 108 101 101 96.4 96.6 96.4 97.9 98.4 99.2 100 101 102 104 
89.0 88.4 92.7 86.2 89.2 90.9 93.5 94.7 100 107 103 97.2 105 99.4 105 99.5 103 98.3 98.4 99.5 99.6 99.7 99.9 101 102 103 104 
86.7 92.9 91.2 86.0 93.1 91.0 90.0 92.9 102 109 102 102 101 101 104 98.1 102 103 103 100 100 101 101 102 103 105 104 
83.6 88.6 86.9 88.0 94.7 90.7 93.9 97.1 104 111 105 103 97.9 109 105 98.9 102 104 104 102 102 102 103 103 105 107 108 
82.8 91.7 94.6 96.8 98.9 91.2 96.9 104 108 114 106 100 102 104 108 106 103 102 103 103 103 104 104 103 104 105 0.00 
85.6 94.1 94.9 99.5 97.2 96.1 95.4 108 107 114 116 109 106 105 108 105 104 104 104 104 105 104 104 104 105 105 0.00 
88.0 88.5 95.5 96.6 99.5 96.5 95.4 102 104 115 116 115 117 109 107 109 105 105 105 106 106 105 105 106 0.00 0.00 0.00 
87.3 89.0 91.4 89.5 101 97.1 99.8 107 111 119 122 113 111 118 114 113 108 107 106 107 107 106 107 108 108 0.00 0.00 
84.3 87.0 92.0 96.7 103 98.7 97.4 109 116 115 123 122 114 115 115 114 114 110 108 108 108 108 108 0.00 0.00 0.00 0.00 
85.5 90.5 94.5 99.8 102 98.9 97.1 110 116 112 121 121 124 114 115 114 112 113 110 110 110 109 0.00 0.00 0.00 0.00 0.00 
85.9 89.3 91.3 98.3 98.2 98.3 99.8 109 113 113 119 117 124 120 118 116 117 118 114 112 112 111 0.00 0.00 0.00 0.00 0.00 
83.4 86.4 88.9 95.4 99.7 102 99.4 104 113 111 114 120 124 119 118 118 119 120 119 115 116 0.00 0.00 0.00 0.00 0.00 0.00 
87.4 87.3 88.4 94.7 101 102 99.9 104 107 113 114 117 123 120 119 120 121 118 118 116 122 0.00 0.00 0.00 0.00 0.00 0.00 
89.0 89.5 88.8 91.7 96.2 104 104 101 111 114 114 114 120 120 120 120 119 119 116 115 0.00 0.00 0.00 0.00 0.00 0.00 0.00 
88.9 91.0 91.5 91.3 95.2 98.3 99.6 102 112 113 112 119 120 119 117 120 120 119 116 0.00 0.00 0.00 0.00 0.00 0.00 0.00 0.00 
88.1 91.2 96.0 98.4 102 105 101 107 113 111 113 116 119 115 115 117 118 119 118 0.00 0.00 0.00 0.00 0.00 0.00 0.00 0.00 
88.5 93.2 97.7 101 102 102 105 102 105 111 112 117 119 113 113 118 120 120 120 0.00 0.00 0.00 0.00 0.00 0.00 0.00 0.00 
91.2 98.0 97.4 99.3 101 104 102 105 109 105 107 113 118 111 115 115 117 116 0.00 0.00 0.00 0.00 0.00 0.00 0.00 0.00 0.00 
91.9 99.1 102 105 108 108 106 109 115 111 108 112 119 118 0.00 0.00 0.00 0.00 0.00 0.00 0.00 0.00 0.00 0.00 0.00 0.00 0.00 
94.0 100 105 109 107 105 107 113 116 117 117 113 117 114 109 0.00 0.00 0.00 0.00 0.00 0.00 0.00 0.00 0.00 0.00 0.00 0.00 
