2016_CCC_ARR_IFD/catchment_depth_720min_63212aep.txt.asc
ncols         27
nrows         23
xllcorner     150.975
yllcorner     -33.6
cellsize      0.025
NODATA_value  -9999
50.0 49.9 51.7 52.8 52.0 51.0 50.8 52.2 53.6 56.1 59.1 60.0 60.1 62.7 63.2 64.4 62.8 61.2 62.1 62.9 63.5 64.4 65.3 65.5 65.8 66.2 66.6 
51.4 51.6 52.1 53.4 53.5 53.3 52.7 53.6 55.4 58.1 61.0 63.4 62.9 63.0 65.1 62.5 62.0 62.1 62.7 63.4 64.3 65.0 65.6 66.1 66.5 66.9 67.3 
50.7 52.2 53.8 54.1 53.9 54.2 54.4 54.9 57.7 59.4 61.4 62.8 62.5 61.7 64.7 66.4 64.5 63.5 64.0 64.3 65.1 65.7 66.2 66.8 67.4 67.8 68.1 
52.5 52.8 54.6 52.9 53.6 54.2 56.5 56.4 57.2 59.3 61.3 61.7 62.7 63.2 65.1 63.9 64.3 64.2 64.9 65.4 66.3 66.7 67.2 67.7 68.1 68.7 69.6 
52.7 53.0 54.7 53.2 54.6 55.6 56.9 57.8 60.0 62.6 62.0 61.0 63.9 62.8 64.9 64.1 65.5 65.4 66.2 67.0 67.5 67.8 68.1 68.6 69.0 69.7 70.1 
52.3 54.6 54.5 53.5 56.1 56.1 56.4 57.8 61.1 63.6 62.3 62.9 63.3 64.0 65.3 64.9 66.2 67.1 67.9 68.0 68.5 68.9 69.2 69.5 70.1 70.8 70.6 
51.7 53.6 53.6 54.5 57.0 56.5 58.0 59.6 62.1 64.9 63.8 63.8 63.3 66.6 66.2 66.0 67.3 68.4 69.1 69.4 69.7 70.0 70.3 70.5 71.0 71.7 72.3 
51.8 54.8 56.2 57.5 58.7 57.1 59.4 62.1 64.1 66.2 64.6 63.7 65.0 66.1 67.6 68.0 68.5 69.3 70.1 70.4 70.6 71.0 71.2 71.0 71.4 71.7 0.00 
52.8 55.9 56.7 58.7 58.6 59.0 59.4 63.9 64.4 67.2 68.3 66.8 66.5 67.0 68.4 69.0 69.7 70.6 71.2 71.6 71.8 71.7 71.7 71.8 72.0 72.1 0.00 
53.7 54.5 57.2 58.2 59.8 59.5 59.9 62.5 63.9 68.2 69.1 69.1 70.4 68.8 69.1 70.3 70.6 71.7 72.5 72.8 72.7 72.4 72.4 72.6 0.00 0.00 0.00 
53.8 54.9 56.3 56.5 60.5 60.2 61.7 64.7 66.6 69.8 71.4 69.1 69.2 71.8 71.1 71.8 71.8 72.6 73.1 73.2 73.1 73.0 73.3 73.5 73.6 0.00 0.00 
53.3 54.7 56.8 59.0 61.7 61.1 61.4 65.7 68.9 69.3 72.4 72.7 70.5 71.2 71.9 72.5 73.1 73.3 73.3 73.4 73.5 73.5 73.8 0.00 0.00 0.00 0.00 
53.9 56.0 57.9 60.3 61.6 61.6 61.7 66.7 69.1 68.5 72.2 72.6 74.0 71.2 72.1 72.5 72.8 73.8 73.5 73.6 73.8 73.9 0.00 0.00 0.00 0.00 0.00 
54.3 55.9 57.3 60.2 60.9 61.8 63.0 66.6 68.6 69.2 71.7 71.7 74.6 73.4 73.2 73.1 73.9 74.9 74.4 74.0 74.4 74.2 0.00 0.00 0.00 0.00 0.00 
54.0 55.5 57.0 59.6 61.8 63.5 63.4 65.6 69.2 69.0 70.6 72.8 74.6 73.3 72.6 73.3 74.3 75.3 75.7 74.8 75.6 0.00 0.00 0.00 0.00 0.00 0.00 
55.3 56.1 57.3 59.8 62.6 63.6 64.0 65.9 67.7 70.2 70.7 72.2 74.7 73.7 72.7 73.7 75.3 74.3 75.1 74.8 77.4 0.00 0.00 0.00 0.00 0.00 0.00 
55.9 56.8 57.8 59.4 61.6 64.9 65.7 65.4 69.2 71.0 71.2 71.4 74.1 73.6 72.6 73.4 73.8 74.4 74.0 74.1 0.00 0.00 0.00 0.00 0.00 0.00 0.00 
56.2 57.5 58.7 59.8 61.8 63.7 64.9 66.5 70.2 71.0 71.1 73.7 74.5 73.3 72.1 73.6 74.5 74.6 74.0 0.00 0.00 0.00 0.00 0.00 0.00 0.00 0.00 
56.8 58.2 60.4 62.0 64.0 65.9 66.0 68.7 70.9 71.2 72.3 73.2 74.4 71.9 72.1 72.8 73.8 74.6 75.0 0.00 0.00 0.00 0.00 0.00 0.00 0.00 0.00 
57.5 59.4 61.4 63.4 64.6 65.5 67.5 67.6 69.3 71.9 72.6 74.1 74.7 71.9 71.9 74.1 75.2 75.8 75.9 0.00 0.00 0.00 0.00 0.00 0.00 0.00 0.00 
58.7 61.3 61.9 63.3 64.8 66.5 67.2 69.2 71.1 69.9 70.7 73.2 74.9 71.7 73.4 73.3 74.3 74.1 0.00 0.00 0.00 0.00 0.00 0.00 0.00 0.00 0.00 
59.4 62.1 63.8 65.4 66.8 67.8 68.4 70.3 72.5 72.7 71.6 73.3 75.6 75.1 0.00 0.00 0.00 0.00 0.00 0.00 0.00 0.00 0.00 0.00 0.00 0.00 0.00 
60.5 62.9 64.8 66.6 66.9 67.0 68.7 71.3 72.9 73.8 74.6 73.4 75.0 73.8 71.2 0.00 0.00 0.00 0.00 0.00 0.00 0.00 0.00 0.00 0.00 0.00 0.00 
