2016_CCC_ARR_IFD/catchment_depth_8640min_50000aep.txt.asc
ncols         27
nrows         23
xllcorner     150.975
yllcorner     -33.6
cellsize      0.025
NODATA_value  -9999
132 130 137 141 136 130 127 132 137 147 159 162 161 172 172 176 165 152 155 157 158 161 164 164 164 164 165 
138 138 139 143 142 140 135 137 144 155 167 177 173 171 180 164 159 155 155 157 159 161 163 164 165 165 166 
134 140 146 146 143 143 142 142 154 160 168 173 169 163 176 182 170 163 160 158 160 162 163 164 166 167 167 
142 142 149 138 140 141 150 148 149 158 165 165 168 168 176 167 168 161 161 161 163 164 165 166 167 169 172 
143 142 149 139 143 146 150 153 161 172 167 159 172 164 172 165 171 164 164 166 166 166 166 168 169 171 172 
139 149 147 139 150 147 146 150 165 175 166 166 166 167 172 163 169 171 172 167 168 168 169 169 172 174 173 
135 143 140 142 153 147 152 157 168 180 171 168 161 178 173 164 169 174 173 171 170 171 171 172 174 177 180 
134 148 153 156 160 148 157 168 175 184 172 164 168 172 178 175 171 171 173 172 171 173 173 172 173 174 0.00 
139 152 153 161 157 156 155 175 174 185 189 178 174 173 178 175 173 173 173 174 174 173 173 174 174 174 0.00 
143 144 155 157 161 157 155 166 169 188 190 187 191 180 177 180 174 175 176 177 177 175 175 176 0.00 0.00 0.00 
142 145 149 146 163 158 163 174 180 194 199 185 183 194 188 188 180 178 178 178 178 177 178 179 179 0.00 0.00 
137 142 150 157 168 161 159 177 190 189 201 200 188 189 190 190 188 184 181 180 180 180 180 0.00 0.00 0.00 0.00 
140 148 154 163 166 162 159 181 189 184 198 198 203 188 190 189 187 188 184 183 182 182 0.00 0.00 0.00 0.00 0.00 
141 146 150 161 161 161 164 178 185 185 195 193 205 197 195 193 194 195 190 186 186 184 0.00 0.00 0.00 0.00 0.00 
137 142 146 157 164 168 164 171 186 183 188 197 203 197 194 195 197 198 198 191 193 0.00 0.00 0.00 0.00 0.00 0.00 
144 144 146 156 167 167 165 171 177 187 187 193 202 198 197 198 201 195 196 192 202 0.00 0.00 0.00 0.00 0.00 0.00 
147 148 147 151 159 172 172 167 183 189 188 188 198 197 198 198 197 196 192 190 0.00 0.00 0.00 0.00 0.00 0.00 0.00 
147 151 151 151 158 163 165 169 185 186 185 196 199 196 193 198 199 197 192 0.00 0.00 0.00 0.00 0.00 0.00 0.00 0.00 
146 151 159 163 169 174 168 178 188 184 187 191 197 189 190 192 195 196 196 0.00 0.00 0.00 0.00 0.00 0.00 0.00 0.00 
148 155 163 169 170 169 175 170 174 184 186 194 196 187 187 195 198 199 198 0.00 0.00 0.00 0.00 0.00 0.00 0.00 0.00 
152 164 163 166 169 173 170 175 180 174 177 187 195 184 190 190 193 192 0.00 0.00 0.00 0.00 0.00 0.00 0.00 0.00 0.00 
154 166 172 177 180 180 176 181 191 184 179 186 198 195 0.00 0.00 0.00 0.00 0.00 0.00 0.00 0.00 0.00 0.00 0.00 0.00 0.00 
158 169 176 183 180 174 178 189 193 194 195 187 194 188 179 0.00 0.00 0.00 0.00 0.00 0.00 0.00 0.00 0.00 0.00 0.00 0.00 
