2016_CCC_ARR_IFD/catchment_depth_7200min_50000aep.txt.asc
ncols         27
nrows         23
xllcorner     150.975
yllcorner     -33.6
cellsize      0.025
NODATA_value  -9999
129 127 134 138 133 127 124 129 134 144 156 158 157 167 168 172 161 148 150 152 153 156 160 159 159 159 159 
135 134 136 140 139 136 131 134 141 152 164 173 168 167 175 160 155 150 150 152 154 157 158 159 159 160 160 
131 137 143 143 140 139 138 138 150 156 164 169 165 159 172 178 166 159 155 153 155 157 158 159 161 161 162 
139 139 146 135 137 137 147 144 146 154 162 161 164 164 172 163 163 156 157 156 158 159 160 161 162 163 167 
140 139 145 135 140 143 147 149 158 169 163 155 168 159 168 161 166 159 160 161 161 161 161 162 163 166 166 
136 146 143 135 146 143 142 147 161 172 162 162 162 163 168 159 165 166 167 162 162 163 163 164 166 169 167 
132 140 137 139 149 143 148 154 164 176 167 164 157 174 168 160 164 169 168 165 165 165 166 166 168 171 173 
131 145 149 153 156 144 153 164 172 180 169 160 164 167 173 170 166 165 167 166 166 167 168 166 167 168 0.00 
135 149 150 157 154 152 151 171 171 182 185 174 169 168 173 170 168 168 168 168 169 168 168 168 168 168 0.00 
140 140 151 153 158 153 152 162 166 184 186 183 187 176 172 175 169 169 170 171 171 169 169 170 0.00 0.00 0.00 
139 141 145 142 160 155 159 171 177 190 195 181 179 190 183 183 175 172 172 172 171 171 172 173 173 0.00 0.00 
134 138 147 154 164 157 155 173 186 185 197 196 183 184 185 184 183 178 174 174 174 174 174 0.00 0.00 0.00 0.00 
136 144 151 159 162 158 155 177 185 179 194 194 199 183 185 183 181 182 178 176 176 176 0.00 0.00 0.00 0.00 0.00 
137 143 146 157 157 157 160 174 181 181 190 188 200 192 189 187 188 190 184 179 180 178 0.00 0.00 0.00 0.00 0.00 
134 139 142 153 160 164 159 167 182 178 183 192 198 191 189 189 191 192 191 185 186 0.00 0.00 0.00 0.00 0.00 0.00 
141 140 142 152 163 163 160 166 172 182 182 187 197 192 191 193 195 189 190 186 196 0.00 0.00 0.00 0.00 0.00 0.00 
144 144 143 147 155 168 167 162 178 184 182 183 193 192 192 192 191 190 186 184 0.00 0.00 0.00 0.00 0.00 0.00 0.00 
144 147 148 147 153 158 160 164 180 181 179 190 193 190 187 192 193 191 186 0.00 0.00 0.00 0.00 0.00 0.00 0.00 0.00 
143 148 155 159 164 169 163 173 182 178 182 186 191 183 184 186 189 190 189 0.00 0.00 0.00 0.00 0.00 0.00 0.00 0.00 
144 151 159 165 166 164 169 164 168 178 180 188 190 181 181 188 192 193 192 0.00 0.00 0.00 0.00 0.00 0.00 0.00 0.00 
149 160 158 161 164 168 165 170 174 168 171 180 189 178 184 184 187 185 0.00 0.00 0.00 0.00 0.00 0.00 0.00 0.00 0.00 
150 162 167 172 175 175 171 176 185 178 173 180 191 188 0.00 0.00 0.00 0.00 0.00 0.00 0.00 0.00 0.00 0.00 0.00 0.00 0.00 
154 164 171 178 175 169 173 183 188 188 189 180 188 182 173 0.00 0.00 0.00 0.00 0.00 0.00 0.00 0.00 0.00 0.00 0.00 0.00 
