2016_CCC_ARR_IFD/catchment_depth_5760min_99752aep.txt.asc
ncols         27
nrows         23
xllcorner     150.975
yllcorner     -33.6
cellsize      0.025
NODATA_value  -9999
44.7 44.0 46.5 47.7 45.8 43.6 42.4 43.9 45.3 48.5 52.5 53.2 52.3 56.0 55.9 57.2 52.6 47.8 48.6 49.5 50.0 51.3 52.6 52.9 53.2 53.7 54.2 
46.7 46.4 46.8 48.2 47.7 46.6 44.8 45.4 47.5 51.2 55.1 58.3 56.4 55.7 58.4 52.0 49.3 48.3 48.7 49.5 50.5 51.4 52.2 52.8 53.5 54.0 54.5 
45.1 47.1 49.2 48.9 47.8 47.6 46.9 46.8 50.7 52.5 54.9 56.5 54.8 52.0 56.8 58.9 53.6 50.3 49.9 50.0 50.8 51.6 52.3 53.0 53.9 54.5 54.9 
47.8 47.6 49.9 46.2 46.5 46.6 49.7 48.6 48.8 51.5 54.0 53.4 54.1 53.8 56.4 52.4 52.0 50.1 50.5 50.8 51.7 52.3 52.9 53.7 54.3 55.1 56.5 
47.7 47.3 49.6 46.0 47.5 48.3 49.5 50.1 52.9 56.5 54.1 50.8 55.1 51.6 54.6 51.4 53.0 51.1 51.4 52.2 52.6 53.0 53.4 54.2 54.8 55.9 56.5 
46.4 49.7 48.6 45.8 49.4 48.2 47.6 49.0 53.7 57.3 53.5 53.2 52.7 52.6 54.0 51.0 52.6 53.2 53.6 52.7 53.2 53.7 54.2 54.7 55.7 56.8 56.6 
44.6 47.2 46.2 46.7 50.2 48.0 49.6 51.1 54.5 58.5 55.1 53.6 51.1 56.5 54.3 51.6 52.9 54.3 54.2 53.9 54.0 54.6 55.0 55.5 56.4 57.6 58.7 
44.1 48.8 50.2 51.3 52.3 48.2 51.1 54.5 56.9 59.5 55.3 52.3 53.3 54.1 56.0 54.9 53.7 53.7 54.5 54.4 54.6 55.3 55.8 55.7 56.4 57.0 0.00 
45.5 50.0 50.3 52.6 51.3 50.6 50.2 56.6 56.3 59.9 60.7 56.8 55.0 54.6 56.0 55.1 54.6 54.7 54.8 55.3 55.7 55.7 56.0 56.4 56.9 57.1 0.00 
46.7 46.9 50.5 51.0 52.4 50.8 50.2 53.4 54.4 60.3 60.7 59.7 60.9 57.0 55.9 56.8 55.2 55.4 55.7 56.4 56.6 56.5 56.7 57.2 0.00 0.00 0.00 
46.2 47.0 48.2 47.2 52.9 51.1 52.4 56.0 57.9 62.0 63.6 58.9 58.2 61.6 59.3 59.3 57.1 56.6 56.5 56.8 57.0 57.2 57.8 58.4 58.7 0.00 0.00 
44.6 45.9 48.5 50.8 54.1 51.8 51.1 56.8 60.7 60.2 64.0 63.6 59.7 60.0 60.2 60.0 59.8 58.4 57.6 57.7 57.8 58.0 58.5 0.00 0.00 0.00 0.00 
45.1 47.6 49.7 52.4 53.3 51.9 51.0 57.7 60.3 58.5 63.1 63.0 64.5 59.8 60.3 60.0 59.5 59.9 58.8 58.6 58.7 58.8 0.00 0.00 0.00 0.00 0.00 
45.2 46.9 48.0 51.5 51.5 51.5 52.3 56.8 58.9 58.9 61.8 61.2 64.9 62.6 62.0 61.4 61.8 62.4 60.8 59.7 60.0 59.5 0.00 0.00 0.00 0.00 0.00 
43.8 45.4 46.6 50.0 52.2 53.6 52.1 54.5 59.2 58.1 59.7 62.4 64.5 62.5 62.0 62.4 62.9 63.4 63.3 61.5 62.1 0.00 0.00 0.00 0.00 0.00 0.00 
45.8 45.7 46.3 49.5 53.0 53.1 52.3 54.3 56.2 59.3 59.5 61.2 64.2 63.0 63.0 63.5 64.2 62.6 63.0 61.9 65.1 0.00 0.00 0.00 0.00 0.00 0.00 
46.5 46.7 46.4 48.0 50.3 54.5 54.4 52.9 57.8 59.8 59.6 60.0 63.1 63.0 63.5 63.7 63.2 63.1 61.9 61.4 0.00 0.00 0.00 0.00 0.00 0.00 0.00 
46.3 47.4 47.7 47.7 49.7 51.4 52.2 53.6 58.6 59.0 58.7 62.2 63.1 62.6 61.9 63.4 63.8 63.4 62.0 0.00 0.00 0.00 0.00 0.00 0.00 0.00 0.00 
45.9 47.5 50.0 51.2 52.9 54.7 53.0 56.2 59.2 58.2 59.5 60.9 62.5 60.6 61.1 61.9 62.7 63.2 63.1 0.00 0.00 0.00 0.00 0.00 0.00 0.00 0.00 
46.0 48.4 50.8 52.7 53.2 53.0 54.9 53.6 55.0 58.2 59.0 61.5 62.4 59.8 60.1 62.5 63.5 64.0 63.9 0.00 0.00 0.00 0.00 0.00 0.00 0.00 0.00 
47.3 50.8 50.5 51.6 52.7 54.2 53.6 55.2 56.9 55.3 56.4 59.5 62.2 58.9 60.9 61.0 62.1 61.8 0.00 0.00 0.00 0.00 0.00 0.00 0.00 0.00 0.00 
47.5 51.3 53.1 54.7 55.8 56.1 55.3 57.0 60.1 58.3 57.0 59.3 62.9 62.1 0.00 0.00 0.00 0.00 0.00 0.00 0.00 0.00 0.00 0.00 0.00 0.00 0.00 
48.5 51.8 54.1 56.3 55.7 54.4 55.8 59.2 60.8 61.1 61.6 59.4 61.8 60.1 57.6 0.00 0.00 0.00 0.00 0.00 0.00 0.00 0.00 0.00 0.00 0.00 0.00 
