2016_CCC_ARR_IFD/catchment_depth_360min_01000aep.txt.asc
ncols         27
nrows         23
xllcorner     150.975
yllcorner     -33.6
cellsize      0.025
NODATA_value  -9999
113 114 117 120 120 119 120 124 128 134 140 143 145 150 152 155 155 152 155 158 161 164 167 169 170 172 174 
116 117 119 122 123 124 124 127 132 138 144 148 150 152 156 154 152 154 157 160 162 165 167 169 171 173 174 
115 118 122 124 125 127 128 131 137 142 146 150 151 152 157 160 159 157 159 161 164 166 168 170 172 174 175 
118 120 124 122 125 127 133 134 138 143 148 150 153 156 160 158 160 160 162 164 166 168 170 172 173 175 178 
119 121 125 123 127 131 135 138 144 149 150 151 157 157 161 160 163 163 165 167 168 170 171 173 175 177 178 
119 124 125 124 131 132 134 139 147 152 153 156 158 161 164 162 166 168 170 169 170 172 173 174 176 178 179 
118 123 124 127 133 133 138 143 150 156 157 159 158 167 168 165 169 172 173 173 173 174 175 176 178 180 182 
119 125 129 133 137 135 141 148 154 159 159 159 163 167 172 172 172 173 175 175 176 176 177 177 178 179 0.00 
121 127 130 135 137 139 142 152 156 162 166 166 167 169 174 174 175 177 178 179 179 178 178 178 179 179 0.00 
122 125 131 135 139 140 142 150 155 165 169 171 175 173 174 177 177 180 181 182 181 179 179 179 0.00 0.00 0.00 
123 126 130 131 141 141 146 154 160 168 173 171 173 179 179 181 180 182 183 182 181 181 181 181 181 0.00 0.00 
122 125 131 136 143 143 145 156 165 168 176 178 175 177 180 181 183 183 182 182 182 181 181 0.00 0.00 0.00 0.00 
123 128 132 138 143 144 145 158 165 165 175 177 181 176 179 180 181 183 182 182 182 182 0.00 0.00 0.00 0.00 0.00 
124 127 131 138 141 144 147 157 163 165 173 174 181 180 180 181 183 185 184 182 183 182 0.00 0.00 0.00 0.00 0.00 
123 126 130 136 142 147 147 153 163 163 168 175 180 178 177 180 183 185 186 183 185 0.00 0.00 0.00 0.00 0.00 0.00 
125 127 130 136 143 146 147 152 157 165 167 171 179 177 176 180 184 181 183 182 188 0.00 0.00 0.00 0.00 0.00 0.00 
126 128 131 135 140 149 151 149 160 165 166 167 175 175 173 177 178 180 179 179 0.00 0.00 0.00 0.00 0.00 0.00 0.00 
126 129 133 135 140 144 146 150 161 163 162 171 174 172 169 175 178 179 177 0.00 0.00 0.00 0.00 0.00 0.00 0.00 0.00 
128 131 136 140 145 149 148 155 161 160 163 167 171 165 167 170 174 177 178 0.00 0.00 0.00 0.00 0.00 0.00 0.00 0.00 
129 134 139 143 146 147 151 149 152 159 161 167 170 163 164 171 175 177 178 0.00 0.00 0.00 0.00 0.00 0.00 0.00 0.00 
132 138 140 143 146 149 148 152 155 151 154 161 168 160 166 167 170 171 0.00 0.00 0.00 0.00 0.00 0.00 0.00 0.00 0.00 
133 140 144 148 151 152 151 155 161 157 154 160 168 167 0.00 0.00 0.00 0.00 0.00 0.00 0.00 0.00 0.00 0.00 0.00 0.00 0.00 
136 142 147 151 151 148 151 158 162 162 164 159 165 162 156 0.00 0.00 0.00 0.00 0.00 0.00 0.00 0.00 0.00 0.00 0.00 0.00 
