2016_CCC_ARR_IFD/catchment_depth_2160min_00500aep.txt.asc
ncols         27
nrows         23
xllcorner     150.975
yllcorner     -33.6
cellsize      0.025
NODATA_value  -9999
284 284 298 307 301 292 289 302 315 336 359 368 370 389 394 404 395 385 393 401 406 415 423 422 422 421 421 
296 297 302 312 312 310 304 312 327 350 373 391 388 391 406 390 387 387 392 399 407 412 416 419 419 420 420 
290 302 315 317 315 317 317 321 344 358 374 386 385 380 403 415 404 398 399 401 406 410 412 415 419 420 420 
305 307 321 306 311 315 334 332 339 356 372 376 385 390 405 396 400 395 400 402 409 410 413 416 418 421 427 
307 308 322 309 319 326 336 343 360 381 376 368 392 384 401 393 405 399 403 409 410 411 412 415 417 422 424 
304 322 320 310 331 329 330 341 367 387 377 381 385 390 401 390 403 409 413 407 409 412 413 415 419 425 421 
298 313 311 317 338 331 343 355 375 396 387 386 377 409 403 391 403 413 414 410 411 413 414 415 420 426 431 
298 323 333 342 351 334 353 374 390 406 392 380 389 398 412 409 404 406 410 410 410 414 415 412 415 417 0.00 
306 331 337 352 349 349 351 388 391 413 422 406 399 400 411 408 406 408 409 412 413 411 411 412 413 414 0.00 
314 318 340 346 357 352 352 373 383 419 426 424 433 413 408 415 406 409 411 415 414 412 411 412 0.00 0.00 0.00 
315 322 331 329 362 356 366 391 405 432 443 420 417 440 427 428 415 412 412 413 412 412 414 415 416 0.00 0.00 
308 318 335 350 371 362 360 397 423 424 450 450 425 428 429 429 428 420 414 413 413 413 415 0.00 0.00 0.00 0.00 
313 330 344 361 369 364 360 404 423 413 445 445 455 422 427 424 421 424 417 415 415 415 0.00 0.00 0.00 0.00 0.00 
316 328 336 359 361 364 370 400 414 415 436 431 457 440 434 429 431 436 425 418 419 415 0.00 0.00 0.00 0.00 0.00 
311 322 331 352 367 378 370 386 416 409 419 438 452 436 428 430 434 438 438 425 430 0.00 0.00 0.00 0.00 0.00 0.00 
325 327 332 352 374 376 372 385 396 417 416 427 448 435 428 433 440 428 431 424 446 0.00 0.00 0.00 0.00 0.00 0.00 
332 335 335 345 360 387 386 375 407 420 416 415 437 431 426 428 428 427 420 418 0.00 0.00 0.00 0.00 0.00 0.00 0.00 
334 342 345 346 358 369 372 381 413 414 409 431 435 424 416 426 430 427 418 0.00 0.00 0.00 0.00 0.00 0.00 0.00 0.00 
335 345 361 369 380 390 379 399 416 407 413 420 429 409 410 415 420 424 423 0.00 0.00 0.00 0.00 0.00 0.00 0.00 0.00 
339 354 369 380 383 381 392 381 388 407 409 423 427 404 404 419 426 428 427 0.00 0.00 0.00 0.00 0.00 0.00 0.00 0.00 
351 372 370 376 382 390 383 392 401 385 390 407 423 397 409 408 414 411 0.00 0.00 0.00 0.00 0.00 0.00 0.00 0.00 0.00 
355 378 388 397 402 402 394 402 419 405 392 405 426 419 0.00 0.00 0.00 0.00 0.00 0.00 0.00 0.00 0.00 0.00 0.00 0.00 0.00 
364 384 397 408 402 390 396 414 421 420 421 404 416 403 385 0.00 0.00 0.00 0.00 0.00 0.00 0.00 0.00 0.00 0.00 0.00 0.00 
