2016_CCC_ARR_IFD/catchment_depth_540min_05000aep.txt.asc
ncols         27
nrows         23
xllcorner     150.975
yllcorner     -33.6
cellsize      0.025
NODATA_value  -9999
96.6 96.8 100 103 102 101 101 105 108 114 120 122 123 128 130 132 130 127 130 132 134 137 139 140 141 142 144 
99.1 99.9 101 104 105 106 105 107 112 117 123 127 128 129 133 129 128 129 131 133 135 137 139 140 142 143 144 
98.2 101 105 106 106 108 109 110 116 120 124 127 128 127 133 136 134 131 133 134 136 138 139 141 143 144 145 
101 103 106 104 106 108 113 113 116 120 125 126 129 130 134 132 133 132 134 136 138 139 141 142 143 145 147 
102 103 107 104 108 110 114 116 121 127 126 125 131 129 134 132 135 135 136 138 139 140 141 143 144 146 147 
101 106 107 105 111 111 113 116 123 129 127 129 130 132 135 133 136 138 140 140 141 142 143 144 146 147 147 
101 104 105 107 113 112 116 120 126 132 131 131 130 138 137 135 138 141 142 142 143 144 144 145 147 148 150 
101 107 110 113 116 113 119 125 130 134 132 130 134 137 140 141 141 142 144 144 144 145 146 146 147 148 0.00 
103 109 111 115 116 117 119 129 130 136 139 137 137 138 141 142 143 145 146 146 147 146 146 146 147 147 0.00 
105 107 112 114 118 118 119 126 129 139 141 142 145 142 142 144 144 147 148 149 148 147 147 147 0.00 0.00 0.00 
105 107 110 111 120 119 123 130 135 142 146 141 142 148 146 148 147 148 149 149 148 148 148 149 149 0.00 0.00 
104 107 111 116 122 121 122 132 139 141 148 149 144 146 147 148 149 149 149 149 149 149 149 0.00 0.00 0.00 0.00 
105 109 113 119 122 122 122 133 139 138 147 148 151 145 147 148 148 150 149 149 149 149 0.00 0.00 0.00 0.00 0.00 
106 109 112 118 120 122 124 133 137 139 145 145 152 149 149 148 150 152 151 149 150 149 0.00 0.00 0.00 0.00 0.00 
105 108 111 117 121 125 124 129 138 137 141 147 151 148 147 148 150 153 153 151 152 0.00 0.00 0.00 0.00 0.00 0.00 
108 109 112 117 123 125 125 129 133 139 140 144 150 148 146 148 152 150 151 150 156 0.00 0.00 0.00 0.00 0.00 0.00 
109 110 112 116 120 127 129 127 136 140 140 141 147 146 144 147 148 149 148 148 0.00 0.00 0.00 0.00 0.00 0.00 0.00 
109 112 114 116 120 123 125 128 137 139 138 145 147 144 142 146 148 149 147 0.00 0.00 0.00 0.00 0.00 0.00 0.00 0.00 
111 113 118 121 125 129 127 133 138 137 140 142 145 140 141 143 146 148 149 0.00 0.00 0.00 0.00 0.00 0.00 0.00 0.00 
112 116 120 124 126 127 130 129 131 137 139 143 145 138 139 144 147 149 149 0.00 0.00 0.00 0.00 0.00 0.00 0.00 0.00 
115 120 121 124 126 129 128 132 135 131 133 139 144 137 141 141 144 144 0.00 0.00 0.00 0.00 0.00 0.00 0.00 0.00 0.00 
116 122 125 129 131 132 131 134 140 137 134 138 145 144 0.00 0.00 0.00 0.00 0.00 0.00 0.00 0.00 0.00 0.00 0.00 0.00 0.00 
118 124 128 132 131 129 132 138 140 141 142 138 143 140 134 0.00 0.00 0.00 0.00 0.00 0.00 0.00 0.00 0.00 0.00 0.00 0.00 
