2016_CCC_ARR_IFD/catchment_depth_1440min_63212aep.txt.asc
ncols         27
nrows         23
xllcorner     150.975
yllcorner     -33.6
cellsize      0.025
NODATA_value  -9999
67.0 66.6 69.7 71.5 69.9 67.9 67.1 69.4 71.6 75.7 80.6 81.9 81.7 86.0 86.5 88.4 84.8 80.5 81.7 82.8 83.3 84.7 86.2 86.1 86.2 86.6 86.9 
69.5 69.6 70.5 72.5 72.4 71.8 70.4 71.6 74.5 79.1 83.9 87.8 86.5 86.4 89.7 84.4 82.7 81.7 82.1 83.0 84.2 85.3 86.0 86.5 86.9 87.3 87.7 
68.1 70.7 73.5 73.7 72.9 73.3 73.2 73.7 78.5 81.1 84.3 86.6 85.6 83.6 88.8 91.4 87.3 84.9 84.2 84.0 85.0 85.8 86.4 87.1 88.0 88.3 88.7 
71.3 71.7 74.6 71.2 72.1 72.8 76.8 76.2 77.2 80.8 84.0 84.2 85.7 86.1 89.2 86.3 86.6 84.8 85.3 85.5 86.7 87.1 87.7 88.4 88.8 89.6 91.1 
71.7 71.8 74.7 71.5 73.7 75.2 77.2 78.5 82.2 86.6 84.9 82.3 87.5 84.7 88.4 85.9 88.2 86.4 87.0 88.0 88.2 88.5 88.7 89.4 89.9 91.0 91.4 
70.6 74.7 74.2 71.8 76.4 75.7 75.7 78.0 83.8 88.1 85.1 85.5 85.7 86.4 88.5 85.9 88.3 89.4 90.1 88.9 89.3 89.8 90.2 90.4 91.4 92.6 91.9 
69.1 72.5 72.1 73.3 77.7 76.0 78.5 80.9 85.3 90.2 87.4 86.6 84.4 91.0 89.4 86.9 89.0 91.0 91.2 90.7 90.8 91.2 91.5 91.7 92.6 93.9 95.0 
68.9 74.6 76.9 78.8 80.6 76.7 80.7 85.2 88.6 92.1 88.4 85.5 87.4 89.1 91.7 91.1 90.3 90.7 91.8 91.8 91.8 92.5 92.8 92.3 92.9 93.3 0.00 
70.8 76.3 77.4 80.7 80.0 80.0 80.2 88.2 88.6 93.3 94.9 91.3 89.8 89.9 92.2 91.7 91.6 92.2 92.6 93.1 93.4 93.1 93.1 93.3 93.6 93.6 0.00 
72.4 73.3 78.1 79.4 81.8 80.6 80.6 85.1 87.0 94.6 95.9 95.2 97.1 93.1 92.2 93.9 92.5 93.4 94.0 94.7 94.6 94.1 94.1 94.5 0.00 0.00 0.00 
72.3 73.9 75.9 75.5 82.8 81.4 83.6 88.8 91.7 97.3 99.7 94.6 94.1 98.8 96.4 96.9 94.8 94.8 95.0 95.1 95.0 94.9 95.5 96.0 96.1 0.00 0.00 
70.8 73.0 76.7 80.1 84.6 82.7 82.5 90.2 95.6 95.7 101 101 96.2 96.9 97.5 97.7 97.8 96.6 95.7 95.8 95.8 95.9 96.3 0.00 0.00 0.00 0.00 
71.8 75.4 78.5 82.4 84.2 83.2 82.6 91.6 95.5 93.7 100 100 103 96.4 97.4 97.2 96.9 97.9 96.6 96.4 96.6 96.6 0.00 0.00 0.00 0.00 0.00 
72.3 74.9 76.9 81.8 82.4 83.2 84.7 90.9 94.1 94.6 98.8 98.2 103 100 99.4 98.5 99.4 101 98.7 97.3 97.8 97.2 0.00 0.00 0.00 0.00 0.00 
71.2 73.7 75.8 80.4 83.7 86.1 84.9 88.4 94.8 93.7 96.1 100 103 100 98.5 99.1 100 101 102 99.2 100 0.00 0.00 0.00 0.00 0.00 0.00 
73.8 74.5 75.9 80.3 85.1 85.9 85.6 88.6 91.3 95.6 95.9 98.3 103 100 99.0 100 102 99.7 101 99.3 104 0.00 0.00 0.00 0.00 0.00 0.00 
75.0 75.9 76.5 78.9 82.4 88.1 88.6 87.0 93.8 96.5 96.3 96.4 101 100 98.8 99.6 99.6 100 98.7 98.3 0.00 0.00 0.00 0.00 0.00 0.00 0.00 
75.3 77.1 78.3 79.1 82.2 84.8 86.3 88.5 95.1 95.9 95.4 100 101 99.2 97.3 99.6 101 100 98.5 0.00 0.00 0.00 0.00 0.00 0.00 0.00 0.00 
75.6 77.8 81.4 83.6 86.3 89.1 87.8 92.2 96.1 95.4 97.0 98.5 101 96.4 96.6 97.7 99.1 100 100 0.00 0.00 0.00 0.00 0.00 0.00 0.00 0.00 
76.3 79.6 82.9 85.8 87.1 87.6 90.5 89.3 91.5 95.9 96.8 99.7 101 95.8 95.7 99.3 101 102 101 0.00 0.00 0.00 0.00 0.00 0.00 0.00 0.00 
78.4 83.0 83.2 85.0 86.9 89.3 89.2 91.9 94.5 91.9 93.1 97.2 101 94.9 97.7 97.5 98.9 98.4 0.00 0.00 0.00 0.00 0.00 0.00 0.00 0.00 0.00 
79.3 84.1 86.6 89.0 90.8 91.7 91.4 94.0 97.9 96.5 94.3 97.1 101 100 0.00 0.00 0.00 0.00 0.00 0.00 0.00 0.00 0.00 0.00 0.00 0.00 0.00 
81.0 85.2 88.3 91.2 90.9 89.7 91.9 96.4 98.6 99.3 100 97.2 100 97.5 93.3 0.00 0.00 0.00 0.00 0.00 0.00 0.00 0.00 0.00 0.00 0.00 0.00 
