2016_CCC_ARR_IFD/catchment_depth_540min_02000aep.txt.asc
ncols         27
nrows         23
xllcorner     150.975
yllcorner     -33.6
cellsize      0.025
NODATA_value  -9999
117 117 121 125 124 122 123 127 131 138 146 149 150 156 158 161 160 156 159 162 165 168 172 173 174 176 177 
120 121 123 126 128 128 128 131 136 143 150 155 156 158 162 158 156 158 160 163 166 169 171 173 175 176 178 
119 123 127 128 129 131 132 134 142 146 151 155 156 156 163 167 164 161 163 164 167 169 171 173 176 177 178 
123 124 129 126 128 131 137 138 141 147 152 154 158 160 165 162 163 162 165 166 169 171 173 175 176 178 181 
124 125 129 127 131 134 138 142 148 154 155 153 161 159 165 162 166 165 167 170 171 172 174 176 177 180 181 
123 129 129 128 135 136 137 142 151 157 156 158 160 163 167 164 168 170 172 171 173 174 175 177 179 181 181 
122 127 128 130 137 137 142 147 154 161 160 161 159 169 169 166 170 173 174 174 175 176 177 178 180 182 184 
122 130 134 138 141 138 145 153 159 165 163 160 165 169 173 173 173 174 176 177 177 178 179 178 180 181 0.00 
125 132 135 140 141 143 145 157 160 167 171 169 169 170 174 175 176 177 179 179 180 179 179 179 180 181 0.00 
127 129 136 139 144 144 146 154 158 170 174 175 178 175 174 178 177 180 182 182 181 180 180 180 0.00 0.00 0.00 
127 130 134 135 146 146 150 159 165 174 179 174 175 182 180 182 180 182 183 182 182 181 182 182 182 0.00 0.00 
126 130 135 141 148 148 149 161 171 173 182 183 177 180 182 183 184 183 183 183 182 182 182 0.00 0.00 0.00 0.00 
127 133 138 144 148 148 149 163 171 169 180 182 186 178 181 181 182 184 183 182 183 182 0.00 0.00 0.00 0.00 0.00 
128 132 136 144 146 148 152 162 168 170 178 178 186 183 183 182 184 187 185 183 184 183 0.00 0.00 0.00 0.00 0.00 
127 131 135 142 148 152 152 158 169 168 173 180 185 182 180 182 185 187 188 184 186 0.00 0.00 0.00 0.00 0.00 0.00 
130 132 135 142 150 152 152 158 163 170 171 176 184 181 179 182 186 183 185 184 191 0.00 0.00 0.00 0.00 0.00 0.00 
132 134 136 140 146 155 157 154 166 171 171 171 180 179 176 180 181 182 181 181 0.00 0.00 0.00 0.00 0.00 0.00 0.00 
132 136 139 141 146 150 152 156 167 169 168 177 179 176 173 178 181 182 179 0.00 0.00 0.00 0.00 0.00 0.00 0.00 0.00 
134 138 143 147 152 156 154 162 168 167 170 173 177 170 171 174 178 180 181 0.00 0.00 0.00 0.00 0.00 0.00 0.00 0.00 
136 141 146 151 153 154 158 155 159 166 168 174 176 168 169 176 179 181 182 0.00 0.00 0.00 0.00 0.00 0.00 0.00 0.00 
139 146 147 150 153 156 155 159 163 158 160 168 175 166 171 172 175 175 0.00 0.00 0.00 0.00 0.00 0.00 0.00 0.00 0.00 
141 148 152 156 159 161 159 163 169 165 161 167 176 174 0.00 0.00 0.00 0.00 0.00 0.00 0.00 0.00 0.00 0.00 0.00 0.00 0.00 
144 151 156 160 160 156 159 167 170 171 172 167 172 168 162 0.00 0.00 0.00 0.00 0.00 0.00 0.00 0.00 0.00 0.00 0.00 0.00 
