2016_CCC_ARR_IFD/catchment_depth_5760min_99999aep.txt.asc
ncols         27
nrows         23
xllcorner     150.975
yllcorner     -33.6
cellsize      0.025
NODATA_value  -9999
37.2 36.5 38.6 39.6 38.0 36.2 35.1 36.4 37.5 40.2 43.5 44.1 43.3 46.4 46.3 47.4 43.4 39.4 40.1 40.9 41.4 42.6 43.7 44.0 44.4 44.9 45.3 
38.9 38.6 38.9 40.0 39.6 38.7 37.1 37.6 39.3 42.4 45.6 48.4 46.7 46.1 48.4 42.8 40.4 39.8 40.2 40.9 41.8 42.7 43.4 44.0 44.6 45.1 45.6 
37.5 39.2 40.9 40.6 39.6 39.4 38.9 38.7 41.9 43.4 45.4 46.7 45.3 42.8 46.9 48.7 44.1 41.2 41.1 41.3 42.1 42.8 43.5 44.2 45.0 45.5 46.0 
39.7 39.6 41.4 38.2 38.5 38.6 41.1 40.1 40.3 42.6 44.6 44.0 44.6 44.3 46.5 43.0 42.6 41.1 41.6 42.0 42.8 43.4 44.1 44.7 45.3 46.1 47.3 
39.6 39.3 41.1 38.1 39.3 39.9 40.9 41.4 43.7 46.7 44.6 41.8 45.4 42.4 44.9 42.1 43.4 42.0 42.4 43.2 43.6 44.0 44.5 45.2 45.8 46.8 47.3 
38.5 41.2 40.3 37.8 40.9 39.8 39.3 40.4 44.3 47.3 44.1 43.8 43.3 43.2 44.4 41.9 43.2 43.7 44.2 43.6 44.1 44.7 45.2 45.7 46.6 47.5 47.4 
36.9 39.1 38.2 38.6 41.5 39.6 40.9 42.2 45.0 48.3 45.3 44.1 42.0 46.5 44.6 42.5 43.6 44.7 44.8 44.6 44.9 45.4 45.9 46.4 47.2 48.2 49.2 
36.5 40.4 41.5 42.4 43.2 39.7 42.1 44.9 46.9 49.1 45.5 43.0 43.8 44.5 46.0 45.2 44.3 44.4 45.1 45.2 45.4 46.1 46.6 46.6 47.3 47.8 0.00 
37.6 41.3 41.6 43.5 42.3 41.7 41.4 46.7 46.4 49.4 50.0 46.8 45.3 44.9 46.1 45.4 45.1 45.2 45.5 45.9 46.3 46.5 46.8 47.2 47.7 47.9 0.00 
38.5 38.7 41.7 42.0 43.2 41.8 41.3 43.9 44.8 49.7 50.1 49.1 50.1 47.0 46.1 46.8 45.6 45.9 46.2 46.9 47.1 47.1 47.5 48.0 0.00 0.00 0.00 
38.1 38.8 39.7 38.9 43.6 42.0 43.1 46.2 47.7 51.1 52.4 48.5 47.9 50.8 48.9 48.9 47.2 46.9 46.9 47.2 47.5 47.7 48.4 49.0 49.3 0.00 0.00 
36.7 37.8 39.9 41.9 44.5 42.6 42.1 46.8 50.0 49.6 52.7 52.4 49.1 49.4 49.6 49.6 49.4 48.4 47.8 48.0 48.2 48.5 49.0 0.00 0.00 0.00 0.00 
37.1 39.2 40.9 43.1 43.9 42.7 41.9 47.5 49.7 48.1 52.0 51.9 53.2 49.2 49.8 49.6 49.2 49.6 48.8 48.7 48.9 49.1 0.00 0.00 0.00 0.00 0.00 
37.2 38.6 39.4 42.4 42.3 42.3 43.0 46.7 48.4 48.4 50.9 50.4 53.5 51.6 51.1 50.7 51.1 51.6 50.5 49.6 50.0 49.7 0.00 0.00 0.00 0.00 0.00 
36.0 37.3 38.3 41.1 42.9 44.0 42.8 44.8 48.7 47.7 49.1 51.4 53.2 51.5 51.2 51.5 52.0 52.5 52.5 51.1 51.7 0.00 0.00 0.00 0.00 0.00 0.00 
37.6 37.6 38.1 40.7 43.5 43.6 43.0 44.6 46.2 48.7 48.9 50.3 52.9 51.9 52.0 52.4 53.1 51.9 52.2 51.4 54.1 0.00 0.00 0.00 0.00 0.00 0.00 
38.2 38.4 38.1 39.4 41.3 44.8 44.7 43.4 47.5 49.1 49.0 49.3 51.9 51.9 52.4 52.6 52.3 52.3 51.4 51.0 0.00 0.00 0.00 0.00 0.00 0.00 0.00 
38.0 38.9 39.2 39.2 40.8 42.2 42.8 44.0 48.1 48.5 48.3 51.1 52.0 51.5 51.1 52.4 52.7 52.5 51.4 0.00 0.00 0.00 0.00 0.00 0.00 0.00 0.00 
37.7 38.9 41.0 42.0 43.4 44.8 43.5 46.1 48.6 47.8 48.8 50.0 51.4 49.9 50.4 51.1 51.8 52.3 52.3 0.00 0.00 0.00 0.00 0.00 0.00 0.00 0.00 
37.7 39.7 41.6 43.2 43.6 43.4 45.0 43.9 45.1 47.7 48.4 50.5 51.3 49.2 49.5 51.6 52.5 52.9 53.0 0.00 0.00 0.00 0.00 0.00 0.00 0.00 0.00 
38.7 41.6 41.4 42.3 43.2 44.4 43.9 45.3 46.6 45.3 46.3 48.8 51.1 48.5 50.2 50.3 51.3 51.2 0.00 0.00 0.00 0.00 0.00 0.00 0.00 0.00 0.00 
39.0 42.0 43.5 44.8 45.7 46.0 45.3 46.7 49.3 47.8 46.8 48.7 51.7 51.1 0.00 0.00 0.00 0.00 0.00 0.00 0.00 0.00 0.00 0.00 0.00 0.00 0.00 
39.7 42.4 44.3 46.1 45.6 44.6 45.8 48.5 49.8 50.1 50.6 48.8 50.8 49.4 47.5 0.00 0.00 0.00 0.00 0.00 0.00 0.00 0.00 0.00 0.00 0.00 0.00 
