2016_CCC_ARR_IFD/catchment_depth_4320min_00050aep.txt.asc
ncols         27
nrows         23
xllcorner     150.975
yllcorner     -33.6
cellsize      0.025
NODATA_value  -9999
509 506 533 549 535 518 512 536 559 598 642 657 661 698 707 725 712 702 719 734 743 757 770 767 764 761 757 
531 531 539 556 556 551 539 553 582 624 667 702 695 700 728 703 705 709 720 734 746 754 759 760 760 757 755 
519 541 564 566 559 563 563 570 612 637 668 690 688 682 723 745 729 728 732 738 745 750 752 754 759 757 755 
546 549 574 544 551 558 592 590 601 633 663 670 688 698 726 716 727 723 733 738 748 750 753 755 755 758 769 
550 550 574 547 565 578 595 607 638 677 668 658 700 690 721 713 735 727 736 747 749 750 748 752 754 761 761 
541 575 569 549 587 582 584 604 650 686 670 680 689 699 721 705 731 743 751 741 745 748 749 749 756 764 755 
528 556 551 561 598 584 606 627 663 702 688 688 675 731 724 704 726 746 749 744 744 747 748 748 755 765 773 
526 574 592 607 622 590 623 661 689 719 696 677 695 712 737 735 726 729 740 739 739 744 746 740 744 747 0.00 
542 589 597 624 617 616 618 686 691 731 747 721 711 713 735 730 727 730 733 737 740 737 737 737 739 739 0.00 
556 562 602 612 632 621 620 659 676 743 755 752 769 735 727 741 724 728 732 740 740 735 735 736 0.00 0.00 0.00 
555 567 583 577 640 626 645 689 715 765 786 743 739 781 760 763 738 732 732 734 734 734 738 740 740 0.00 0.00 
541 558 588 617 655 636 633 700 748 749 798 797 753 758 763 763 761 745 734 734 734 735 737 0.00 0.00 0.00 0.00 
549 579 604 636 650 638 631 711 745 727 786 787 806 748 756 753 747 753 739 736 737 736 0.00 0.00 0.00 0.00 0.00 
554 575 589 630 632 636 647 701 728 730 767 760 807 777 768 760 765 773 754 740 743 736 0.00 0.00 0.00 0.00 0.00 
541 560 576 616 643 661 644 674 730 716 736 771 797 768 758 762 769 776 775 753 760 0.00 0.00 0.00 0.00 0.00 0.00 
568 568 576 613 653 656 647 670 692 729 729 749 787 766 759 766 778 758 762 750 789 0.00 0.00 0.00 0.00 0.00 0.00 
579 584 580 598 625 674 672 651 710 732 726 726 765 758 755 759 756 755 742 737 0.00 0.00 0.00 0.00 0.00 0.00 0.00 
582 595 599 597 620 638 644 659 717 719 710 751 760 745 733 750 756 752 736 0.00 0.00 0.00 0.00 0.00 0.00 0.00 0.00 
582 599 627 641 659 677 654 689 721 705 716 729 746 716 719 728 737 743 743 0.00 0.00 0.00 0.00 0.00 0.00 0.00 0.00 
587 614 640 660 664 657 676 654 667 701 706 733 740 703 704 731 743 748 747 0.00 0.00 0.00 0.00 0.00 0.00 0.00 0.00 
607 645 641 650 659 672 658 672 687 662 670 701 732 688 709 709 720 717 0.00 0.00 0.00 0.00 0.00 0.00 0.00 0.00 0.00 
614 655 673 688 697 694 677 691 722 694 672 694 735 722 0.00 0.00 0.00 0.00 0.00 0.00 0.00 0.00 0.00 0.00 0.00 0.00 0.00 
630 666 689 708 695 671 680 713 725 722 723 691 716 692 663 0.00 0.00 0.00 0.00 0.00 0.00 0.00 0.00 0.00 0.00 0.00 0.00 
