2016_CCC_ARR_IFD/catchment_depth_7200min_00500aep.txt.asc
ncols         27
nrows         23
xllcorner     150.975
yllcorner     -33.6
cellsize      0.025
NODATA_value  -9999
382 378 398 409 397 381 375 392 408 437 471 482 482 512 517 531 514 496 508 518 524 536 546 545 544 543 541 
400 399 403 416 414 407 397 406 427 458 492 520 512 513 536 509 505 502 508 517 526 534 539 541 542 542 541 
391 408 425 424 417 417 416 420 451 470 493 510 505 497 530 548 529 522 520 520 527 532 535 538 543 543 542 
414 415 433 407 412 415 440 436 443 467 489 493 505 511 532 521 527 518 522 524 533 535 538 541 542 545 554 
418 416 434 410 423 432 444 451 473 503 493 483 516 504 528 518 535 524 528 535 536 537 537 541 543 550 550 
411 437 431 413 441 436 436 450 484 511 496 502 507 513 529 513 532 540 545 534 537 539 540 541 547 554 547 
402 423 418 424 451 439 454 469 496 524 511 509 497 541 533 515 531 545 545 540 539 542 543 544 549 557 564 
402 439 451 462 472 444 469 497 518 539 520 504 516 528 546 542 533 534 541 540 539 543 545 541 544 546 0.00 
416 452 456 476 469 467 468 519 521 551 562 541 530 531 546 541 537 538 539 542 544 541 541 541 543 542 0.00 
428 432 462 468 482 472 471 500 512 562 569 566 579 550 543 553 538 540 542 548 547 543 542 543 0.00 0.00 0.00 
428 437 448 442 490 478 492 525 544 582 596 562 558 590 571 572 552 547 545 546 545 545 548 549 549 0.00 0.00 
418 431 454 475 504 487 484 535 572 571 608 607 571 575 576 576 573 560 550 549 549 548 550 0.00 0.00 0.00 0.00 
426 449 467 492 502 491 484 545 571 556 601 601 613 570 576 571 565 569 557 554 553 552 0.00 0.00 0.00 0.00 0.00 
430 446 456 488 489 490 498 540 560 561 589 583 617 595 588 581 583 588 572 560 561 555 0.00 0.00 0.00 0.00 0.00 
421 436 447 478 498 511 497 520 563 552 567 593 611 591 584 586 589 593 591 572 577 0.00 0.00 0.00 0.00 0.00 0.00 
443 442 447 477 507 508 500 518 535 563 563 578 606 592 590 593 598 581 583 572 602 0.00 0.00 0.00 0.00 0.00 0.00 
452 455 451 465 485 523 521 504 550 566 562 564 592 588 590 590 585 581 570 564 0.00 0.00 0.00 0.00 0.00 0.00 0.00 
455 465 467 464 482 495 500 510 556 557 551 582 589 580 572 585 587 580 566 0.00 0.00 0.00 0.00 0.00 0.00 0.00 0.00 
455 469 490 500 514 528 507 535 561 547 556 566 580 558 561 566 573 576 574 0.00 0.00 0.00 0.00 0.00 0.00 0.00 0.00 
459 481 500 516 518 511 526 508 517 545 549 570 576 547 548 569 577 579 577 0.00 0.00 0.00 0.00 0.00 0.00 0.00 0.00 
474 506 501 508 514 524 512 523 534 514 521 546 570 536 552 552 560 556 0.00 0.00 0.00 0.00 0.00 0.00 0.00 0.00 0.00 
481 514 527 539 545 542 528 539 564 540 523 541 571 563 0.00 0.00 0.00 0.00 0.00 0.00 0.00 0.00 0.00 0.00 0.00 0.00 0.00 
493 522 541 556 545 524 531 556 566 563 563 539 557 540 516 0.00 0.00 0.00 0.00 0.00 0.00 0.00 0.00 0.00 0.00 0.00 0.00 
