2016_CCC_ARR_IFD/catchment_depth_25min_01000aep.txt.asc
ncols         27
nrows         23
xllcorner     150.975
yllcorner     -33.6
cellsize      0.025
NODATA_value  -9999
49.4 49.3 50.2 50.8 50.5 50.2 50.4 51.5 52.6 54.3 55.9 56.7 57.3 58.3 59.0 59.7 60.5 60.9 61.7 62.4 63.0 63.8 64.5 64.9 65.4 65.9 66.3 
49.9 49.9 50.2 51.0 51.2 51.3 51.3 52.1 53.5 55.2 56.6 57.4 58.1 58.8 59.5 60.3 61.0 61.5 62.1 62.8 63.5 64.1 64.7 65.2 65.7 66.2 66.7 
49.3 50.0 51.0 51.2 51.2 51.6 52.0 52.8 54.6 55.8 56.9 57.8 58.5 59.3 60.2 60.8 61.9 62.7 62.9 63.3 63.9 64.4 65.0 65.6 66.1 66.6 67.0 
50.0 50.1 51.2 50.1 50.6 51.3 53.0 53.5 54.4 55.9 57.2 58.1 59.1 60.0 60.8 61.9 62.8 63.1 63.5 63.8 64.4 64.9 65.4 66.0 66.5 67.0 67.6 
50.0 50.0 51.1 49.8 51.0 51.9 53.1 54.1 55.7 57.2 57.8 58.6 59.8 60.8 61.7 62.7 63.6 63.8 64.1 64.6 64.9 65.3 65.8 66.4 66.9 67.4 67.9 
49.7 50.9 50.7 49.6 51.8 52.0 52.9 54.3 56.3 57.7 58.3 59.4 60.6 61.7 62.7 63.1 64.2 64.8 65.3 65.0 65.2 65.8 66.3 66.7 67.3 67.9 68.1 
49.5 50.1 49.9 50.3 52.3 52.3 53.7 55.1 56.9 58.3 59.1 60.3 61.3 62.4 63.6 63.6 64.7 65.5 65.8 65.7 65.8 66.3 66.8 67.2 67.7 68.3 68.8 
49.9 50.9 51.7 52.5 53.4 53.0 54.5 56.3 57.7 59.0 59.8 61.0 62.5 63.6 64.4 65.1 65.2 65.6 66.1 66.2 66.4 66.9 67.3 67.5 67.9 68.3 0.00 
50.3 51.6 52.1 53.3 53.4 54.0 54.9 57.2 58.1 59.6 60.6 61.8 63.3 64.3 65.2 65.5 65.7 66.2 66.5 66.8 67.1 67.3 67.6 67.9 68.2 68.5 0.00 
50.9 51.3 52.5 53.2 54.2 54.5 55.4 57.0 58.4 60.2 61.3 62.3 63.3 64.9 65.3 66.2 66.0 66.6 67.1 67.5 67.6 67.7 67.9 68.3 0.00 0.00 0.00 
51.2 51.7 52.4 52.9 54.7 55.1 56.3 57.9 59.3 60.8 61.7 62.9 64.1 64.8 66.0 66.7 66.8 67.1 67.4 67.6 67.8 68.0 68.4 68.7 68.9 0.00 0.00 
51.3 51.9 52.9 54.0 55.4 55.6 56.4 58.4 60.0 61.0 62.4 63.3 64.3 65.3 66.2 67.0 67.5 67.6 67.6 67.8 68.0 68.2 68.5 0.00 0.00 0.00 0.00 
51.7 52.6 53.5 54.7 55.6 56.0 56.6 58.9 60.2 61.0 62.5 63.5 64.3 65.4 66.3 66.9 67.2 67.8 67.7 67.9 68.2 68.4 0.00 0.00 0.00 0.00 0.00 
52.0 52.8 53.5 54.9 55.5 56.2 57.1 58.9 60.2 61.2 62.5 63.5 64.4 65.5 66.5 67.0 67.7 68.2 68.2 68.0 68.3 68.4 0.00 0.00 0.00 0.00 0.00 
51.9 52.7 53.5 54.8 55.9 56.9 57.2 58.6 60.4 61.1 62.3 63.6 64.5 65.5 66.3 67.0 67.7 68.2 68.6 68.3 68.8 0.00 0.00 0.00 0.00 0.00 0.00 
52.6 53.0 53.5 54.9 56.2 56.9 57.3 58.5 59.7 61.2 62.1 63.4 64.5 65.4 66.3 67.0 67.7 67.7 68.2 68.1 69.0 0.00 0.00 0.00 0.00 0.00 0.00 
53.0 53.5 53.7 54.5 55.7 57.3 57.9 57.9 60.1 61.2 62.0 62.8 64.3 65.1 65.4 66.4 66.9 67.4 67.3 67.5 0.00 0.00 0.00 0.00 0.00 0.00 0.00 
53.2 53.9 54.2 54.4 55.5 56.4 57.0 58.0 60.1 60.9 61.4 63.0 64.0 64.5 64.5 65.9 66.8 67.2 66.9 0.00 0.00 0.00 0.00 0.00 0.00 0.00 0.00 
52.9 53.9 54.9 55.6 56.4 57.3 57.1 58.7 60.1 60.3 61.3 62.4 63.5 63.2 63.9 64.9 65.8 66.6 66.9 0.00 0.00 0.00 0.00 0.00 0.00 0.00 0.00 
52.8 54.0 55.0 55.9 56.4 56.6 57.6 57.4 58.3 60.0 60.8 62.2 63.1 62.6 63.3 64.8 65.7 66.2 66.6 0.00 0.00 0.00 0.00 0.00 0.00 0.00 0.00 
53.2 54.6 54.8 55.4 56.0 56.8 56.8 57.7 58.7 58.5 59.4 61.2 62.6 62.0 63.3 63.9 64.7 65.0 0.00 0.00 0.00 0.00 0.00 0.00 0.00 0.00 0.00 
53.0 54.5 55.3 56.1 56.7 57.1 57.1 58.0 59.5 59.3 59.3 60.8 62.4 62.8 0.00 0.00 0.00 0.00 0.00 0.00 0.00 0.00 0.00 0.00 0.00 0.00 0.00 
53.1 54.4 55.3 56.2 56.3 56.1 56.9 58.4 59.4 59.9 60.6 60.5 61.7 61.8 61.4 0.00 0.00 0.00 0.00 0.00 0.00 0.00 0.00 0.00 0.00 0.00 0.00 
