2016_CCC_ARR_IFD/catchment_depth_60min_99999aep.txt.asc
ncols         27
nrows         23
xllcorner     150.975
yllcorner     -33.6
cellsize      0.025
NODATA_value  -9999
8.39 8.35 8.51 8.62 8.53 8.43 8.43 8.57 8.72 9.00 9.33 9.45 9.47 9.75 9.82 9.96 9.83 9.77 9.89 10.0 10.1 10.3 10.4 10.5 10.6 10.7 10.8 
8.49 8.49 8.54 8.65 8.66 8.64 8.60 8.69 8.88 9.19 9.50 9.75 9.72 9.76 9.98 9.75 9.77 9.84 9.96 10.1 10.2 10.3 10.4 10.5 10.7 10.7 10.8 
8.41 8.54 8.68 8.70 8.68 8.72 8.75 8.80 9.10 9.29 9.51 9.67 9.66 9.59 9.93 10.1 9.96 9.95 10.1 10.2 10.3 10.4 10.5 10.6 10.7 10.8 10.9 
8.55 8.57 8.73 8.57 8.63 8.70 8.93 8.93 9.02 9.25 9.47 9.52 9.65 9.72 9.94 9.85 9.95 10.0 10.1 10.3 10.4 10.5 10.6 10.7 10.8 10.9 11.0 
8.55 8.57 8.73 8.58 8.71 8.81 8.94 9.05 9.28 9.57 9.51 9.40 9.74 9.64 9.89 9.86 10.0 10.1 10.2 10.4 10.5 10.6 10.6 10.7 10.8 10.9 11.0 
8.50 8.70 8.69 8.59 8.84 8.83 8.87 9.01 9.36 9.64 9.50 9.56 9.62 9.72 9.89 9.90 10.1 10.2 10.3 10.5 10.6 10.6 10.7 10.8 10.9 11.0 11.1 
8.44 8.60 8.59 8.67 8.91 8.85 9.00 9.16 9.43 9.75 9.62 9.60 9.57 9.95 9.92 9.98 10.1 10.3 10.4 10.5 10.6 10.7 10.8 10.9 11.0 11.1 11.2 
8.44 8.69 8.82 8.94 9.06 8.88 9.11 9.39 9.62 9.86 9.66 9.54 9.68 9.82 10.0 10.1 10.2 10.4 10.5 10.6 10.7 10.8 10.8 10.9 11.0 11.1 0.00 
8.51 8.77 8.85 9.04 9.02 9.04 9.08 9.56 9.61 9.93 10.1 9.84 9.78 9.86 10.0 10.2 10.3 10.5 10.6 10.7 10.8 10.8 10.9 10.9 11.0 11.1 0.00 
8.58 8.63 8.88 8.97 9.12 9.08 9.09 9.36 9.49 10.0 10.1 10.1 10.2 9.99 10.1 10.2 10.4 10.5 10.7 10.8 10.8 10.8 10.9 11.0 0.00 0.00 0.00 
8.57 8.66 8.78 8.77 9.17 9.11 9.25 9.58 9.78 10.2 10.3 10.0 9.99 10.4 10.2 10.3 10.4 10.6 10.7 10.8 10.8 10.9 10.9 11.0 11.1 0.00 0.00 
8.51 8.62 8.82 9.01 9.28 9.18 9.18 9.65 10.0 10.0 10.4 10.4 10.1 10.2 10.3 10.4 10.5 10.6 10.7 10.8 10.8 10.9 11.0 0.00 0.00 0.00 0.00 
8.56 8.75 8.92 9.14 9.26 9.21 9.19 9.74 10.0 9.88 10.4 10.4 10.6 10.1 10.2 10.3 10.4 10.6 10.7 10.7 10.8 10.9 0.00 0.00 0.00 0.00 0.00 
8.59 8.74 8.84 9.12 9.17 9.21 9.30 9.68 9.89 9.92 10.2 10.2 10.6 10.4 10.3 10.3 10.5 10.6 10.7 10.7 10.8 10.9 0.00 0.00 0.00 0.00 0.00 
8.54 8.67 8.80 9.06 9.25 9.39 9.32 9.52 9.93 9.84 10.0 10.3 10.6 10.3 10.2 10.3 10.5 10.7 10.8 10.8 10.9 0.00 0.00 0.00 0.00 0.00 0.00 
8.72 8.74 8.82 9.07 9.34 9.38 9.36 9.53 9.69 9.98 9.99 10.2 10.5 10.3 10.2 10.4 10.6 10.6 10.7 10.8 11.2 0.00 0.00 0.00 0.00 0.00 0.00 
8.81 8.87 8.88 9.01 9.19 9.52 9.55 9.48 9.86 10.0 10.0 10.0 10.4 10.3 10.2 10.4 10.5 10.6 10.7 10.8 0.00 0.00 0.00 0.00 0.00 0.00 0.00 
8.85 8.97 9.01 9.05 9.21 9.35 9.45 9.57 9.96 10.0 10.0 10.4 10.5 10.3 10.3 10.5 10.6 10.7 10.8 0.00 0.00 0.00 0.00 0.00 0.00 0.00 0.00 
8.87 9.00 9.18 9.30 9.44 9.60 9.55 9.79 10.1 10.0 10.1 10.3 10.5 10.3 10.4 10.5 10.7 10.8 11.0 0.00 0.00 0.00 0.00 0.00 0.00 0.00 0.00 
8.93 9.09 9.26 9.42 9.50 9.54 9.71 9.71 9.85 10.1 10.2 10.5 10.6 10.4 10.5 10.8 10.9 11.1 11.1 0.00 0.00 0.00 0.00 0.00 0.00 0.00 0.00 
9.05 9.25 9.29 9.40 9.51 9.66 9.71 9.86 10.0 10.0 10.2 10.4 10.7 10.6 10.8 10.8 11.0 11.1 0.00 0.00 0.00 0.00 0.00 0.00 0.00 0.00 0.00 
9.12 9.32 9.46 9.59 9.72 9.80 9.85 10.0 10.3 10.3 10.3 10.6 10.9 10.9 0.00 0.00 0.00 0.00 0.00 0.00 0.00 0.00 0.00 0.00 0.00 0.00 0.00 
9.23 9.40 9.56 9.71 9.75 9.80 9.96 10.2 10.4 10.6 10.7 10.7 11.0 11.0 10.9 0.00 0.00 0.00 0.00 0.00 0.00 0.00 0.00 0.00 0.00 0.00 0.00 
