2016_CCC_ARR_IFD/catchment_depth_540min_18127aep.txt.asc
ncols         27
nrows         23
xllcorner     150.975
yllcorner     -33.6
cellsize      0.025
NODATA_value  -9999
70.4 70.4 72.8 74.5 73.8 72.9 72.9 75.1 77.2 80.9 85.0 86.6 87.1 90.6 91.6 93.4 91.9 90.0 91.6 93.1 94.2 95.8 97.4 97.9 98.5 99.3 100 
72.1 72.5 73.5 75.4 75.8 75.9 75.5 76.9 79.7 83.6 87.5 90.6 90.5 91.2 93.9 91.1 90.4 91.0 92.2 93.5 95.0 96.3 97.4 98.3 99.1 99.9 101 
71.4 73.5 75.7 76.4 76.4 77.2 77.8 78.8 82.8 85.3 88.2 90.3 90.4 89.7 93.8 96.1 94.1 92.6 93.7 94.5 95.8 96.9 97.9 98.9 100 101 101 
73.6 74.2 76.7 74.8 76.0 77.2 80.6 80.8 82.2 85.4 88.4 89.2 90.8 91.8 94.5 93.0 93.6 93.6 94.9 95.8 97.2 98.1 99.0 99.9 101 102 103 
74.0 74.5 77.0 75.3 77.4 79.1 81.2 82.8 86.1 89.8 89.3 88.3 92.5 91.2 94.4 93.2 95.2 95.2 96.4 97.7 98.5 99.3 99.9 101 102 103 103 
73.5 76.6 76.8 75.7 79.5 79.7 80.5 82.8 87.6 91.3 89.9 90.9 91.8 92.9 94.9 94.2 96.1 97.5 98.7 99.0 99.7 101 101 102 103 104 104 
72.8 75.4 75.6 77.0 80.8 80.2 82.7 85.2 89.1 93.1 92.0 92.2 91.5 96.6 96.1 95.7 97.7 99.4 100 101 101 102 102 103 104 105 106 
72.9 77.0 79.1 81.1 83.0 81.1 84.6 88.6 91.8 94.9 93.1 91.9 94.0 95.8 98.2 98.7 99.4 101 102 102 102 103 103 103 104 105 0.00 
74.2 78.4 79.7 82.7 82.9 83.6 84.6 91.1 92.2 96.3 98.2 96.4 96.1 96.9 99.2 100 101 102 103 104 104 104 104 104 105 105 0.00 
75.4 76.6 80.4 82.0 84.4 84.4 85.1 89.1 91.3 97.8 99.5 99.6 102 99.4 99.8 102 102 104 105 105 105 105 105 105 0.00 0.00 0.00 
75.6 77.2 79.2 79.7 85.4 85.2 87.5 92.1 95.1 100 102 99.4 99.7 104 103 104 104 105 106 106 106 105 106 106 106 0.00 0.00 
74.9 76.9 79.9 83.0 86.9 86.3 86.9 93.4 98.3 99.1 104 105 101 103 104 105 105 106 106 106 106 106 106 0.00 0.00 0.00 0.00 
75.7 78.5 81.3 84.7 86.8 86.9 87.2 94.6 98.4 97.7 103 104 106 102 104 104 105 106 106 106 106 106 0.00 0.00 0.00 0.00 0.00 
76.2 78.4 80.4 84.5 85.7 87.0 88.9 94.2 97.4 98.3 102 102 107 105 105 105 106 108 107 106 107 107 0.00 0.00 0.00 0.00 0.00 
75.8 77.9 79.9 83.6 86.8 89.3 89.1 92.4 97.9 97.6 100 104 107 105 104 105 107 108 109 107 108 0.00 0.00 0.00 0.00 0.00 0.00 
77.3 78.5 80.2 83.7 87.9 89.3 89.7 92.6 95.2 99.2 99.9 102 106 105 104 105 108 106 108 107 111 0.00 0.00 0.00 0.00 0.00 0.00 
78.1 79.3 80.8 83.1 86.2 91.0 92.1 91.4 97.2 99.9 100 100 105 104 103 104 105 106 106 106 0.00 0.00 0.00 0.00 0.00 0.00 0.00 
78.5 80.2 82.1 83.5 86.3 88.8 90.4 92.6 98.3 99.4 99.2 104 105 103 102 104 106 106 105 0.00 0.00 0.00 0.00 0.00 0.00 0.00 0.00 
79.4 81.3 84.4 86.7 89.4 92.1 91.7 95.6 99.1 98.9 101 102 104 100 101 102 104 106 106 0.00 0.00 0.00 0.00 0.00 0.00 0.00 0.00 
80.4 83.0 86.0 88.7 90.3 91.2 93.9 93.3 95.4 99.4 100 103 104 100 100 104 106 107 107 0.00 0.00 0.00 0.00 0.00 0.00 0.00 0.00 
82.2 85.9 86.6 88.5 90.4 92.7 92.9 95.5 98.0 95.8 97.0 101 104 99.3 102 102 104 104 0.00 0.00 0.00 0.00 0.00 0.00 0.00 0.00 0.00 
83.2 87.2 89.5 91.8 93.6 94.7 94.7 97.2 101 99.8 98.0 101 105 104 0.00 0.00 0.00 0.00 0.00 0.00 0.00 0.00 0.00 0.00 0.00 0.00 0.00 
84.7 88.4 91.2 93.7 93.8 93.0 95.1 99.0 101 102 103 101 103 102 98.0 0.00 0.00 0.00 0.00 0.00 0.00 0.00 0.00 0.00 0.00 0.00 0.00 
