2016_CCC_ARR_IFD/catchment_depth_2160min_98168aep.txt.asc
ncols         27
nrows         23
xllcorner     150.975
yllcorner     -33.6
cellsize      0.025
NODATA_value  -9999
43.7 43.2 45.3 46.4 45.1 43.5 42.6 44.1 45.4 48.2 51.5 52.3 51.9 54.9 55.1 56.3 53.2 49.9 50.6 51.4 51.9 53.0 54.1 54.2 54.4 54.8 55.1 
45.4 45.3 45.7 47.0 46.8 46.1 44.8 45.5 47.4 50.5 53.8 56.5 55.2 54.9 57.2 52.8 51.1 50.5 50.8 51.5 52.4 53.2 53.9 54.3 54.8 55.1 55.5 
44.2 46.0 47.7 47.7 46.9 47.0 46.7 46.8 50.0 51.7 53.8 55.3 54.2 52.4 56.2 58.0 54.5 52.3 52.0 52.1 52.8 53.5 54.0 54.6 55.3 55.7 56.0 
46.4 46.5 48.4 45.7 46.1 46.4 49.1 48.4 48.9 51.2 53.3 53.2 54.0 54.0 56.2 53.5 53.5 52.2 52.6 52.9 53.7 54.2 54.7 55.3 55.7 56.4 57.5 
46.5 46.4 48.3 45.8 47.1 48.0 49.2 49.8 52.2 55.2 53.7 51.5 55.0 52.7 55.2 53.0 54.5 53.2 53.6 54.3 54.6 55.0 55.2 55.9 56.4 57.2 57.6 
45.6 48.4 47.8 45.8 48.8 48.1 47.8 49.2 53.1 56.1 53.5 53.6 53.5 53.7 55.0 52.9 54.4 55.1 55.6 54.9 55.3 55.7 56.1 56.4 57.2 58.1 57.8 
44.3 46.6 46.0 46.7 49.6 48.1 49.6 51.1 54.0 57.3 54.9 54.1 52.4 56.8 55.4 53.6 54.9 56.1 56.2 56.0 56.1 56.6 56.9 57.2 57.9 58.9 59.7 
44.0 47.9 49.3 50.4 51.5 48.4 51.0 53.9 56.1 58.4 55.4 53.2 54.3 55.3 56.9 56.4 55.6 55.9 56.6 56.6 56.7 57.3 57.7 57.5 58.0 58.5 0.00 
45.2 49.0 49.5 51.6 50.8 50.6 50.5 55.8 55.8 58.9 59.8 57.1 55.9 55.8 57.2 56.7 56.5 56.8 57.0 57.4 57.8 57.7 57.9 58.1 58.5 58.6 0.00 
46.2 46.7 49.8 50.5 51.9 50.8 50.6 53.4 54.6 59.5 60.1 59.5 60.7 57.9 57.2 58.1 57.0 57.5 57.9 58.5 58.5 58.4 58.6 58.9 0.00 0.00 0.00 
46.0 46.9 48.1 47.5 52.4 51.2 52.5 55.8 57.5 61.1 62.6 59.1 58.7 61.7 60.0 60.2 58.7 58.5 58.6 58.8 58.8 59.0 59.5 59.9 60.1 0.00 0.00 
44.7 46.0 48.4 50.6 53.5 51.9 51.6 56.6 60.0 59.9 63.1 63.0 60.0 60.4 60.8 60.8 60.8 59.9 59.3 59.4 59.5 59.6 60.0 0.00 0.00 0.00 0.00 
45.2 47.6 49.5 52.0 53.1 52.1 51.6 57.4 59.9 58.6 62.6 62.7 64.1 60.2 60.9 60.7 60.4 61.0 60.1 60.0 60.1 60.2 0.00 0.00 0.00 0.00 0.00 
45.4 47.1 48.2 51.4 51.6 52.0 52.9 56.9 58.8 59.0 61.7 61.3 64.5 62.7 62.2 61.7 62.2 62.9 61.7 60.8 61.1 60.7 0.00 0.00 0.00 0.00 0.00 
44.3 45.9 47.2 50.2 52.4 53.8 52.8 55.1 59.2 58.5 60.0 62.4 64.3 62.6 62.0 62.4 63.0 63.7 63.7 62.2 62.8 0.00 0.00 0.00 0.00 0.00 0.00 
46.1 46.3 47.1 50.0 53.1 53.5 53.2 55.1 56.9 59.6 59.9 61.5 64.1 63.0 62.6 63.2 64.2 62.8 63.2 62.4 65.3 0.00 0.00 0.00 0.00 0.00 0.00 
46.8 47.3 47.4 48.9 51.1 54.9 55.1 54.0 58.4 60.2 60.1 60.4 63.2 62.9 62.7 63.1 63.0 63.0 62.1 61.8 0.00 0.00 0.00 0.00 0.00 0.00 0.00 
46.8 47.9 48.5 48.9 50.9 52.5 53.4 54.9 59.2 59.7 59.5 62.5 63.3 62.5 61.5 63.0 63.5 63.3 62.1 0.00 0.00 0.00 0.00 0.00 0.00 0.00 0.00 
46.7 48.2 50.6 51.9 53.6 55.4 54.3 57.2 59.8 59.3 60.4 61.5 62.9 60.7 61.0 61.7 62.5 63.1 63.1 0.00 0.00 0.00 0.00 0.00 0.00 0.00 0.00 
47.1 49.3 51.5 53.3 54.1 54.2 56.1 55.2 56.6 59.5 60.3 62.2 63.0 60.2 60.2 62.5 63.5 63.9 63.9 0.00 0.00 0.00 0.00 0.00 0.00 0.00 0.00 
48.3 51.5 51.5 52.7 53.9 55.4 55.1 56.9 58.5 56.9 57.9 60.6 62.8 59.5 61.3 61.2 62.2 61.9 0.00 0.00 0.00 0.00 0.00 0.00 0.00 0.00 0.00 
48.8 52.1 53.8 55.3 56.5 57.0 56.7 58.3 61.0 59.9 58.6 60.5 63.4 62.7 0.00 0.00 0.00 0.00 0.00 0.00 0.00 0.00 0.00 0.00 0.00 0.00 0.00 
49.9 52.8 54.9 56.8 56.5 55.7 57.1 60.1 61.5 61.9 62.4 60.6 62.5 60.9 58.3 0.00 0.00 0.00 0.00 0.00 0.00 0.00 0.00 0.00 0.00 0.00 0.00 
