2016_CCC_ARR_IFD/catchment_depth_1800min_99752aep.txt.asc
ncols         27
nrows         23
xllcorner     150.975
yllcorner     -33.6
cellsize      0.025
NODATA_value  -9999
32.2 31.9 33.3 34.1 33.2 32.1 31.5 32.5 33.4 35.3 37.7 38.3 38.0 40.2 40.3 41.2 38.9 36.7 37.4 38.0 38.4 39.2 40.0 40.2 40.5 40.8 41.1 
33.4 33.3 33.6 34.5 34.3 33.8 33.0 33.5 34.8 36.9 39.3 41.2 40.3 40.1 41.8 38.6 37.5 37.2 37.5 38.1 38.8 39.4 39.9 40.3 40.7 41.0 41.4 
32.5 33.7 35.0 35.0 34.4 34.5 34.3 34.4 36.6 37.8 39.3 40.3 39.6 38.3 41.0 42.4 39.8 38.2 38.3 38.5 39.1 39.6 40.1 40.6 41.1 41.5 41.8 
34.0 34.1 35.5 33.6 33.9 34.1 35.9 35.5 35.8 37.4 38.9 38.8 39.4 39.4 41.0 39.1 39.1 38.4 38.8 39.1 39.8 40.2 40.6 41.1 41.5 42.0 42.8 
34.1 34.0 35.4 33.6 34.5 35.1 36.0 36.4 38.1 40.2 39.1 37.6 40.1 38.4 40.2 38.7 39.8 39.1 39.5 40.1 40.4 40.8 41.0 41.5 42.0 42.6 42.9 
33.4 35.4 35.0 33.6 35.7 35.2 35.1 36.0 38.7 40.8 39.0 39.0 39.0 39.2 40.1 38.8 39.8 40.3 40.8 40.6 41.0 41.4 41.7 42.0 42.6 43.3 43.1 
32.5 34.1 33.8 34.2 36.3 35.2 36.3 37.3 39.3 41.6 40.0 39.5 38.4 41.4 40.4 39.4 40.3 41.1 41.4 41.4 41.6 42.0 42.3 42.6 43.2 43.9 44.5 
32.3 35.0 36.0 36.8 37.5 35.5 37.2 39.2 40.7 42.3 40.3 38.9 39.7 40.4 41.5 41.2 40.9 41.2 41.8 41.9 42.1 42.6 42.9 42.9 43.3 43.6 0.00 
33.1 35.8 36.1 37.6 37.1 36.9 36.9 40.5 40.6 42.7 43.3 41.5 40.8 40.8 41.8 41.6 41.6 41.9 42.2 42.6 42.9 42.9 43.1 43.4 43.7 43.8 0.00 
33.8 34.2 36.3 36.8 37.8 37.1 37.0 38.9 39.7 43.1 43.6 43.2 44.0 42.2 41.9 42.6 42.1 42.5 42.9 43.3 43.5 43.4 43.6 44.0 0.00 0.00 0.00 
33.7 34.3 35.2 34.8 38.1 37.4 38.3 40.5 41.8 44.2 45.3 42.9 42.7 44.8 43.8 44.0 43.2 43.2 43.4 43.6 43.7 43.9 44.3 44.7 44.9 0.00 0.00 
32.8 33.7 35.4 36.9 38.9 37.9 37.7 41.1 43.5 43.4 45.7 45.7 43.7 44.0 44.3 44.5 44.6 44.1 43.9 44.0 44.1 44.3 44.7 0.00 0.00 0.00 0.00 
33.1 34.7 36.1 37.8 38.6 38.0 37.7 41.7 43.4 42.6 45.3 45.4 46.4 43.9 44.4 44.4 44.4 44.8 44.4 44.4 44.6 44.7 0.00 0.00 0.00 0.00 0.00 
33.2 34.4 35.2 37.4 37.6 37.9 38.6 41.3 42.7 42.9 44.7 44.5 46.8 45.6 45.4 45.1 45.6 46.1 45.4 44.9 45.2 45.0 0.00 0.00 0.00 0.00 0.00 
32.5 33.6 34.5 36.6 38.1 39.2 38.6 40.2 43.0 42.5 43.6 45.3 46.6 45.6 45.2 45.6 46.1 46.6 46.7 45.8 46.3 0.00 0.00 0.00 0.00 0.00 0.00 
33.7 33.9 34.5 36.5 38.7 39.0 38.8 40.2 41.5 43.4 43.6 44.7 46.5 45.8 45.6 46.1 46.9 46.0 46.4 45.9 48.0 0.00 0.00 0.00 0.00 0.00 0.00 
34.1 34.5 34.6 35.8 37.3 39.9 40.2 39.5 42.5 43.8 43.8 44.0 46.0 45.8 45.6 46.0 46.0 46.1 45.6 45.5 0.00 0.00 0.00 0.00 0.00 0.00 0.00 
34.1 35.0 35.4 35.8 37.2 38.4 39.1 40.1 43.1 43.5 43.4 45.5 46.1 45.5 44.9 46.0 46.4 46.3 45.6 0.00 0.00 0.00 0.00 0.00 0.00 0.00 0.00 
34.1 35.2 36.8 37.8 39.1 40.3 39.7 41.8 43.5 43.3 44.1 44.9 45.8 44.3 44.5 45.1 45.7 46.2 46.3 0.00 0.00 0.00 0.00 0.00 0.00 0.00 0.00 
34.4 35.9 37.5 38.8 39.4 39.6 40.9 40.4 41.5 43.5 44.0 45.4 45.9 44.0 44.0 45.7 46.4 46.8 46.8 0.00 0.00 0.00 0.00 0.00 0.00 0.00 0.00 
35.3 37.5 37.5 38.4 39.3 40.4 40.3 41.6 42.8 41.7 42.4 44.3 45.8 43.5 44.8 44.8 45.5 45.4 0.00 0.00 0.00 0.00 0.00 0.00 0.00 0.00 0.00 
35.6 37.9 39.1 40.2 41.1 41.5 41.4 42.6 44.4 43.8 42.9 44.2 46.3 45.8 0.00 0.00 0.00 0.00 0.00 0.00 0.00 0.00 0.00 0.00 0.00 0.00 0.00 
36.4 38.4 39.9 41.2 41.1 40.6 41.7 43.7 44.8 45.1 45.5 44.3 45.6 44.6 42.8 0.00 0.00 0.00 0.00 0.00 0.00 0.00 0.00 0.00 0.00 0.00 0.00 
