2016_CCC_ARR_IFD/catchment_depth_1080min_63212aep.txt.asc
ncols         27
nrows         23
xllcorner     150.975
yllcorner     -33.6
cellsize      0.025
NODATA_value  -9999
59.3 59.0 61.5 63.0 61.8 60.3 59.8 61.7 63.5 66.9 70.9 72.1 72.0 75.5 76.0 77.6 74.9 72.0 73.0 74.0 74.5 75.8 77.0 77.0 77.2 77.6 78.0 
61.3 61.4 62.2 63.8 63.9 63.4 62.4 63.5 65.9 69.7 73.6 76.8 75.8 75.9 78.6 74.6 73.5 73.0 73.5 74.4 75.4 76.3 77.0 77.5 78.0 78.3 78.7 
60.2 62.3 64.6 64.8 64.3 64.7 64.8 65.3 69.1 71.3 73.9 75.8 75.2 73.8 78.0 80.1 77.1 75.4 75.3 75.4 76.2 77.0 77.5 78.2 78.9 79.3 79.6 
62.7 63.1 65.5 62.9 63.7 64.5 67.7 67.3 68.2 71.1 73.8 74.1 75.4 75.8 78.4 76.3 76.7 75.7 76.3 76.7 77.7 78.2 78.7 79.3 79.8 80.4 81.7 
63.1 63.3 65.7 63.3 65.1 66.4 68.1 69.2 72.2 75.7 74.6 72.8 76.9 74.9 77.9 76.2 78.1 77.1 77.8 78.7 79.1 79.4 79.7 80.3 80.8 81.7 82.1 
62.3 65.6 65.3 63.6 67.2 66.9 67.1 69.0 73.5 77.1 74.9 75.4 75.7 76.4 78.2 76.6 78.5 79.5 80.3 79.7 80.2 80.7 81.0 81.3 82.1 83.0 82.6 
61.2 64.0 63.8 64.8 68.4 67.2 69.3 71.3 74.9 78.8 76.8 76.4 75.0 80.1 79.0 77.7 79.4 81.0 81.5 81.4 81.6 82.0 82.2 82.5 83.2 84.2 85.1 
61.2 65.7 67.5 69.1 70.7 67.9 71.1 74.8 77.5 80.4 77.7 75.8 77.4 78.9 81.0 80.9 80.7 81.3 82.3 82.4 82.5 83.1 83.4 83.0 83.5 83.9 0.00 
62.7 67.1 68.0 70.8 70.4 70.6 70.9 77.2 77.7 81.5 82.9 80.4 79.4 79.8 81.7 81.7 82.0 82.8 83.3 83.7 84.0 83.8 83.8 83.9 84.2 84.2 0.00 
64.0 64.9 68.7 69.8 71.9 71.2 71.3 75.0 76.7 82.7 83.8 83.5 85.1 82.3 82.0 83.5 82.9 83.9 84.7 85.2 85.1 84.7 84.7 85.0 0.00 0.00 0.00 
64.0 65.4 67.1 67.0 72.7 71.9 73.8 78.0 80.4 84.9 86.9 83.2 83.0 86.8 85.2 85.8 84.7 85.1 85.5 85.5 85.4 85.4 85.9 86.2 86.3 0.00 0.00 
63.0 64.8 67.8 70.6 74.3 73.0 73.1 79.2 83.6 83.8 88.1 88.3 84.8 85.5 86.1 86.5 86.9 86.4 85.9 86.0 86.1 86.1 86.5 0.00 0.00 0.00 0.00 
63.7 66.7 69.2 72.4 74.1 73.5 73.3 80.4 83.7 82.5 87.6 88.0 89.8 85.2 86.2 86.3 86.3 87.3 86.5 86.5 86.7 86.7 0.00 0.00 0.00 0.00 0.00 
64.2 66.4 68.1 72.1 72.8 73.6 75.1 80.0 82.7 83.2 86.7 86.4 90.4 88.3 87.8 87.2 88.2 89.2 88.0 87.1 87.6 87.1 0.00 0.00 0.00 0.00 0.00 
63.6 65.6 67.4 71.1 73.9 76.0 75.3 78.3 83.4 82.7 84.7 87.9 90.3 88.1 87.0 87.7 88.8 89.9 90.2 88.5 89.4 0.00 0.00 0.00 0.00 0.00 0.00 
65.5 66.3 67.6 71.1 75.0 76.0 76.0 78.6 80.9 84.3 84.8 86.7 90.1 88.6 87.3 88.4 90.2 88.5 89.3 88.5 92.3 0.00 0.00 0.00 0.00 0.00 0.00 
66.4 67.4 68.2 70.3 73.1 77.7 78.5 77.5 82.9 85.2 85.2 85.4 89.1 88.3 87.1 88.0 88.2 88.6 87.8 87.7 0.00 0.00 0.00 0.00 0.00 0.00 0.00 
66.7 68.3 69.6 70.6 73.2 75.5 76.9 78.8 84.1 84.9 84.7 88.4 89.4 87.7 86.1 88.1 89.0 88.9 87.7 0.00 0.00 0.00 0.00 0.00 0.00 0.00 0.00 
67.2 69.1 72.0 74.0 76.4 78.8 78.2 81.8 84.9 84.8 86.1 87.4 89.0 85.5 85.7 86.6 87.9 88.8 89.0 0.00 0.00 0.00 0.00 0.00 0.00 0.00 0.00 
67.9 70.6 73.3 75.8 77.1 77.8 80.3 79.8 81.8 85.4 86.2 88.5 89.2 85.2 85.2 88.2 89.5 90.1 90.2 0.00 0.00 0.00 0.00 0.00 0.00 0.00 0.00 
69.6 73.3 73.7 75.4 77.1 79.2 79.5 82.0 84.3 82.3 83.3 86.7 89.2 84.7 87.0 86.8 88.0 87.6 0.00 0.00 0.00 0.00 0.00 0.00 0.00 0.00 0.00 
70.5 74.3 76.4 78.5 80.1 81.1 81.3 83.6 86.7 86.1 84.4 86.6 90.1 89.2 0.00 0.00 0.00 0.00 0.00 0.00 0.00 0.00 0.00 0.00 0.00 0.00 0.00 
71.9 75.3 77.8 80.2 80.2 79.7 81.7 85.3 87.2 88.0 88.8 86.8 89.0 87.1 83.6 0.00 0.00 0.00 0.00 0.00 0.00 0.00 0.00 0.00 0.00 0.00 0.00 
