2016_CCC_ARR_IFD/catchment_depth_2min_02000aep.txt.asc
ncols         27
nrows         23
xllcorner     150.975
yllcorner     -33.6
cellsize      0.025
NODATA_value  -9999
7.88 7.87 7.98 8.07 8.09 8.08 8.17 8.32 8.48 8.70 8.92 9.05 9.16 9.30 9.43 9.55 9.66 9.71 9.85 10.0 10.1 10.3 10.4 10.5 10.6 10.7 10.8 
7.94 7.96 8.02 8.13 8.19 8.26 8.31 8.44 8.63 8.87 9.05 9.17 9.31 9.44 9.54 9.67 9.70 9.87 10.0 10.2 10.3 10.4 10.5 10.6 10.7 10.8 10.9 
7.91 8.00 8.12 8.19 8.24 8.35 8.45 8.58 8.82 9.00 9.17 9.31 9.44 9.57 9.70 9.80 9.97 10.0 10.2 10.3 10.4 10.5 10.6 10.7 10.8 10.9 11.0 
7.99 8.03 8.17 8.11 8.23 8.37 8.61 8.72 8.89 9.10 9.28 9.44 9.60 9.75 9.87 10.0 10.1 10.2 10.3 10.5 10.5 10.6 10.7 10.8 10.9 11.0 11.1 
7.99 8.04 8.19 8.12 8.30 8.47 8.68 8.85 9.08 9.28 9.43 9.61 9.77 9.97 10.1 10.2 10.4 10.5 10.5 10.6 10.7 10.8 10.8 10.9 11.0 11.1 11.2 
7.97 8.14 8.18 8.13 8.43 8.53 8.69 8.91 9.22 9.41 9.60 9.81 10.0 10.2 10.3 10.4 10.6 10.7 10.8 10.8 10.8 10.9 11.0 11.0 11.1 11.2 11.2 
7.98 8.09 8.13 8.23 8.51 8.59 8.83 9.07 9.33 9.55 9.75 9.97 10.2 10.3 10.6 10.6 10.8 10.9 11.0 11.0 11.0 11.1 11.1 11.2 11.2 11.3 11.4 
8.03 8.17 8.33 8.48 8.65 8.70 8.96 9.25 9.48 9.66 9.91 10.1 10.4 10.6 10.8 10.9 11.0 11.1 11.2 11.2 11.2 11.2 11.3 11.3 11.3 11.4 0.00 
8.07 8.25 8.37 8.58 8.69 8.84 9.03 9.38 9.60 9.82 10.0 10.3 10.6 10.7 11.0 11.1 11.2 11.3 11.4 11.4 11.4 11.4 11.4 11.4 11.4 11.4 0.00 
8.13 8.23 8.43 8.59 8.79 8.92 9.11 9.40 9.65 9.97 10.2 10.4 10.6 10.9 11.1 11.2 11.4 11.5 11.6 11.6 11.5 11.5 11.5 11.5 0.00 0.00 0.00 
8.16 8.28 8.45 8.57 8.86 9.00 9.23 9.54 9.80 10.1 10.3 10.5 10.7 10.9 11.1 11.3 11.5 11.6 11.7 11.7 11.6 11.6 11.6 11.6 11.6 0.00 0.00 
8.19 8.31 8.50 8.70 8.97 9.07 9.25 9.61 9.91 10.1 10.4 10.6 10.8 11.0 11.2 11.4 11.5 11.7 11.7 11.7 11.7 11.6 11.6 0.00 0.00 0.00 0.00 
8.21 8.36 8.54 8.78 8.98 9.11 9.27 9.67 9.95 10.1 10.4 10.6 10.8 11.0 11.2 11.4 11.5 11.7 11.7 11.7 11.7 11.7 0.00 0.00 0.00 0.00 0.00 
8.23 8.39 8.54 8.78 8.95 9.11 9.33 9.67 9.93 10.1 10.4 10.6 10.8 11.0 11.2 11.4 11.6 11.7 11.7 11.7 11.7 11.7 0.00 0.00 0.00 0.00 0.00 
8.26 8.39 8.54 8.76 8.99 9.20 9.32 9.59 9.94 10.1 10.4 10.6 10.8 11.0 11.2 11.4 11.5 11.7 11.7 11.7 11.8 0.00 0.00 0.00 0.00 0.00 0.00 
8.27 8.40 8.55 8.76 9.03 9.19 9.34 9.59 9.84 10.1 10.3 10.6 10.8 11.0 11.2 11.3 11.5 11.6 11.7 11.6 11.8 0.00 0.00 0.00 0.00 0.00 0.00 
8.28 8.40 8.56 8.73 8.93 9.24 9.42 9.47 9.88 10.1 10.2 10.4 10.7 10.9 11.0 11.2 11.3 11.5 11.5 11.5 0.00 0.00 0.00 0.00 0.00 0.00 0.00 
8.29 8.42 8.59 8.72 8.93 9.12 9.27 9.44 9.86 10.0 10.1 10.5 10.7 10.8 10.8 11.1 11.3 11.4 11.4 0.00 0.00 0.00 0.00 0.00 0.00 0.00 0.00 
8.35 8.48 8.68 8.87 9.07 9.27 9.28 9.59 9.87 9.92 10.1 10.3 10.6 10.5 10.7 10.8 11.1 11.3 11.4 0.00 0.00 0.00 0.00 0.00 0.00 0.00 0.00 
8.38 8.55 8.76 8.95 9.09 9.17 9.38 9.34 9.51 9.84 10.0 10.3 10.5 10.3 10.5 10.8 11.0 11.2 11.3 0.00 0.00 0.00 0.00 0.00 0.00 0.00 0.00 
8.45 8.69 8.78 8.92 9.06 9.23 9.22 9.40 9.62 9.53 9.71 10.1 10.4 10.2 10.5 10.6 10.8 10.9 0.00 0.00 0.00 0.00 0.00 0.00 0.00 0.00 0.00 
8.48 8.75 8.92 9.09 9.24 9.32 9.33 9.51 9.81 9.72 9.69 9.97 10.4 10.4 0.00 0.00 0.00 0.00 0.00 0.00 0.00 0.00 0.00 0.00 0.00 0.00 0.00 
8.54 8.81 9.00 9.18 9.23 9.17 9.31 9.62 9.79 9.88 10.0 9.94 10.2 10.2 10.1 0.00 0.00 0.00 0.00 0.00 0.00 0.00 0.00 0.00 0.00 0.00 0.00 
