2016_CCC_ARR_IFD/catchment_depth_2880min_00100aep.txt.asc
ncols         27
nrows         23
xllcorner     150.975
yllcorner     -33.6
cellsize      0.025
NODATA_value  -9999
422 421 443 456 446 434 429 449 468 500 535 548 551 580 588 602 593 584 598 610 617 629 640 639 637 635 633 
439 440 448 462 463 460 451 463 487 520 555 582 578 583 605 585 586 589 598 608 619 626 631 632 633 632 631 
430 448 467 470 466 469 471 477 511 532 556 574 573 568 601 619 606 603 606 611 618 622 625 627 632 631 630 
452 455 475 453 460 466 494 493 503 529 553 559 573 582 604 595 603 599 607 611 620 623 625 628 629 632 640 
455 456 476 456 471 482 497 507 533 564 557 549 583 574 600 592 610 603 610 619 621 622 622 625 627 633 634 
448 476 473 458 489 486 488 505 543 572 559 567 574 582 600 586 606 616 623 615 618 621 622 623 629 635 629 
439 462 459 467 498 488 506 524 553 585 574 573 563 608 602 586 604 619 621 618 618 621 622 622 628 636 643 
438 476 491 504 517 493 520 551 574 599 580 564 579 593 613 611 604 607 615 614 614 619 620 616 619 621 0.00 
450 487 495 517 513 514 516 571 576 609 622 601 593 594 612 608 605 608 610 614 616 614 613 613 614 614 0.00 
461 467 499 509 525 517 518 549 564 618 628 626 640 612 605 617 603 608 611 617 616 612 611 613 0.00 0.00 0.00 
461 471 485 482 532 522 538 574 595 636 653 619 615 650 632 634 615 611 611 612 612 611 614 616 615 0.00 0.00 
450 465 489 513 543 530 528 583 622 623 662 662 627 631 635 635 633 620 612 612 612 612 614 0.00 0.00 0.00 0.00 
457 481 502 528 540 533 527 591 619 605 653 654 669 623 629 626 621 627 616 613 614 613 0.00 0.00 0.00 0.00 0.00 
461 478 490 524 527 531 540 584 606 608 638 632 671 647 639 632 636 643 627 616 618 613 0.00 0.00 0.00 0.00 0.00 
452 468 481 513 535 551 539 563 608 597 614 641 663 639 630 633 639 645 645 626 633 0.00 0.00 0.00 0.00 0.00 0.00 
472 474 481 512 544 548 541 560 578 608 608 625 655 638 630 636 647 630 634 624 656 0.00 0.00 0.00 0.00 0.00 0.00 
482 486 485 500 523 562 561 545 593 611 606 606 638 631 626 629 628 628 618 613 0.00 0.00 0.00 0.00 0.00 0.00 0.00 
484 495 500 501 519 534 540 553 600 601 594 627 634 620 609 623 629 626 613 0.00 0.00 0.00 0.00 0.00 0.00 0.00 0.00 
485 500 522 535 550 566 549 577 603 591 600 610 623 597 599 606 614 619 619 0.00 0.00 0.00 0.00 0.00 0.00 0.00 0.00 
491 512 534 551 555 551 567 550 561 589 592 614 619 587 588 610 620 624 623 0.00 0.00 0.00 0.00 0.00 0.00 0.00 0.00 
507 538 535 543 552 563 553 565 578 557 563 589 613 576 593 593 602 599 0.00 0.00 0.00 0.00 0.00 0.00 0.00 0.00 0.00 
514 546 561 574 581 580 568 580 605 584 566 584 616 605 0.00 0.00 0.00 0.00 0.00 0.00 0.00 0.00 0.00 0.00 0.00 0.00 0.00 
526 555 574 590 581 563 571 598 608 606 607 581 601 582 556 0.00 0.00 0.00 0.00 0.00 0.00 0.00 0.00 0.00 0.00 0.00 0.00 
