2016_CCC_ARR_IFD/catchment_depth_10080min_10000aep.txt.asc
ncols         27
nrows         23
xllcorner     150.975
yllcorner     -33.6
cellsize      0.025
NODATA_value  -9999
220 218 230 236 229 220 216 225 234 250 270 275 274 292 294 302 289 273 278 283 285 292 298 298 298 298 298 
230 230 232 240 239 235 229 233 245 263 282 299 293 292 306 286 281 276 278 282 287 292 295 296 298 298 299 
225 235 245 244 240 241 240 241 259 270 283 292 288 281 301 312 297 289 285 284 288 291 294 296 299 300 300 
238 238 249 234 237 239 253 250 254 267 280 281 287 290 302 292 294 286 288 288 293 294 296 299 300 303 308 
240 239 250 235 243 248 255 259 272 289 282 274 293 284 298 290 299 291 292 296 297 297 298 300 302 306 307 
236 251 247 236 253 250 249 257 278 294 283 285 287 290 299 287 298 302 304 297 299 300 301 302 306 311 307 
230 242 239 243 259 251 259 268 284 302 292 289 281 307 301 290 298 306 306 303 302 304 305 305 309 314 318 
229 251 259 265 270 254 268 284 296 309 295 285 292 299 309 306 301 302 305 304 304 307 307 305 307 309 0.00 
239 260 261 273 268 267 267 296 297 314 320 307 301 301 310 307 305 306 306 308 309 307 307 307 308 308 0.00 
246 248 266 267 275 269 268 285 291 319 324 321 328 313 309 315 307 309 310 313 312 310 310 310 0.00 0.00 0.00 
246 251 257 252 280 273 280 299 309 330 339 319 318 335 326 327 316 314 313 313 313 312 314 315 315 0.00 0.00 
240 247 261 273 290 278 276 305 327 324 347 344 326 328 330 330 329 322 317 316 316 316 317 0.00 0.00 0.00 0.00 
244 258 269 283 288 280 277 311 325 317 341 342 350 327 330 329 326 328 321 319 319 318 0.00 0.00 0.00 0.00 0.00 
247 256 262 280 281 280 285 308 320 321 336 333 353 341 338 334 337 340 331 324 324 321 0.00 0.00 0.00 0.00 0.00 
242 250 257 275 287 292 285 298 323 317 326 340 351 340 337 338 341 343 343 332 335 0.00 0.00 0.00 0.00 0.00 0.00 
254 254 256 274 293 292 288 299 308 325 325 334 350 342 340 343 347 338 339 333 350 0.00 0.00 0.00 0.00 0.00 0.00 
260 261 258 267 279 301 301 292 318 328 326 327 343 341 341 342 340 339 332 329 0.00 0.00 0.00 0.00 0.00 0.00 0.00 
261 267 269 267 278 286 290 297 323 324 321 339 344 338 332 340 342 339 331 0.00 0.00 0.00 0.00 0.00 0.00 0.00 0.00 
262 270 283 288 297 306 296 312 327 320 326 332 340 326 327 331 335 337 336 0.00 0.00 0.00 0.00 0.00 0.00 0.00 0.00 
263 276 289 299 301 298 307 298 304 321 323 335 339 321 321 334 339 341 340 0.00 0.00 0.00 0.00 0.00 0.00 0.00 0.00 
273 292 290 295 300 306 300 308 316 303 307 323 337 315 326 325 330 328 0.00 0.00 0.00 0.00 0.00 0.00 0.00 0.00 0.00 
277 298 307 315 319 319 311 318 334 321 310 321 340 334 0.00 0.00 0.00 0.00 0.00 0.00 0.00 0.00 0.00 0.00 0.00 0.00 0.00 
286 304 316 326 320 309 314 331 337 336 337 321 333 321 306 0.00 0.00 0.00 0.00 0.00 0.00 0.00 0.00 0.00 0.00 0.00 0.00 
