2016_CCC_ARR_IFD/catchment_depth_2160min_02000aep.txt.asc
ncols         27
nrows         23
xllcorner     150.975
yllcorner     -33.6
cellsize      0.025
NODATA_value  -9999
214 213 224 231 226 219 217 226 235 251 270 276 276 292 295 302 293 282 288 294 297 304 310 310 311 311 311 
223 224 227 235 235 233 228 233 245 263 281 295 292 293 305 290 285 284 287 291 297 302 305 307 309 310 310 
219 228 238 239 237 238 239 241 259 269 282 290 288 283 302 312 300 293 292 292 297 300 303 305 309 310 310 
231 232 243 231 234 237 251 250 254 267 280 282 288 291 303 294 296 290 293 294 299 301 304 306 308 310 316 
233 233 243 233 240 246 253 258 271 287 282 275 294 285 299 291 300 294 296 300 302 303 303 306 308 312 313 
230 244 242 234 250 248 248 256 277 292 283 286 287 290 299 289 298 302 305 300 302 304 305 306 310 314 311 
226 237 236 240 255 250 258 267 282 299 291 289 282 306 301 290 298 306 306 304 304 305 306 307 310 315 320 
226 246 253 260 266 253 267 282 294 307 295 284 291 298 308 305 300 301 305 304 304 306 307 305 308 309 0.00 
233 252 256 267 265 265 265 293 295 312 318 306 299 299 308 304 303 304 305 306 307 305 305 305 307 307 0.00 
240 243 259 264 272 267 267 283 290 318 322 320 327 310 305 311 304 306 307 309 309 306 306 307 0.00 0.00 0.00 
241 246 253 251 276 271 278 297 307 328 336 317 314 332 321 321 311 309 309 309 308 307 309 309 310 0.00 0.00 
236 243 256 268 284 276 274 302 322 322 342 341 321 322 323 323 321 315 311 310 310 309 310 0.00 0.00 0.00 0.00 
241 253 263 277 283 278 275 308 322 314 338 338 346 319 322 320 317 319 313 312 312 311 0.00 0.00 0.00 0.00 0.00 
243 252 259 276 277 278 282 305 316 316 332 327 347 334 328 323 326 329 320 315 315 312 0.00 0.00 0.00 0.00 0.00 
240 248 255 271 282 290 283 295 318 312 320 334 344 331 324 325 328 332 331 321 324 0.00 0.00 0.00 0.00 0.00 0.00 
251 252 256 271 288 289 285 295 303 319 318 326 342 331 325 328 334 324 326 321 338 0.00 0.00 0.00 0.00 0.00 0.00 
257 259 258 266 277 297 297 288 313 321 318 317 333 329 324 326 324 325 319 316 0.00 0.00 0.00 0.00 0.00 0.00 0.00 
259 265 267 267 276 284 286 292 317 317 313 330 333 324 317 325 327 325 318 0.00 0.00 0.00 0.00 0.00 0.00 0.00 0.00 
260 268 279 286 294 301 292 307 320 313 317 322 329 313 313 316 320 323 323 0.00 0.00 0.00 0.00 0.00 0.00 0.00 0.00 
263 275 286 295 297 294 302 293 298 313 315 326 328 309 309 320 326 327 326 0.00 0.00 0.00 0.00 0.00 0.00 0.00 0.00 
272 288 287 291 296 301 296 302 309 297 300 313 326 305 314 313 317 315 0.00 0.00 0.00 0.00 0.00 0.00 0.00 0.00 0.00 
276 294 301 308 312 311 305 311 324 313 303 312 329 322 0.00 0.00 0.00 0.00 0.00 0.00 0.00 0.00 0.00 0.00 0.00 0.00 0.00 
283 299 309 317 312 302 307 321 327 326 326 312 322 311 296 0.00 0.00 0.00 0.00 0.00 0.00 0.00 0.00 0.00 0.00 0.00 0.00 
