2016_CCC_ARR_IFD/catchment_depth_10min_99999aep.txt.asc
ncols         27
nrows         23
xllcorner     150.975
yllcorner     -33.6
cellsize      0.025
NODATA_value  -9999
3.51 3.51 3.56 3.60 3.58 3.56 3.57 3.63 3.69 3.79 3.91 3.96 3.99 4.09 4.14 4.20 4.21 4.28 4.35 4.42 4.49 4.56 4.62 4.69 4.75 4.82 4.87 
3.57 3.57 3.60 3.64 3.65 3.66 3.65 3.70 3.77 3.88 3.99 4.09 4.10 4.13 4.22 4.20 4.26 4.33 4.40 4.47 4.54 4.61 4.67 4.74 4.80 4.86 4.91 
3.56 3.61 3.67 3.68 3.69 3.71 3.73 3.76 3.87 3.94 4.03 4.10 4.12 4.13 4.24 4.32 4.33 4.38 4.46 4.52 4.59 4.66 4.72 4.78 4.84 4.90 4.96 
3.62 3.64 3.70 3.67 3.70 3.73 3.82 3.83 3.88 3.97 4.05 4.09 4.15 4.20 4.29 4.31 4.37 4.44 4.51 4.58 4.65 4.71 4.77 4.83 4.89 4.95 5.00 
3.65 3.66 3.73 3.70 3.75 3.80 3.85 3.90 3.99 4.10 4.10 4.10 4.22 4.22 4.32 4.35 4.43 4.49 4.56 4.63 4.70 4.76 4.82 4.88 4.94 4.99 5.05 
3.65 3.73 3.74 3.73 3.82 3.83 3.85 3.92 4.05 4.15 4.13 4.18 4.22 4.27 4.36 4.39 4.47 4.54 4.62 4.69 4.76 4.82 4.87 4.93 4.99 5.04 5.09 
3.64 3.71 3.73 3.77 3.86 3.86 3.92 3.99 4.10 4.22 4.20 4.22 4.23 4.38 4.40 4.44 4.52 4.60 4.67 4.74 4.81 4.87 4.92 4.98 5.03 5.09 5.14 
3.65 3.76 3.82 3.87 3.93 3.88 3.98 4.09 4.19 4.29 4.24 4.22 4.29 4.36 4.46 4.51 4.57 4.65 4.72 4.79 4.86 4.92 4.97 5.02 5.07 5.13 0.00 
3.69 3.80 3.84 3.92 3.93 3.96 3.98 4.18 4.21 4.34 4.41 4.35 4.35 4.40 4.49 4.55 4.62 4.70 4.77 4.84 4.90 4.96 5.01 5.07 5.12 5.16 0.00 
3.72 3.76 3.87 3.91 3.98 3.98 4.00 4.12 4.19 4.40 4.46 4.47 4.54 4.47 4.51 4.60 4.67 4.75 4.83 4.89 4.95 5.00 5.06 5.11 0.00 0.00 0.00 
3.73 3.77 3.83 3.84 4.02 4.00 4.07 4.22 4.31 4.48 4.57 4.46 4.47 4.63 4.61 4.67 4.72 4.79 4.87 4.93 4.99 5.05 5.10 5.16 5.21 0.00 0.00 
3.70 3.76 3.86 3.95 4.07 4.04 4.06 4.26 4.43 4.45 4.62 4.65 4.54 4.59 4.65 4.70 4.77 4.83 4.90 4.97 5.03 5.09 5.15 0.00 0.00 0.00 0.00 
3.73 3.83 3.91 4.02 4.08 4.06 4.07 4.31 4.44 4.41 4.61 4.65 4.73 4.59 4.66 4.72 4.79 4.87 4.94 5.00 5.07 5.13 0.00 0.00 0.00 0.00 0.00 
3.75 3.83 3.89 4.02 4.05 4.07 4.13 4.31 4.41 4.44 4.58 4.58 4.77 4.71 4.72 4.76 4.84 4.93 4.99 5.04 5.11 5.17 0.00 0.00 0.00 0.00 0.00 
3.72 3.80 3.86 4.00 4.10 4.17 4.14 4.25 4.44 4.42 4.51 4.65 4.77 4.71 4.71 4.79 4.88 4.97 5.05 5.10 5.17 0.00 0.00 0.00 0.00 0.00 0.00 
3.84 3.85 3.89 4.02 4.15 4.18 4.17 4.26 4.35 4.49 4.52 4.61 4.78 4.74 4.73 4.83 4.94 4.98 5.07 5.13 5.24 0.00 0.00 0.00 0.00 0.00 0.00 
3.91 3.94 3.93 4.00 4.10 4.25 4.27 4.26 4.44 4.53 4.54 4.58 4.75 4.75 4.78 4.86 4.94 5.02 5.09 5.16 0.00 0.00 0.00 0.00 0.00 0.00 0.00 
3.94 4.00 4.02 4.04 4.11 4.19 4.24 4.31 4.49 4.53 4.55 4.71 4.79 4.78 4.82 4.92 5.01 5.07 5.13 0.00 0.00 0.00 0.00 0.00 0.00 0.00 0.00 
3.96 4.03 4.12 4.18 4.25 4.32 4.30 4.42 4.54 4.54 4.62 4.71 4.81 4.80 4.88 4.96 5.05 5.13 5.20 0.00 0.00 0.00 0.00 0.00 0.00 0.00 0.00 
4.01 4.09 4.18 4.25 4.29 4.31 4.39 4.40 4.46 4.58 4.66 4.79 4.87 4.86 4.94 5.05 5.14 5.22 5.28 0.00 0.00 0.00 0.00 0.00 0.00 0.00 0.00 
4.08 4.19 4.21 4.26 4.32 4.38 4.41 4.48 4.56 4.59 4.67 4.80 4.94 4.93 5.03 5.10 5.19 5.25 0.00 0.00 0.00 0.00 0.00 0.00 0.00 0.00 0.00 
4.14 4.24 4.31 4.38 4.44 4.48 4.50 4.58 4.71 4.71 4.75 4.87 5.03 5.08 0.00 0.00 0.00 0.00 0.00 0.00 0.00 0.00 0.00 0.00 0.00 0.00 0.00 
4.21 4.30 4.38 4.46 4.49 4.50 4.58 4.70 4.79 4.86 4.94 4.97 5.09 5.14 5.16 0.00 0.00 0.00 0.00 0.00 0.00 0.00 0.00 0.00 0.00 0.00 0.00 
