2016_CCC_ARR_IFD/catchment_depth_5min_00100aep.txt.asc
ncols         27
nrows         23
xllcorner     150.975
yllcorner     -33.6
cellsize      0.025
NODATA_value  -9999
27.1 27.1 27.5 27.9 27.9 28.0 28.3 28.9 29.5 30.3 31.0 31.5 32.1 32.4 32.9 33.3 34.4 35.4 36.0 36.6 37.0 37.5 37.9 38.2 38.5 38.8 39.2 
27.2 27.3 27.5 27.9 28.2 28.4 28.6 29.2 29.9 30.7 31.3 31.6 32.2 32.8 33.1 34.2 35.0 35.8 36.4 37.0 37.4 37.8 38.2 38.5 38.8 39.1 39.4 
27.0 27.3 27.8 28.0 28.2 28.5 28.9 29.4 30.3 31.0 31.6 32.1 32.7 33.4 33.7 34.0 35.2 36.1 36.8 37.4 37.8 38.1 38.4 38.7 39.1 39.4 39.7 
27.2 27.3 27.9 27.5 27.9 28.4 29.3 29.7 30.4 31.2 31.9 32.5 33.1 33.8 34.2 35.2 35.9 36.6 37.2 37.6 38.0 38.4 38.7 39.0 39.3 39.6 39.9 
27.1 27.2 27.8 27.4 28.0 28.6 29.4 30.0 30.9 31.6 32.2 33.0 33.5 34.5 34.9 35.9 36.4 37.0 37.5 37.9 38.3 38.6 38.9 39.2 39.5 39.8 40.1 
26.9 27.5 27.6 27.2 28.4 28.6 29.3 30.1 31.1 31.9 32.6 33.4 34.2 35.0 35.6 36.3 36.9 37.4 37.8 38.1 38.4 38.8 39.1 39.4 39.7 40.0 40.2 
26.8 27.1 27.2 27.5 28.5 28.7 29.6 30.4 31.4 32.2 32.9 33.8 34.6 35.1 36.1 36.6 37.3 37.8 38.2 38.4 38.7 39.0 39.3 39.6 39.9 40.2 40.4 
26.9 27.4 27.9 28.4 29.0 29.0 29.9 30.9 31.7 32.4 33.3 34.2 35.1 36.0 36.5 37.2 37.6 38.0 38.5 38.7 38.9 39.2 39.5 39.7 40.0 40.2 0.00 
27.0 27.7 28.0 28.7 28.9 29.4 30.0 31.3 31.9 32.7 33.4 34.4 35.5 36.2 36.9 37.4 37.9 38.3 38.7 39.0 39.2 39.4 39.6 39.8 40.1 40.2 0.00 
27.1 27.4 28.1 28.6 29.2 29.5 30.2 31.2 32.0 33.0 33.8 34.5 35.1 36.4 36.9 37.6 37.9 38.5 39.0 39.2 39.4 39.5 39.7 40.0 0.00 0.00 0.00 
27.2 27.5 28.0 28.3 29.4 29.7 30.5 31.5 32.4 33.2 33.9 34.7 35.6 36.0 37.0 37.6 38.1 38.6 39.0 39.2 39.3 39.5 39.8 40.0 40.2 0.00 0.00 
27.1 27.5 28.1 28.8 29.6 29.9 30.4 31.7 32.6 33.3 34.1 34.8 35.5 36.3 37.0 37.6 38.2 38.6 38.8 39.0 39.2 39.4 39.7 0.00 0.00 0.00 0.00 
27.2 27.7 28.3 29.1 29.6 29.9 30.4 31.8 32.6 33.2 34.1 34.8 35.3 36.2 36.9 37.4 37.9 38.4 38.6 38.8 39.1 39.3 0.00 0.00 0.00 0.00 0.00 
27.2 27.7 28.2 29.0 29.4 29.9 30.6 31.6 32.5 33.2 34.0 34.7 35.2 36.0 36.7 37.3 37.8 38.3 38.5 38.6 38.9 39.1 0.00 0.00 0.00 0.00 0.00 
27.1 27.5 28.0 28.9 29.6 30.2 30.5 31.3 32.4 33.0 33.8 34.6 35.2 35.8 36.4 37.0 37.6 38.0 38.4 38.5 38.8 0.00 0.00 0.00 0.00 0.00 0.00 
27.3 27.6 28.0 28.8 29.7 30.1 30.4 31.2 32.0 32.9 33.5 34.3 35.0 35.6 36.2 36.8 37.3 37.5 38.0 38.1 38.6 0.00 0.00 0.00 0.00 0.00 0.00 
27.5 27.8 28.0 28.6 29.3 30.2 30.6 30.8 32.1 32.8 33.2 33.8 34.7 35.2 35.4 36.2 36.7 37.2 37.3 37.6 0.00 0.00 0.00 0.00 0.00 0.00 0.00 
27.5 27.9 28.2 28.5 29.1 29.7 30.1 30.7 32.0 32.5 32.8 33.8 34.4 34.8 34.9 35.8 36.4 36.8 36.9 0.00 0.00 0.00 0.00 0.00 0.00 0.00 0.00 
27.4 27.9 28.6 29.0 29.6 30.2 30.1 31.0 31.9 32.1 32.7 33.3 34.0 33.9 34.4 35.0 35.7 36.3 36.6 0.00 0.00 0.00 0.00 0.00 0.00 0.00 0.00 
27.4 28.1 28.6 29.2 29.6 29.7 30.3 30.3 30.8 31.8 32.3 33.2 33.7 33.4 33.8 34.8 35.5 35.9 36.3 0.00 0.00 0.00 0.00 0.00 0.00 0.00 0.00 
27.6 28.4 28.5 29.0 29.3 29.8 29.9 30.4 31.1 30.9 31.4 32.4 33.3 32.9 33.7 34.1 34.8 35.1 0.00 0.00 0.00 0.00 0.00 0.00 0.00 0.00 0.00 
27.6 28.4 28.9 29.3 29.8 30.0 30.1 30.6 31.5 31.3 31.3 32.1 33.2 33.3 0.00 0.00 0.00 0.00 0.00 0.00 0.00 0.00 0.00 0.00 0.00 0.00 0.00 
27.7 28.4 29.0 29.5 29.6 29.5 29.9 30.8 31.4 31.7 32.1 31.9 32.7 32.7 32.4 0.00 0.00 0.00 0.00 0.00 0.00 0.00 0.00 0.00 0.00 0.00 0.00 
