2016_CCC_ARR_IFD/catchment_depth_30min_00050aep.txt.asc
ncols         27
nrows         23
xllcorner     150.975
yllcorner     -33.6
cellsize      0.025
NODATA_value  -9999
82.9 82.8 84.2 85.3 85.3 85.4 86.4 88.2 90.3 92.8 94.9 96.4 98.3 99.2 101 102 106 110 112 114 116 117 118 119 120 121 123 
83.3 83.5 84.1 85.3 86.0 86.6 87.3 89.1 91.3 93.8 95.5 96.5 98.5 100 101 106 109 112 114 116 117 118 119 120 121 122 123 
82.3 83.4 84.9 85.4 85.9 86.9 88.2 89.8 92.5 94.5 96.3 97.8 99.9 103 103 104 108 112 115 117 118 119 120 121 122 123 124 
82.9 83.3 84.9 83.8 85.0 86.5 89.2 90.6 92.7 95.1 97.1 99.2 101 103 105 108 111 114 116 117 118 119 120 121 122 123 124 
82.6 82.8 84.6 83.2 85.2 87.1 89.3 91.4 93.9 96.0 98.0 101 102 106 107 111 112 115 116 118 119 120 121 122 123 124 124 
81.8 83.8 83.8 82.7 86.2 87.0 89.0 91.5 94.6 96.7 99.1 102 104 107 109 112 114 115 117 118 119 120 121 122 123 124 125 
81.4 82.4 82.5 83.4 86.5 87.3 89.8 92.4 95.3 97.5 99.9 103 106 107 110 112 114 116 117 118 119 120 121 122 123 124 125 
81.6 83.2 84.6 86.1 87.8 87.9 90.6 93.6 96.1 98.2 101 104 107 110 111 113 115 116 118 119 120 121 122 122 123 124 0.00 
81.8 83.9 84.8 86.9 87.6 89.0 91.0 94.5 96.6 99.0 101 104 108 110 112 114 115 117 118 119 120 121 122 123 123 124 0.00 
82.3 83.0 85.2 86.4 88.3 89.4 91.5 94.3 96.9 99.7 102 104 106 111 112 114 115 117 119 120 120 121 122 123 0.00 0.00 0.00 
82.2 83.3 84.7 85.8 88.8 89.9 92.1 95.1 97.7 100 102 105 108 109 112 114 116 117 118 119 120 121 122 123 123 0.00 0.00 
82.0 83.2 84.9 87.0 89.4 90.3 92.1 95.4 98.2 100 103 105 108 110 112 114 116 117 118 119 120 120 121 0.00 0.00 0.00 0.00 
82.1 83.7 85.5 87.6 89.3 90.4 92.0 95.6 98.1 100 103 105 106 110 112 114 115 117 117 118 119 120 0.00 0.00 0.00 0.00 0.00 
82.1 83.6 85.0 87.4 88.7 90.2 92.2 95.3 97.8 99.9 102 104 106 109 111 113 115 116 117 117 118 119 0.00 0.00 0.00 0.00 0.00 
81.6 83.0 84.5 86.9 88.9 90.8 91.9 94.4 97.5 99.3 102 104 106 108 110 112 114 115 116 117 118 0.00 0.00 0.00 0.00 0.00 0.00 
82.3 83.1 84.3 86.7 89.1 90.4 91.6 93.9 96.3 99.0 101 103 105 107 110 111 113 114 115 116 117 0.00 0.00 0.00 0.00 0.00 0.00 
82.6 83.6 84.3 85.9 87.9 90.7 92.0 92.8 96.2 98.4 100 102 104 106 108 110 111 113 113 114 0.00 0.00 0.00 0.00 0.00 0.00 0.00 
82.6 83.8 84.7 85.5 87.3 89.1 90.6 92.4 95.8 97.4 98.8 102 103 105 106 108 110 112 112 0.00 0.00 0.00 0.00 0.00 0.00 0.00 0.00 
82.2 83.7 85.4 86.7 88.4 90.1 90.4 92.9 95.3 96.3 98.2 100 102 103 104 106 108 110 111 0.00 0.00 0.00 0.00 0.00 0.00 0.00 0.00 
82.0 83.8 85.4 87.0 88.1 88.8 90.6 90.9 92.7 95.4 97.0 99.4 101 101 103 105 107 108 110 0.00 0.00 0.00 0.00 0.00 0.00 0.00 0.00 
82.2 84.4 85.0 86.2 87.3 88.8 89.3 91.0 92.8 93.0 94.6 97.4 99.9 99.5 102 103 105 106 0.00 0.00 0.00 0.00 0.00 0.00 0.00 0.00 0.00 
82.0 84.3 85.6 87.0 88.2 89.1 89.4 91.1 93.6 93.7 94.0 96.3 99.1 100 0.00 0.00 0.00 0.00 0.00 0.00 0.00 0.00 0.00 0.00 0.00 0.00 0.00 
82.1 84.1 85.6 87.2 87.6 87.4 88.9 91.4 93.0 94.1 95.4 95.4 97.7 98.0 97.9 0.00 0.00 0.00 0.00 0.00 0.00 0.00 0.00 0.00 0.00 0.00 0.00 
