2016_CCC_ARR_IFD/catchment_depth_10min_00100aep.txt.asc
ncols         27
nrows         23
xllcorner     150.975
yllcorner     -33.6
cellsize      0.025
NODATA_value  -9999
44.2 44.1 44.8 45.4 45.3 45.2 45.6 46.6 47.7 49.0 50.2 50.9 51.8 52.3 53.2 53.8 55.6 57.4 58.4 59.2 59.9 60.6 61.2 61.7 62.2 62.6 63.1 
44.4 44.4 44.7 45.4 45.6 45.9 46.1 47.0 48.2 49.5 50.5 51.1 52.0 52.8 53.3 55.2 56.7 57.9 58.8 59.7 60.4 61.0 61.5 62.0 62.5 62.9 63.4 
43.8 44.4 45.2 45.4 45.5 46.0 46.5 47.3 48.8 49.8 50.8 51.6 52.5 53.7 54.1 54.6 56.6 58.4 59.3 60.1 60.7 61.2 61.7 62.2 62.7 63.2 63.6 
44.2 44.3 45.2 44.3 44.9 45.6 47.1 47.7 48.7 49.9 51.0 52.0 53.0 54.0 54.7 56.4 57.6 58.8 59.6 60.3 60.9 61.4 62.0 62.5 62.9 63.4 63.9 
44.0 44.0 44.9 44.0 45.0 45.9 47.0 48.0 49.4 50.6 51.4 52.5 53.4 54.9 55.6 57.2 58.1 59.1 59.8 60.5 61.0 61.6 62.0 62.6 63.0 63.5 64.0 
43.5 44.6 44.5 43.6 45.5 45.8 46.7 48.0 49.6 50.9 51.7 52.9 54.2 55.4 56.3 57.6 58.6 59.5 60.2 60.5 61.0 61.6 62.2 62.7 63.2 63.7 64.0 
43.3 43.8 43.7 44.0 45.7 45.9 47.1 48.4 49.9 51.2 52.1 53.4 54.8 55.4 56.9 57.8 58.9 59.7 60.4 60.8 61.2 61.8 62.3 62.8 63.3 63.8 64.1 
43.5 44.3 45.0 45.7 46.5 46.2 47.6 49.2 50.4 51.5 52.5 54.0 55.4 56.6 57.2 58.4 59.1 59.7 60.4 60.9 61.3 61.9 62.4 62.8 63.3 63.7 0.00 
43.6 44.8 45.1 46.2 46.3 46.9 47.8 49.7 50.6 51.8 52.8 54.1 55.8 56.9 57.8 58.6 59.2 59.9 60.5 61.1 61.6 62.0 62.4 62.8 63.3 63.6 0.00 
44.0 44.3 45.4 45.9 46.8 47.2 48.1 49.5 50.7 52.1 53.2 54.2 55.2 57.0 57.8 58.8 59.2 60.0 60.6 61.2 61.6 62.0 62.4 62.9 0.00 0.00 0.00 
44.1 44.5 45.1 45.5 47.1 47.5 48.5 50.0 51.2 52.4 53.3 54.5 55.8 56.4 57.8 58.7 59.4 60.0 60.6 61.0 61.5 61.9 62.4 62.9 63.2 0.00 0.00 
44.0 44.5 45.4 46.3 47.5 47.8 48.5 50.2 51.5 52.5 53.6 54.6 55.7 56.8 57.8 58.7 59.5 60.0 60.3 60.8 61.3 61.7 62.2 0.00 0.00 0.00 0.00 
44.1 45.0 45.8 46.8 47.5 47.9 48.6 50.4 51.6 52.4 53.6 54.6 55.4 56.7 57.7 58.5 59.0 59.8 60.1 60.6 61.0 61.5 0.00 0.00 0.00 0.00 0.00 
44.2 45.0 45.6 46.8 47.3 47.9 48.8 50.3 51.4 52.4 53.5 54.5 55.3 56.4 57.5 58.3 59.0 59.7 60.1 60.3 60.8 61.1 0.00 0.00 0.00 0.00 0.00 
44.0 44.7 45.4 46.6 47.6 48.4 48.8 49.9 51.4 52.2 53.3 54.4 55.2 56.3 57.2 58.0 58.8 59.4 59.9 60.1 60.7 0.00 0.00 0.00 0.00 0.00 0.00 
44.6 44.9 45.4 46.6 47.8 48.3 48.7 49.8 50.9 52.2 53.0 54.0 55.0 56.0 56.9 57.7 58.4 58.7 59.4 59.7 60.4 0.00 0.00 0.00 0.00 0.00 0.00 
45.0 45.3 45.5 46.2 47.2 48.5 49.1 49.3 51.0 52.0 52.7 53.5 54.7 55.6 56.0 57.0 57.6 58.3 58.5 58.9 0.00 0.00 0.00 0.00 0.00 0.00 0.00 
45.0 45.6 45.9 46.0 46.9 47.8 48.4 49.2 50.9 51.6 52.2 53.5 54.4 55.0 55.2 56.4 57.2 57.8 57.9 0.00 0.00 0.00 0.00 0.00 0.00 0.00 0.00 
44.7 45.5 46.4 46.9 47.6 48.4 48.4 49.6 50.8 51.2 52.0 52.9 53.9 53.9 54.6 55.4 56.3 57.1 57.6 0.00 0.00 0.00 0.00 0.00 0.00 0.00 0.00 
44.6 45.6 46.4 47.1 47.5 47.8 48.6 48.7 49.5 50.8 51.6 52.7 53.4 53.3 53.9 55.1 56.0 56.6 57.1 0.00 0.00 0.00 0.00 0.00 0.00 0.00 0.00 
44.8 45.9 46.1 46.6 47.2 47.8 48.0 48.8 49.7 49.7 50.5 51.8 53.0 52.6 53.7 54.3 55.1 55.5 0.00 0.00 0.00 0.00 0.00 0.00 0.00 0.00 0.00 
44.7 45.9 46.5 47.1 47.6 48.0 48.2 49.0 50.1 50.2 50.3 51.4 52.7 53.0 0.00 0.00 0.00 0.00 0.00 0.00 0.00 0.00 0.00 0.00 0.00 0.00 0.00 
44.7 45.7 46.4 47.2 47.3 47.2 47.9 49.1 49.9 50.4 51.0 51.0 52.1 52.2 51.9 0.00 0.00 0.00 0.00 0.00 0.00 0.00 0.00 0.00 0.00 0.00 0.00 
