2016_CCC_ARR_IFD/catchment_depth_90min_05000aep.txt.asc
ncols         27
nrows         23
xllcorner     150.975
yllcorner     -33.6
cellsize      0.025
NODATA_value  -9999
53.5 53.5 54.5 55.3 55.1 54.9 55.3 56.4 57.6 59.5 61.4 62.4 63.1 64.4 65.2 66.1 66.6 66.9 67.9 68.9 69.8 70.8 71.7 72.4 73.1 73.8 74.5 
54.1 54.3 54.8 55.6 56.0 56.3 56.4 57.4 58.9 60.7 62.4 63.5 64.2 65.0 66.0 66.4 66.7 67.7 68.7 69.6 70.5 71.3 72.1 72.9 73.6 74.3 75.0 
53.8 54.6 55.6 56.1 56.3 56.9 57.5 58.3 60.3 61.6 63.0 64.1 64.8 65.4 66.8 67.7 68.3 68.6 69.5 70.3 71.1 71.9 72.7 73.4 74.2 74.8 75.5 
54.5 54.9 56.0 55.4 56.2 57.0 58.7 59.3 60.4 62.0 63.5 64.4 65.5 66.5 67.6 68.2 69.0 69.6 70.5 71.2 71.9 72.6 73.3 74.0 74.7 75.4 76.2 
54.7 55.0 56.1 55.6 56.7 57.8 59.1 60.3 62.0 63.6 64.3 65.0 66.6 67.3 68.5 69.2 70.1 70.8 71.5 72.2 72.7 73.3 73.9 74.6 75.2 75.9 76.5 
54.5 55.8 56.0 55.7 57.7 58.2 59.2 60.6 62.8 64.5 65.1 66.3 67.4 68.5 69.6 70.3 71.3 72.1 72.8 73.0 73.5 74.1 74.6 75.2 75.8 76.5 76.9 
54.5 55.4 55.6 56.4 58.3 58.7 60.2 61.8 63.7 65.4 66.2 67.3 68.2 69.8 70.9 71.4 72.5 73.3 73.9 74.2 74.5 74.9 75.4 75.8 76.4 77.0 77.7 
54.8 56.1 57.1 58.2 59.4 59.4 61.1 63.2 64.9 66.4 67.1 68.0 69.5 70.9 72.1 72.9 73.6 74.4 75.0 75.3 75.5 75.8 76.1 76.3 76.7 77.2 0.00 
55.2 56.6 57.5 59.0 59.5 60.4 61.5 64.3 65.5 67.3 68.6 69.5 70.6 71.7 73.0 73.9 74.8 75.6 76.2 76.5 76.6 76.5 76.6 76.8 77.1 77.5 0.00 
55.7 56.4 57.9 58.9 60.3 61.0 62.0 64.0 65.6 68.2 69.6 70.6 71.8 72.8 73.7 74.9 75.6 76.8 77.5 77.5 77.4 77.2 77.2 77.3 0.00 0.00 0.00 
55.9 56.7 57.8 58.6 60.8 61.5 63.0 65.2 67.0 69.1 70.4 71.1 72.2 73.5 74.6 75.6 76.5 77.5 78.1 78.0 77.8 77.7 77.8 77.8 78.0 0.00 0.00 
56.0 56.9 58.1 59.6 61.4 62.0 63.0 65.8 68.0 69.3 71.4 72.4 72.8 74.0 75.1 76.1 77.1 77.8 78.1 78.2 78.2 78.1 78.2 0.00 0.00 0.00 0.00 
56.3 57.3 58.6 60.2 61.5 62.3 63.3 66.3 68.2 69.0 71.4 72.5 73.6 74.2 75.4 76.4 77.1 78.0 78.1 78.3 78.4 78.4 0.00 0.00 0.00 0.00 0.00 
56.4 57.4 58.5 60.3 61.3 62.5 63.8 66.2 68.0 69.2 71.2 72.1 73.8 74.6 75.7 76.6 77.5 78.3 78.5 78.3 78.6 78.5 0.00 0.00 0.00 0.00 0.00 
56.6 57.5 58.5 60.1 61.7 63.2 63.9 65.7 68.2 69.0 70.6 72.4 73.8 74.7 75.6 76.6 77.6 78.3 78.8 78.7 79.1 0.00 0.00 0.00 0.00 0.00 0.00 
56.7 57.6 58.6 60.1 62.0 63.2 64.0 65.6 67.3 69.3 70.4 72.0 73.7 74.6 75.5 76.7 77.6 77.8 78.5 78.4 79.4 0.00 0.00 0.00 0.00 0.00 0.00 
56.8 57.7 58.8 60.0 61.5 63.7 64.7 65.0 67.7 69.4 70.3 71.2 73.3 74.3 74.6 75.9 76.8 77.6 77.6 77.8 0.00 0.00 0.00 0.00 0.00 0.00 0.00 
57.0 57.9 59.1 60.1 61.5 62.8 63.9 65.2 67.9 69.0 69.6 71.9 73.1 73.6 73.7 75.5 76.7 77.4 77.1 0.00 0.00 0.00 0.00 0.00 0.00 0.00 0.00 
57.5 58.4 59.8 61.1 62.5 63.9 64.1 66.1 68.0 68.4 69.7 71.1 72.6 72.1 73.0 74.3 75.7 76.7 77.2 0.00 0.00 0.00 0.00 0.00 0.00 0.00 0.00 
57.8 59.0 60.4 61.8 62.7 63.4 64.8 64.8 66.0 68.2 69.2 71.1 72.2 71.5 72.4 74.4 75.6 76.4 77.0 0.00 0.00 0.00 0.00 0.00 0.00 0.00 0.00 
58.4 60.0 60.6 61.6 62.7 63.8 64.1 65.4 66.7 66.4 67.6 69.8 71.8 70.8 72.6 73.3 74.5 75.0 0.00 0.00 0.00 0.00 0.00 0.00 0.00 0.00 0.00 
58.7 60.5 61.7 62.8 63.9 64.5 64.7 66.0 67.9 67.7 67.6 69.4 71.7 72.1 0.00 0.00 0.00 0.00 0.00 0.00 0.00 0.00 0.00 0.00 0.00 0.00 0.00 
59.2 60.9 62.2 63.5 63.8 63.6 64.7 66.7 67.9 68.7 69.5 69.2 71.0 71.0 70.3 0.00 0.00 0.00 0.00 0.00 0.00 0.00 0.00 0.00 0.00 0.00 0.00 
