2016_CCC_ARR_IFD/catchment_depth_1800min_95021aep.txt.asc
ncols         27
nrows         23
xllcorner     150.975
yllcorner     -33.6
cellsize      0.025
NODATA_value  -9999
47.3 46.8 49.0 50.2 48.9 47.3 46.5 48.1 49.5 52.4 55.9 56.8 56.5 59.6 59.9 61.1 58.1 54.9 55.7 56.6 57.0 58.1 59.2 59.3 59.6 59.9 60.2 
49.0 49.0 49.5 50.8 50.7 50.0 48.8 49.6 51.6 54.9 58.3 61.1 59.9 59.7 62.1 57.7 56.2 55.6 56.0 56.7 57.6 58.4 59.1 59.5 60.0 60.3 60.7 
47.9 49.7 51.6 51.6 50.9 51.0 50.8 51.0 54.4 56.2 58.4 60.0 59.0 57.3 61.2 63.1 59.6 57.6 57.3 57.3 58.1 58.7 59.3 59.9 60.6 60.9 61.3 
50.2 50.3 52.4 49.6 50.1 50.5 53.3 52.7 53.3 55.7 58.0 57.9 58.9 59.0 61.3 58.7 58.8 57.5 58.0 58.2 59.1 59.6 60.1 60.7 61.1 61.7 62.8 
50.3 50.3 52.3 49.7 51.2 52.2 53.5 54.2 56.8 59.9 58.4 56.3 60.0 57.7 60.3 58.3 59.9 58.6 59.0 59.8 60.1 60.4 60.7 61.3 61.8 62.6 63.0 
49.4 52.3 51.8 49.8 53.0 52.4 52.2 53.7 57.8 60.9 58.4 58.5 58.5 58.8 60.3 58.3 59.9 60.6 61.1 60.4 60.8 61.3 61.6 61.9 62.7 63.6 63.3 
48.1 50.5 50.1 50.8 53.9 52.4 54.1 55.7 58.7 62.2 59.9 59.2 57.5 62.1 60.8 59.0 60.4 61.7 61.9 61.6 61.8 62.2 62.5 62.8 63.5 64.5 65.3 
47.9 52.0 53.5 54.7 55.8 52.8 55.5 58.7 60.9 63.4 60.5 58.3 59.5 60.6 62.4 61.9 61.2 61.5 62.3 62.3 62.4 63.0 63.3 63.1 63.6 64.0 0.00 
49.1 53.1 53.7 56.0 55.3 55.1 55.1 60.7 60.8 64.0 65.0 62.3 61.2 61.2 62.7 62.3 62.2 62.6 62.8 63.2 63.5 63.4 63.6 63.8 64.1 64.2 0.00 
50.2 50.8 54.1 54.8 56.4 55.4 55.2 58.3 59.5 64.8 65.5 64.9 66.2 63.4 62.7 63.8 62.8 63.4 63.8 64.4 64.4 64.2 64.3 64.6 0.00 0.00 0.00 
50.0 51.0 52.4 51.9 57.0 55.8 57.3 60.8 62.7 66.5 68.1 64.5 64.2 67.3 65.7 66.0 64.4 64.4 64.5 64.6 64.7 64.8 65.3 65.7 65.8 0.00 0.00 
48.8 50.2 52.8 55.1 58.2 56.7 56.4 61.7 65.3 65.3 68.8 68.7 65.6 66.1 66.5 66.6 66.6 65.7 65.2 65.2 65.3 65.4 65.8 0.00 0.00 0.00 0.00 
49.3 51.8 53.9 56.6 57.8 56.9 56.4 62.6 65.2 63.9 68.2 68.4 69.9 65.8 66.5 66.4 66.2 66.8 65.9 65.8 66.0 66.0 0.00 0.00 0.00 0.00 0.00 
49.6 51.4 52.6 56.0 56.4 56.8 57.8 62.1 64.2 64.5 67.3 66.9 70.3 68.5 68.0 67.4 68.0 68.8 67.5 66.6 66.9 66.5 0.00 0.00 0.00 0.00 0.00 
48.5 50.2 51.7 54.9 57.2 58.8 57.9 60.3 64.6 63.9 65.6 68.2 70.1 68.3 67.6 68.0 68.8 69.5 69.6 68.0 68.7 0.00 0.00 0.00 0.00 0.00 0.00 
50.4 50.7 51.6 54.7 58.1 58.6 58.3 60.4 62.3 65.2 65.5 67.2 69.9 68.7 68.1 68.8 70.0 68.5 69.0 68.1 71.3 0.00 0.00 0.00 0.00 0.00 0.00 
51.2 51.7 51.9 53.6 56.0 60.0 60.3 59.3 63.9 65.8 65.8 66.0 69.0 68.6 68.2 68.7 68.6 68.7 67.8 67.5 0.00 0.00 0.00 0.00 0.00 0.00 0.00 
51.2 52.5 53.2 53.7 55.8 57.6 58.7 60.2 64.8 65.4 65.2 68.3 69.2 68.2 67.0 68.6 69.2 69.0 67.7 0.00 0.00 0.00 0.00 0.00 0.00 0.00 0.00 
51.3 52.9 55.4 56.8 58.7 60.6 59.7 62.8 65.5 65.0 66.2 67.3 68.8 66.3 66.5 67.2 68.2 68.8 68.8 0.00 0.00 0.00 0.00 0.00 0.00 0.00 0.00 
51.7 54.0 56.4 58.4 59.2 59.5 61.5 60.7 62.3 65.3 66.1 68.1 68.8 65.7 65.8 68.2 69.3 69.7 69.7 0.00 0.00 0.00 0.00 0.00 0.00 0.00 0.00 
53.1 56.4 56.5 57.7 59.1 60.7 60.6 62.5 64.3 62.6 63.5 66.4 68.7 65.1 67.0 66.9 67.9 67.6 0.00 0.00 0.00 0.00 0.00 0.00 0.00 0.00 0.00 
53.7 57.1 58.9 60.6 61.8 62.4 62.2 64.0 66.8 65.8 64.4 66.3 69.4 68.6 0.00 0.00 0.00 0.00 0.00 0.00 0.00 0.00 0.00 0.00 0.00 0.00 0.00 
54.8 57.8 60.1 62.1 61.9 61.1 62.6 65.8 67.3 67.8 68.4 66.4 68.4 66.7 63.9 0.00 0.00 0.00 0.00 0.00 0.00 0.00 0.00 0.00 0.00 0.00 0.00 
