2016_CCC_ARR_IFD/catchment_depth_30min_00100aep.txt.asc
ncols         27
nrows         23
xllcorner     150.975
yllcorner     -33.6
cellsize      0.025
NODATA_value  -9999
75.3 75.1 76.4 77.3 77.3 77.3 78.0 79.7 81.5 83.9 85.8 87.2 88.7 89.6 91.1 92.2 95.2 98.5 100 102 103 104 105 106 107 108 109 
75.6 75.8 76.3 77.4 78.0 78.5 79.0 80.5 82.6 84.9 86.5 87.5 89.1 90.7 91.5 94.9 97.3 99.6 101 103 104 105 106 107 108 109 109 
74.8 75.8 77.1 77.6 77.9 78.8 79.9 81.3 83.8 85.6 87.2 88.6 90.3 92.5 93.1 93.9 97.5 100 102 104 105 106 107 107 108 109 110 
75.5 75.8 77.3 76.1 77.2 78.4 80.9 82.1 83.9 86.1 88.0 89.7 91.4 93.3 94.4 97.6 99.5 102 103 104 105 106 107 108 109 110 111 
75.3 75.4 77.0 75.6 77.4 79.1 81.0 82.9 85.2 87.1 88.8 91.0 92.4 95.3 96.4 99.3 101 103 104 105 106 107 108 109 109 110 111 
74.6 76.3 76.3 75.2 78.4 79.1 80.8 83.0 85.8 87.9 89.7 91.9 94.3 96.5 98.1 100 102 103 105 105 106 107 108 109 110 111 111 
74.2 75.1 75.1 75.9 78.8 79.4 81.6 83.9 86.6 88.6 90.6 93.1 95.6 96.6 99.5 101 103 104 105 106 107 108 109 109 110 111 112 
74.5 76.0 77.2 78.6 80.0 80.0 82.5 85.2 87.5 89.3 91.6 94.3 96.9 99.0 100 102 104 105 106 107 107 108 109 110 110 111 0.00 
74.7 76.7 77.5 79.4 79.9 81.1 82.8 86.1 87.9 90.1 91.9 94.6 97.7 99.8 102 103 104 105 106 107 108 108 109 110 111 111 0.00 
75.2 75.9 77.9 79.0 80.7 81.6 83.3 85.9 88.2 90.8 92.9 94.9 96.6 100 102 103 104 106 107 108 108 109 109 110 0.00 0.00 0.00 
75.3 76.3 77.5 78.4 81.1 82.1 84.1 86.8 89.1 91.3 93.0 95.5 97.9 98.9 102 103 105 106 107 108 108 109 110 110 111 0.00 0.00 
75.1 76.2 77.8 79.6 81.8 82.5 84.1 87.2 89.7 91.6 93.7 95.6 97.8 99.9 102 103 105 106 106 107 108 109 109 0.00 0.00 0.00 0.00 
75.3 76.8 78.4 80.3 81.8 82.7 84.1 87.5 89.7 91.4 93.7 95.5 97.0 99.7 102 103 104 106 106 107 108 108 0.00 0.00 0.00 0.00 0.00 
75.3 76.7 78.0 80.2 81.3 82.6 84.4 87.2 89.4 91.3 93.5 95.4 96.8 99.1 101 103 104 105 106 106 107 108 0.00 0.00 0.00 0.00 0.00 
74.9 76.2 77.6 79.7 81.6 83.2 84.2 86.4 89.3 90.8 93.0 95.0 96.6 98.8 101 102 104 105 106 106 107 0.00 0.00 0.00 0.00 0.00 0.00 
75.7 76.4 77.5 79.6 81.8 83.0 84.0 86.1 88.2 90.6 92.4 94.4 96.2 98.2 100 102 103 104 105 105 106 0.00 0.00 0.00 0.00 0.00 0.00 
76.0 76.9 77.4 78.9 80.7 83.3 84.4 85.0 88.2 90.2 91.7 93.3 95.6 97.3 98.3 100 101 103 103 104 0.00 0.00 0.00 0.00 0.00 0.00 0.00 
76.0 77.1 77.9 78.5 80.2 81.8 83.1 84.8 87.9 89.4 90.6 93.1 94.8 96.1 96.7 99.0 101 102 102 0.00 0.00 0.00 0.00 0.00 0.00 0.00 0.00 
75.7 77.0 78.7 79.8 81.3 82.9 83.0 85.4 87.6 88.4 90.1 91.9 93.7 94.0 95.4 97.0 98.8 100 101 0.00 0.00 0.00 0.00 0.00 0.00 0.00 0.00 
75.5 77.2 78.7 80.1 81.1 81.7 83.3 83.5 85.1 87.6 89.0 91.3 92.8 92.6 93.9 96.3 97.9 99.1 100 0.00 0.00 0.00 0.00 0.00 0.00 0.00 0.00 
75.7 77.8 78.3 79.4 80.4 81.7 82.1 83.7 85.4 85.4 86.9 89.4 91.8 91.3 93.4 94.5 96.1 97.1 0.00 0.00 0.00 0.00 0.00 0.00 0.00 0.00 0.00 
75.5 77.7 78.9 80.2 81.3 82.1 82.3 83.9 86.1 86.1 86.4 88.6 91.1 91.9 0.00 0.00 0.00 0.00 0.00 0.00 0.00 0.00 0.00 0.00 0.00 0.00 0.00 
75.6 77.5 78.9 80.4 80.7 80.5 81.8 84.2 85.7 86.7 87.8 87.8 89.8 90.1 89.9 0.00 0.00 0.00 0.00 0.00 0.00 0.00 0.00 0.00 0.00 0.00 0.00 
