2016_CCC_ARR_IFD/catchment_depth_8640min_05000aep.txt.asc
ncols         27
nrows         23
xllcorner     150.975
yllcorner     -33.6
cellsize      0.025
NODATA_value  -9999
259 255 268 275 267 257 253 263 273 292 315 322 321 342 345 354 339 322 329 335 339 347 355 354 354 354 354 
271 270 272 280 279 275 268 273 286 307 330 349 343 343 358 336 331 326 329 334 340 346 350 352 353 354 354 
265 276 288 286 281 282 281 283 304 315 331 342 337 330 354 366 350 341 337 336 341 345 348 351 354 355 355 
281 281 293 275 278 280 297 294 298 314 328 330 337 341 355 344 347 338 340 340 346 348 350 353 355 357 364 
284 282 294 277 286 291 299 304 319 339 331 323 345 335 351 342 353 343 345 350 350 351 351 354 356 361 362 
279 297 293 279 298 294 294 303 326 345 333 336 339 342 352 339 352 356 359 351 352 354 355 356 360 365 361 
273 287 284 288 305 296 306 316 334 354 344 342 333 362 356 342 352 361 361 356 356 357 358 359 363 368 373 
274 298 307 314 320 300 317 336 349 364 349 338 346 353 365 362 355 355 359 358 357 360 361 358 360 362 0.00 
284 309 310 324 319 317 317 352 352 371 378 364 357 357 367 362 359 360 360 361 362 360 360 360 361 361 0.00 
293 296 316 319 328 321 320 339 347 381 386 381 390 371 365 372 361 363 364 367 366 363 362 363 0.00 0.00 0.00 
294 299 307 302 334 326 335 357 369 394 405 379 377 397 386 386 372 369 367 367 366 365 367 368 368 0.00 0.00 
287 296 311 326 345 333 330 364 388 388 412 411 386 389 390 390 388 378 372 371 370 369 370 0.00 0.00 0.00 0.00 
293 308 321 337 344 335 331 372 389 379 408 409 417 387 391 388 384 386 378 375 374 373 0.00 0.00 0.00 0.00 0.00 
296 307 314 335 336 336 341 369 382 383 402 398 419 404 400 395 397 400 389 380 380 376 0.00 0.00 0.00 0.00 0.00 
291 300 308 329 342 350 341 357 386 378 389 405 416 403 399 400 402 404 403 389 392 0.00 0.00 0.00 0.00 0.00 0.00 
305 305 309 329 349 349 344 356 368 387 387 396 414 405 405 405 409 397 398 390 410 0.00 0.00 0.00 0.00 0.00 0.00 
312 314 312 321 334 360 359 348 379 388 386 388 406 403 406 406 400 398 390 385 0.00 0.00 0.00 0.00 0.00 0.00 0.00 
314 320 323 320 332 342 345 351 383 383 379 400 405 400 394 403 402 399 388 0.00 0.00 0.00 0.00 0.00 0.00 0.00 0.00 
315 324 339 345 355 364 350 369 386 378 384 391 399 386 387 389 393 395 394 0.00 0.00 0.00 0.00 0.00 0.00 0.00 0.00 
318 333 346 357 359 353 363 351 358 377 380 394 398 377 378 392 397 399 397 0.00 0.00 0.00 0.00 0.00 0.00 0.00 0.00 
328 350 347 352 356 362 354 362 371 356 360 378 394 370 381 381 386 383 0.00 0.00 0.00 0.00 0.00 0.00 0.00 0.00 0.00 
333 357 365 373 378 376 366 374 391 375 363 375 397 390 0.00 0.00 0.00 0.00 0.00 0.00 0.00 0.00 0.00 0.00 0.00 0.00 0.00 
343 362 375 386 378 364 369 388 394 392 392 374 387 374 357 0.00 0.00 0.00 0.00 0.00 0.00 0.00 0.00 0.00 0.00 0.00 0.00 
