2016_CCC_ARR_IFD/catchment_depth_360min_20000aep.txt.asc
ncols         27
nrows         23
xllcorner     150.975
yllcorner     -33.6
cellsize      0.025
NODATA_value  -9999
59.1 59.1 60.8 62.0 61.6 61.1 61.4 62.9 64.6 67.3 70.3 71.5 72.1 74.5 75.4 76.8 76.0 75.2 76.4 77.7 78.7 79.9 81.2 81.8 82.4 83.1 83.9 
60.2 60.6 61.3 62.7 63.1 63.3 63.2 64.3 66.4 69.3 72.1 74.3 74.5 75.1 77.0 75.5 75.2 76.0 77.1 78.2 79.4 80.5 81.4 82.2 83.0 83.7 84.4 
59.7 61.2 62.8 63.4 63.5 64.3 64.8 65.7 68.6 70.5 72.6 74.3 74.5 74.2 77.2 78.8 77.8 77.0 78.2 79.1 80.2 81.1 82.0 82.8 83.7 84.4 85.1 
61.2 61.7 63.5 62.4 63.3 64.3 66.8 67.2 68.3 70.7 72.9 73.6 75.0 75.8 77.8 77.0 77.6 78.1 79.2 80.2 81.2 82.0 82.8 83.6 84.3 85.1 86.3 
61.4 61.9 63.7 62.7 64.3 65.7 67.3 68.6 71.0 73.7 73.7 73.2 76.3 75.6 77.9 77.4 78.9 79.4 80.5 81.6 82.3 83.0 83.6 84.4 85.1 86.0 86.6 
61.1 63.4 63.6 63.0 65.8 66.2 66.9 68.7 72.2 74.9 74.3 75.2 76.0 77.0 78.6 78.6 80.0 81.1 82.1 82.7 83.4 84.1 84.6 85.2 86.0 86.8 87.0 
60.8 62.6 62.9 64.0 66.7 66.6 68.5 70.5 73.3 76.3 75.8 76.2 76.2 79.6 79.6 80.0 81.5 82.7 83.6 84.2 84.6 85.1 85.6 86.0 86.7 87.6 88.4 
61.0 63.7 65.3 66.8 68.4 67.3 69.9 72.9 75.3 77.6 76.8 76.4 78.0 79.5 81.3 82.0 83.0 84.1 85.0 85.5 85.8 86.2 86.5 86.5 87.0 87.5 0.00 
61.8 64.7 65.8 68.0 68.4 69.1 70.0 74.7 75.7 78.7 80.3 79.4 79.5 80.5 82.2 83.2 84.5 85.7 86.5 86.9 87.1 87.0 87.0 87.2 87.5 87.8 0.00 
62.6 63.6 66.3 67.6 69.5 69.7 70.6 73.5 75.3 79.9 81.3 81.7 83.2 82.2 83.0 84.6 85.6 87.1 88.1 88.3 88.1 87.8 87.7 87.8 0.00 0.00 0.00 
62.8 64.1 65.6 66.2 70.2 70.4 72.3 75.6 77.9 81.5 83.4 81.7 82.2 85.1 84.8 85.9 86.7 88.1 88.8 88.7 88.5 88.3 88.5 88.6 88.7 0.00 0.00 
62.5 64.0 66.1 68.4 71.3 71.2 72.0 76.5 80.1 81.0 84.6 85.3 83.4 84.5 85.6 86.6 87.6 88.4 88.7 88.9 88.8 88.8 88.9 0.00 0.00 0.00 0.00 
63.0 65.0 67.1 69.6 71.3 71.7 72.3 77.5 80.3 80.1 84.3 85.1 86.7 84.5 85.8 86.6 87.4 88.6 88.6 88.8 89.0 89.1 0.00 0.00 0.00 0.00 0.00 
63.4 65.0 66.5 69.5 70.6 71.8 73.4 77.2 79.7 80.7 83.6 83.9 87.1 86.3 86.6 87.0 88.2 89.3 89.2 88.9 89.4 89.2 0.00 0.00 0.00 0.00 0.00 
63.3 64.8 66.4 69.0 71.4 73.3 73.6 76.1 80.1 80.2 82.2 84.9 87.0 86.1 85.9 87.0 88.3 89.5 90.1 89.5 90.3 0.00 0.00 0.00 0.00 0.00 0.00 
64.1 65.2 66.6 69.1 72.1 73.4 74.1 76.3 78.4 81.3 82.1 84.0 86.8 86.3 85.8 87.2 89.0 88.4 89.4 89.2 91.7 0.00 0.00 0.00 0.00 0.00 0.00 
64.5 65.6 67.1 68.9 71.1 74.6 75.7 75.6 79.7 81.8 82.3 82.8 86.0 85.9 85.0 86.4 87.3 88.2 88.1 88.3 0.00 0.00 0.00 0.00 0.00 0.00 0.00 
64.8 66.2 67.8 69.2 71.3 73.3 74.7 76.4 80.5 81.5 81.8 84.9 86.0 85.1 84.2 86.3 87.7 88.2 87.7 0.00 0.00 0.00 0.00 0.00 0.00 0.00 0.00 
65.7 67.1 69.4 71.2 73.3 75.4 75.6 78.5 81.1 81.3 82.6 84.0 85.6 83.3 83.9 85.1 86.6 87.8 88.4 0.00 0.00 0.00 0.00 0.00 0.00 0.00 0.00 
66.5 68.3 70.5 72.6 74.0 74.9 77.0 76.9 78.7 81.6 82.6 84.6 85.6 83.0 83.4 86.1 87.6 88.5 88.9 0.00 0.00 0.00 0.00 0.00 0.00 0.00 0.00 
67.7 70.3 71.0 72.6 74.1 75.9 76.4 78.4 80.4 79.2 80.2 83.2 85.5 82.5 84.6 84.9 86.3 86.5 0.00 0.00 0.00 0.00 0.00 0.00 0.00 0.00 0.00 
68.4 71.3 73.0 74.8 76.3 77.3 77.6 79.6 82.1 81.9 80.9 83.0 86.0 85.7 0.00 0.00 0.00 0.00 0.00 0.00 0.00 0.00 0.00 0.00 0.00 0.00 0.00 
69.5 72.2 74.2 76.2 76.5 76.2 77.9 80.8 82.5 83.3 84.2 83.0 85.1 84.1 81.8 0.00 0.00 0.00 0.00 0.00 0.00 0.00 0.00 0.00 0.00 0.00 0.00 
