2016_CCC_ARR_IFD/catchment_depth_45min_01000aep.txt.asc
ncols         27
nrows         23
xllcorner     150.975
yllcorner     -33.6
cellsize      0.025
NODATA_value  -9999
60.5 60.3 61.5 62.3 62.1 61.8 62.3 63.6 65.1 67.2 69.1 70.2 71.1 72.3 73.2 74.1 75.2 75.5 76.6 77.6 78.5 79.6 80.5 81.2 81.9 82.6 83.3 
61.1 61.2 61.7 62.7 63.0 63.3 63.5 64.6 66.3 68.5 70.1 71.2 72.2 73.1 74.0 75.1 75.6 76.5 77.4 78.3 79.3 80.2 81.0 81.8 82.5 83.2 83.9 
60.6 61.5 62.6 63.1 63.2 63.9 64.6 65.6 67.8 69.4 70.8 72.0 73.0 74.0 75.1 75.9 77.3 78.0 78.6 79.2 80.1 80.9 81.6 82.4 83.2 83.9 84.5 
61.5 61.7 63.0 62.0 62.9 63.8 66.0 66.7 68.0 69.9 71.5 72.7 74.0 75.2 76.3 77.5 78.5 79.0 79.6 80.2 81.0 81.7 82.4 83.1 83.8 84.5 85.4 
61.5 61.7 63.0 61.9 63.4 64.7 66.3 67.7 69.7 71.5 72.5 73.6 75.2 76.6 77.7 78.9 79.9 80.3 80.8 81.5 81.9 82.5 83.1 83.9 84.5 85.3 85.8 
61.2 62.7 62.8 61.9 64.5 65.0 66.2 68.1 70.6 72.4 73.5 75.0 76.6 78.0 79.3 79.8 81.2 81.9 82.5 82.2 82.6 83.3 83.9 84.6 85.3 86.0 86.3 
61.1 62.0 62.0 62.7 65.2 65.5 67.4 69.3 71.5 73.4 74.7 76.3 77.6 79.1 80.8 80.8 82.2 83.2 83.6 83.5 83.7 84.2 84.8 85.3 86.0 86.7 87.3 
61.5 62.9 64.1 65.2 66.5 66.3 68.5 70.8 72.7 74.3 75.8 77.3 79.3 81.0 82.1 83.0 83.2 83.7 84.4 84.6 84.7 85.2 85.7 85.9 86.4 86.9 0.00 
62.0 63.7 64.5 66.2 66.6 67.6 68.9 72.0 73.4 75.3 76.8 78.6 80.6 81.9 83.3 83.8 84.2 84.9 85.4 85.7 85.9 86.0 86.3 86.6 86.9 87.2 0.00 
62.6 63.3 65.1 66.1 67.6 68.3 69.6 71.9 73.8 76.3 77.9 79.4 80.8 82.9 83.6 84.8 84.8 85.8 86.5 86.8 86.8 86.7 86.9 87.2 0.00 0.00 0.00 
63.0 63.8 64.9 65.7 68.2 68.9 70.6 73.1 75.0 77.1 78.5 80.1 81.8 82.8 84.6 85.6 85.9 86.5 87.0 87.1 87.1 87.2 87.6 87.9 88.0 0.00 0.00 
63.0 64.0 65.4 67.0 69.0 69.6 70.7 73.7 76.0 77.5 79.5 80.9 82.2 83.6 84.9 86.0 86.8 87.1 87.1 87.3 87.5 87.6 87.9 0.00 0.00 0.00 0.00 
63.4 64.7 66.1 67.8 69.2 69.9 70.9 74.2 76.2 77.4 79.7 81.0 82.2 83.6 85.0 85.9 86.4 87.4 87.2 87.4 87.7 87.8 0.00 0.00 0.00 0.00 0.00 
63.6 64.8 65.9 67.9 68.9 70.1 71.5 74.1 76.1 77.5 79.5 80.9 82.3 83.8 85.2 86.0 87.0 87.8 87.7 87.5 87.9 87.8 0.00 0.00 0.00 0.00 0.00 
63.6 64.6 65.8 67.7 69.3 70.8 71.5 73.5 76.2 77.2 79.1 80.9 82.3 83.7 84.8 85.9 87.0 87.7 88.2 87.8 88.4 0.00 0.00 0.00 0.00 0.00 0.00 
64.2 64.9 65.8 67.7 69.7 70.8 71.5 73.3 75.1 77.4 78.7 80.4 82.1 83.4 84.6 85.8 86.8 86.9 87.6 87.4 88.6 0.00 0.00 0.00 0.00 0.00 0.00 
64.5 65.3 65.9 67.2 68.9 71.2 72.2 72.3 75.5 77.2 78.2 79.4 81.7 82.8 83.2 84.8 85.6 86.4 86.3 86.4 0.00 0.00 0.00 0.00 0.00 0.00 0.00 
64.6 65.6 66.5 67.0 68.6 70.0 70.9 72.3 75.5 76.6 77.3 79.8 81.2 81.9 81.9 84.0 85.3 86.0 85.6 0.00 0.00 0.00 0.00 0.00 0.00 0.00 0.00 
64.5 65.7 67.2 68.4 69.8 71.2 71.0 73.3 75.4 75.7 77.1 78.7 80.3 79.9 80.9 82.3 83.8 84.9 85.5 0.00 0.00 0.00 0.00 0.00 0.00 0.00 0.00 
64.6 66.1 67.5 68.9 69.8 70.2 71.6 71.4 72.7 75.1 76.3 78.4 79.7 78.9 79.8 82.2 83.5 84.3 84.9 0.00 0.00 0.00 0.00 0.00 0.00 0.00 0.00 
65.0 66.9 67.4 68.3 69.3 70.5 70.5 71.8 73.2 72.8 74.1 76.6 78.9 77.9 79.8 80.6 81.9 82.4 0.00 0.00 0.00 0.00 0.00 0.00 0.00 0.00 0.00 
64.9 67.0 68.2 69.4 70.4 71.0 71.0 72.3 74.5 74.0 73.9 76.0 78.6 79.0 0.00 0.00 0.00 0.00 0.00 0.00 0.00 0.00 0.00 0.00 0.00 0.00 0.00 
65.2 67.1 68.5 69.8 70.0 69.6 70.7 73.0 74.3 75.0 76.0 75.6 77.5 77.5 76.8 0.00 0.00 0.00 0.00 0.00 0.00 0.00 0.00 0.00 0.00 0.00 0.00 
