2016_CCC_ARR_IFD/catchment_depth_10080min_05000aep.txt.asc
ncols         27
nrows         23
xllcorner     150.975
yllcorner     -33.6
cellsize      0.025
NODATA_value  -9999
259 255 269 276 268 259 255 265 275 294 317 323 323 343 347 356 341 324 331 337 341 349 357 357 357 357 357 
272 271 272 281 280 276 270 275 288 309 331 350 344 344 360 338 332 328 331 336 343 348 352 355 356 357 358 
266 277 288 286 282 283 282 284 305 317 332 343 339 332 356 368 352 342 339 338 343 348 351 354 358 359 359 
281 282 294 275 279 281 298 295 300 315 330 332 339 342 357 346 348 340 342 343 349 351 354 357 359 362 368 
284 283 295 277 286 292 300 305 321 340 333 324 347 337 353 344 354 345 348 352 353 354 355 358 361 366 367 
280 297 293 279 298 295 295 304 328 346 335 338 340 344 354 341 353 358 361 354 356 358 359 360 365 370 366 
273 288 284 288 305 297 307 317 335 356 345 343 334 363 357 344 354 363 363 360 360 362 363 364 368 374 379 
275 298 307 314 321 301 317 336 350 365 350 339 347 355 367 364 358 358 363 362 362 365 366 363 366 368 0.00 
285 310 310 324 319 318 318 353 352 372 379 364 358 358 368 364 362 363 364 366 367 365 365 365 367 367 0.00 
294 296 317 319 328 322 321 340 348 382 387 381 390 372 367 374 364 367 368 371 371 368 368 369 0.00 0.00 0.00 
294 300 308 302 334 326 335 357 370 395 405 380 377 398 387 388 375 372 371 372 371 371 373 374 374 0.00 0.00 
288 296 312 326 346 333 331 365 389 388 413 412 387 389 391 391 390 382 376 375 374 374 375 0.00 0.00 0.00 0.00 
293 309 321 338 345 336 331 372 389 380 409 409 418 388 392 390 386 389 381 379 378 377 0.00 0.00 0.00 0.00 0.00 
296 307 314 336 337 336 341 369 383 384 402 399 419 405 400 396 399 402 391 383 384 380 0.00 0.00 0.00 0.00 0.00 
291 301 309 329 343 350 342 357 386 379 390 406 416 403 399 400 403 406 405 392 396 0.00 0.00 0.00 0.00 0.00 0.00 
305 305 310 329 350 349 345 357 369 388 388 396 414 405 406 405 410 399 400 393 413 0.00 0.00 0.00 0.00 0.00 0.00 
312 314 313 322 334 360 359 348 380 388 386 389 406 403 406 407 401 400 392 388 0.00 0.00 0.00 0.00 0.00 0.00 0.00 
314 321 323 320 333 343 346 352 383 384 380 401 406 401 395 404 403 400 390 0.00 0.00 0.00 0.00 0.00 0.00 0.00 0.00 
315 325 340 345 355 365 350 370 387 379 385 391 400 387 388 389 394 397 396 0.00 0.00 0.00 0.00 0.00 0.00 0.00 0.00 
319 334 346 357 359 354 364 352 359 379 381 395 399 378 378 392 399 401 400 0.00 0.00 0.00 0.00 0.00 0.00 0.00 0.00 
329 350 348 353 356 363 356 364 373 357 362 380 396 371 382 381 387 385 0.00 0.00 0.00 0.00 0.00 0.00 0.00 0.00 0.00 
334 357 365 373 379 377 368 376 393 378 365 377 399 391 0.00 0.00 0.00 0.00 0.00 0.00 0.00 0.00 0.00 0.00 0.00 0.00 0.00 
344 362 375 387 380 366 371 390 397 395 395 376 390 376 358 0.00 0.00 0.00 0.00 0.00 0.00 0.00 0.00 0.00 0.00 0.00 0.00 
