2016_CCC_ARR_IFD/catchment_depth_2880min_99999aep.txt.asc
ncols         27
nrows         23
xllcorner     150.975
yllcorner     -33.6
cellsize      0.025
NODATA_value  -9999
31.6 31.2 32.8 33.6 32.5 31.2 30.5 31.5 32.4 34.5 37.0 37.5 37.1 39.5 39.5 40.4 37.6 34.9 35.5 36.2 36.7 37.6 38.5 38.7 39.0 39.4 39.8 
32.9 32.8 33.1 34.0 33.7 33.1 32.1 32.5 33.8 36.2 38.7 40.8 39.7 39.3 41.1 37.2 35.6 35.3 35.7 36.3 37.0 37.7 38.3 38.8 39.3 39.7 40.1 
31.9 33.2 34.6 34.4 33.8 33.7 33.4 33.4 35.8 37.0 38.6 39.7 38.7 37.1 40.1 41.5 38.4 36.3 36.4 36.7 37.3 37.9 38.5 39.0 39.7 40.1 40.4 
33.6 33.6 35.0 32.8 33.0 33.2 35.2 34.5 34.8 36.5 38.1 37.8 38.3 38.2 39.9 37.5 37.4 36.4 36.9 37.3 38.0 38.4 39.0 39.5 40.0 40.6 41.5 
33.6 33.4 34.9 32.7 33.7 34.3 35.1 35.5 37.3 39.6 38.2 36.3 39.0 36.9 38.8 37.0 38.0 37.2 37.6 38.2 38.6 39.0 39.4 39.9 40.4 41.2 41.6 
32.8 34.9 34.3 32.6 35.0 34.3 34.0 35.0 37.9 40.1 37.9 37.8 37.6 37.7 38.6 37.0 38.0 38.5 39.0 38.7 39.1 39.6 40.0 40.4 41.1 41.9 41.7 
31.7 33.4 32.9 33.3 35.5 34.2 35.3 36.3 38.4 40.9 39.0 38.2 36.8 40.1 38.9 37.5 38.4 39.3 39.5 39.5 39.8 40.2 40.6 41.0 41.6 42.5 43.2 
31.4 34.4 35.4 36.1 36.8 34.4 36.3 38.4 39.9 41.7 39.2 37.5 38.2 38.8 40.0 39.6 39.1 39.3 39.8 40.0 40.2 40.8 41.2 41.3 41.8 42.2 0.00 
32.3 35.1 35.4 37.0 36.2 35.9 35.8 39.8 39.6 41.9 42.5 40.3 39.4 39.2 40.2 39.9 39.7 40.0 40.2 40.6 41.0 41.2 41.5 41.8 42.2 42.3 0.00 
33.0 33.3 35.6 36.0 37.0 36.1 35.8 37.9 38.6 42.3 42.7 42.1 43.0 40.8 40.3 41.0 40.2 40.5 40.9 41.4 41.6 41.7 42.0 42.4 0.00 0.00 0.00 
32.8 33.4 34.2 33.7 37.3 36.3 37.2 39.6 40.8 43.5 44.5 41.7 41.4 43.6 42.4 42.6 41.4 41.3 41.4 41.7 41.9 42.2 42.7 43.2 43.5 0.00 0.00 
31.7 32.6 34.4 35.9 38.1 36.8 36.4 40.1 42.6 42.4 44.9 44.7 42.4 42.7 43.0 43.1 43.1 42.4 42.1 42.2 42.5 42.7 43.2 0.00 0.00 0.00 0.00 
32.0 33.7 35.1 36.9 37.6 36.8 36.4 40.7 42.5 41.4 44.4 44.4 45.4 42.6 43.2 43.1 42.9 43.3 42.8 42.8 43.0 43.2 0.00 0.00 0.00 0.00 0.00 
32.1 33.3 34.1 36.4 36.5 36.6 37.2 40.2 41.6 41.7 43.6 43.4 45.8 44.4 44.2 43.9 44.3 44.8 44.0 43.4 43.7 43.6 0.00 0.00 0.00 0.00 0.00 
31.3 32.3 33.3 35.5 37.0 38.0 37.2 38.8 41.8 41.3 42.4 44.2 45.6 44.4 44.1 44.5 45.0 45.4 45.5 44.5 45.1 0.00 0.00 0.00 0.00 0.00 0.00 
32.5 32.6 33.1 35.2 37.5 37.7 37.4 38.8 40.1 42.1 42.3 43.4 45.4 44.7 44.7 45.1 45.8 44.9 45.2 44.7 46.8 0.00 0.00 0.00 0.00 0.00 0.00 
33.0 33.2 33.2 34.3 35.9 38.7 38.8 37.9 41.1 42.4 42.4 42.7 44.8 44.7 44.8 45.1 45.0 45.1 44.5 44.3 0.00 0.00 0.00 0.00 0.00 0.00 0.00 
32.9 33.7 34.1 34.3 35.7 36.8 37.5 38.5 41.7 42.1 41.9 44.2 44.8 44.4 43.9 45.0 45.4 45.3 44.4 0.00 0.00 0.00 0.00 0.00 0.00 0.00 0.00 
32.8 33.8 35.5 36.4 37.7 38.9 38.1 40.2 42.1 41.6 42.5 43.3 44.4 43.1 43.4 44.0 44.6 45.1 45.2 0.00 0.00 0.00 0.00 0.00 0.00 0.00 0.00 
32.9 34.5 36.1 37.5 38.0 38.0 39.3 38.6 39.6 41.7 42.2 43.8 44.4 42.6 42.8 44.4 45.2 45.6 45.7 0.00 0.00 0.00 0.00 0.00 0.00 0.00 0.00 
33.8 36.1 36.1 36.9 37.7 38.8 38.5 39.7 40.9 39.8 40.5 42.5 44.3 42.0 43.4 43.5 44.2 44.1 0.00 0.00 0.00 0.00 0.00 0.00 0.00 0.00 0.00 
34.1 36.5 37.7 38.8 39.7 40.0 39.7 40.8 42.8 41.8 40.9 42.4 44.7 44.2 0.00 0.00 0.00 0.00 0.00 0.00 0.00 0.00 0.00 0.00 0.00 0.00 0.00 
34.8 36.9 38.5 39.9 39.7 39.0 40.0 42.2 43.3 43.5 43.9 42.5 44.0 42.9 41.2 0.00 0.00 0.00 0.00 0.00 0.00 0.00 0.00 0.00 0.00 0.00 0.00 
