2016_CCC_ARR_IFD/catchment_depth_270min_00200aep.txt.asc
ncols         27
nrows         23
xllcorner     150.975
yllcorner     -33.6
cellsize      0.025
NODATA_value  -9999
130 130 134 137 137 137 139 143 147 154 159 163 166 170 173 176 179 180 185 189 192 196 199 201 203 206 208 
132 133 135 138 140 142 143 147 152 158 163 167 170 173 176 178 178 183 187 191 194 198 200 203 205 207 209 
131 135 138 140 142 144 147 150 157 161 166 169 172 175 179 182 185 185 190 194 197 199 202 204 207 209 211 
134 136 140 139 142 145 151 154 157 163 168 171 175 179 183 184 187 189 193 196 199 202 204 206 208 211 213 
135 136 141 140 144 148 153 157 163 168 171 173 179 181 186 187 191 193 196 199 202 204 206 208 210 212 214 
134 139 141 140 147 150 153 158 166 171 174 178 182 186 190 191 195 198 200 202 204 206 208 209 212 214 215 
133 138 139 142 149 151 156 162 169 175 178 181 183 191 194 194 199 202 204 205 207 208 210 211 213 215 217 
134 140 144 148 152 152 159 166 173 178 181 182 188 193 199 200 202 205 207 209 209 211 212 212 214 215 0.00 
135 141 145 150 152 156 159 170 174 181 186 188 192 195 200 202 205 208 211 212 212 212 213 213 214 215 0.00 
136 139 145 149 154 156 160 168 174 184 189 192 197 199 201 205 207 211 214 215 214 214 214 214 0.00 0.00 0.00 
136 139 144 146 155 157 163 172 178 187 192 192 196 202 204 207 210 213 215 215 214 214 215 215 216 0.00 0.00 
135 139 144 150 157 158 161 173 182 186 195 198 197 201 205 208 211 213 214 214 214 214 215 0.00 0.00 0.00 0.00 
135 140 145 152 157 158 161 174 182 183 194 197 201 199 204 206 209 212 212 213 214 214 0.00 0.00 0.00 0.00 0.00 
135 139 144 151 154 158 162 173 179 183 191 194 201 202 204 206 210 213 213 212 213 213 0.00 0.00 0.00 0.00 0.00 
134 138 142 149 155 160 162 169 179 181 186 194 199 199 201 204 208 212 213 212 214 0.00 0.00 0.00 0.00 0.00 0.00 
136 138 142 148 156 159 161 167 173 181 184 190 197 198 199 203 208 207 210 210 215 0.00 0.00 0.00 0.00 0.00 0.00 
136 139 142 147 152 161 164 164 175 181 182 185 194 195 194 199 202 205 205 206 0.00 0.00 0.00 0.00 0.00 0.00 0.00 
136 139 144 146 152 156 160 164 175 178 179 188 192 191 190 196 200 203 202 0.00 0.00 0.00 0.00 0.00 0.00 0.00 0.00 
138 141 147 151 156 161 160 168 175 175 179 183 188 184 186 190 195 199 201 0.00 0.00 0.00 0.00 0.00 0.00 0.00 0.00 
139 143 148 154 157 158 163 162 165 173 176 183 186 180 182 190 195 198 200 0.00 0.00 0.00 0.00 0.00 0.00 0.00 0.00 
141 147 149 153 156 160 160 164 169 165 168 176 184 177 183 185 189 191 0.00 0.00 0.00 0.00 0.00 0.00 0.00 0.00 0.00 
142 150 154 158 161 163 162 167 174 171 168 174 183 183 0.00 0.00 0.00 0.00 0.00 0.00 0.00 0.00 0.00 0.00 0.00 0.00 0.00 
145 151 156 161 161 159 162 170 174 175 177 173 179 177 172 0.00 0.00 0.00 0.00 0.00 0.00 0.00 0.00 0.00 0.00 0.00 0.00 
