2016_CCC_ARR_IFD/catchment_depth_4min_86466aep.txt.asc
ncols         27
nrows         23
xllcorner     150.975
yllcorner     -33.6
cellsize      0.025
NODATA_value  -9999
4.09 4.07 4.11 4.13 4.10 4.07 4.08 4.12 4.17 4.27 4.37 4.42 4.44 4.52 4.56 4.61 4.60 4.68 4.73 4.79 4.85 4.89 4.94 4.99 5.04 5.09 5.13 
4.13 4.13 4.13 4.17 4.17 4.16 4.16 4.19 4.25 4.35 4.45 4.53 4.53 4.56 4.62 4.60 4.65 4.73 4.79 4.85 4.90 4.95 5.00 5.04 5.09 5.13 5.17 
4.13 4.16 4.19 4.20 4.20 4.21 4.23 4.25 4.34 4.41 4.48 4.54 4.55 4.55 4.65 4.71 4.71 4.76 4.84 4.91 4.96 5.01 5.05 5.09 5.13 5.17 5.21 
4.18 4.18 4.23 4.19 4.21 4.24 4.31 4.32 4.36 4.43 4.50 4.53 4.58 4.62 4.69 4.70 4.75 4.84 4.90 4.96 5.01 5.06 5.10 5.14 5.18 5.22 5.25 
4.20 4.20 4.25 4.23 4.26 4.30 4.34 4.38 4.46 4.55 4.55 4.54 4.64 4.65 4.72 4.75 4.81 4.90 4.96 5.02 5.07 5.12 5.15 5.19 5.22 5.26 5.29 
4.20 4.25 4.26 4.26 4.32 4.33 4.36 4.41 4.51 4.60 4.58 4.62 4.65 4.70 4.76 4.83 4.88 4.94 5.00 5.09 5.14 5.17 5.21 5.24 5.27 5.30 5.33 
4.21 4.25 4.27 4.30 4.37 4.37 4.42 4.48 4.56 4.66 4.65 4.66 4.69 4.79 4.81 4.90 4.95 5.00 5.07 5.14 5.19 5.22 5.25 5.28 5.31 5.34 5.37 
4.23 4.29 4.34 4.38 4.43 4.40 4.47 4.57 4.64 4.72 4.69 4.68 4.74 4.80 4.86 4.93 5.02 5.09 5.15 5.20 5.24 5.27 5.30 5.32 5.35 5.38 0.00 
4.26 4.33 4.36 4.43 4.44 4.47 4.49 4.64 4.67 4.77 4.83 4.79 4.79 4.85 4.91 4.99 5.08 5.16 5.22 5.26 5.29 5.32 5.34 5.36 5.38 5.41 0.00 
4.29 4.32 4.39 4.43 4.49 4.49 4.52 4.61 4.66 4.83 4.88 4.88 4.94 4.90 4.96 5.03 5.14 5.22 5.28 5.31 5.34 5.35 5.37 5.39 0.00 0.00 0.00 
4.30 4.34 4.38 4.40 4.52 4.52 4.58 4.69 4.77 4.90 4.96 4.89 4.90 5.02 5.01 5.07 5.17 5.26 5.32 5.35 5.37 5.39 5.41 5.43 5.45 0.00 0.00 
4.31 4.34 4.41 4.48 4.57 4.56 4.58 4.73 4.86 4.89 5.02 5.04 4.96 5.00 5.05 5.11 5.18 5.26 5.32 5.36 5.39 5.42 5.44 0.00 0.00 0.00 0.00 
4.33 4.38 4.45 4.52 4.58 4.59 4.60 4.78 4.88 4.86 5.02 5.04 5.11 5.01 5.07 5.13 5.20 5.27 5.33 5.37 5.41 5.44 0.00 0.00 0.00 0.00 0.00 
4.35 4.40 4.44 4.53 4.57 4.60 4.65 4.78 4.86 4.89 5.00 5.00 5.14 5.09 5.11 5.15 5.22 5.28 5.34 5.39 5.43 5.46 0.00 0.00 0.00 0.00 0.00 
4.35 4.40 4.45 4.53 4.61 4.67 4.67 4.75 4.89 4.88 4.95 5.06 5.14 5.10 5.09 5.16 5.23 5.30 5.36 5.41 5.46 0.00 0.00 0.00 0.00 0.00 0.00 
4.40 4.43 4.47 4.55 4.64 4.68 4.70 4.77 4.83 4.94 4.96 5.03 5.15 5.12 5.10 5.17 5.27 5.30 5.37 5.42 5.49 0.00 0.00 0.00 0.00 0.00 0.00 
4.43 4.47 4.50 4.55 4.62 4.73 4.76 4.77 4.90 4.97 4.99 5.01 5.14 5.13 5.12 5.19 5.26 5.33 5.38 5.44 0.00 0.00 0.00 0.00 0.00 0.00 0.00 
4.46 4.50 4.54 4.59 4.64 4.71 4.75 4.81 4.94 4.98 5.00 5.12 5.17 5.15 5.17 5.24 5.31 5.36 5.41 0.00 0.00 0.00 0.00 0.00 0.00 0.00 0.00 
4.49 4.54 4.60 4.66 4.72 4.79 4.80 4.89 4.99 5.00 5.06 5.12 5.19 5.17 5.22 5.27 5.34 5.40 5.46 0.00 0.00 0.00 0.00 0.00 0.00 0.00 0.00 
4.53 4.58 4.65 4.71 4.76 4.79 4.86 4.89 4.94 5.04 5.09 5.19 5.24 5.22 5.27 5.35 5.42 5.47 5.52 0.00 0.00 0.00 0.00 0.00 0.00 0.00 0.00 
4.58 4.65 4.68 4.73 4.78 4.84 4.88 4.95 5.02 5.04 5.10 5.20 5.30 5.28 5.35 5.40 5.46 5.50 0.00 0.00 0.00 0.00 0.00 0.00 0.00 0.00 0.00 
4.62 4.69 4.74 4.80 4.86 4.90 4.94 5.01 5.11 5.14 5.17 5.26 5.37 5.41 0.00 0.00 0.00 0.00 0.00 0.00 0.00 0.00 0.00 0.00 0.00 0.00 0.00 
4.67 4.73 4.79 4.86 4.89 4.93 4.99 5.09 5.17 5.24 5.31 5.34 5.42 5.45 5.45 0.00 0.00 0.00 0.00 0.00 0.00 0.00 0.00 0.00 0.00 0.00 0.00 
