2016_CCC_ARR_IFD/catchment_depth_15min_39347aep.txt.asc
ncols         27
nrows         23
xllcorner     150.975
yllcorner     -33.6
cellsize      0.025
NODATA_value  -9999
15.9 15.9 16.0 16.1 16.0 15.8 15.8 16.0 16.2 16.5 16.9 17.1 17.1 17.4 17.5 17.7 17.7 17.8 18.0 18.2 18.3 18.5 18.7 18.8 18.9 19.1 19.2 
16.1 16.1 16.1 16.2 16.2 16.1 16.1 16.2 16.4 16.8 17.1 17.4 17.4 17.5 17.8 17.7 17.8 18.0 18.1 18.3 18.4 18.6 18.8 18.9 19.0 19.2 19.3 
16.1 16.1 16.3 16.3 16.3 16.3 16.3 16.4 16.7 17.0 17.2 17.4 17.5 17.5 17.8 18.0 18.0 18.1 18.3 18.4 18.6 18.7 18.8 19.0 19.1 19.3 19.4 
16.2 16.2 16.4 16.2 16.3 16.3 16.6 16.6 16.7 17.0 17.3 17.4 17.5 17.7 17.9 17.9 18.1 18.2 18.4 18.5 18.7 18.8 19.0 19.1 19.2 19.4 19.5 
16.3 16.3 16.4 16.3 16.4 16.5 16.7 16.8 17.1 17.4 17.4 17.3 17.7 17.7 17.9 18.0 18.2 18.3 18.5 18.7 18.8 18.9 19.1 19.2 19.3 19.5 19.6 
16.3 16.4 16.4 16.4 16.6 16.6 16.7 16.8 17.2 17.5 17.4 17.5 17.7 17.8 18.0 18.1 18.3 18.5 18.6 18.8 18.9 19.0 19.2 19.3 19.4 19.6 19.7 
16.3 16.4 16.4 16.5 16.7 16.7 16.9 17.0 17.4 17.7 17.6 17.6 17.6 18.1 18.1 18.2 18.4 18.6 18.7 18.9 19.0 19.1 19.3 19.4 19.5 19.6 19.8 
16.3 16.5 16.7 16.8 16.9 16.8 17.0 17.3 17.6 17.9 17.7 17.6 17.8 18.0 18.2 18.3 18.5 18.7 18.8 19.0 19.1 19.2 19.3 19.4 19.6 19.7 0.00 
16.4 16.6 16.7 16.9 16.9 17.0 17.1 17.6 17.6 18.0 18.2 18.0 17.9 18.0 18.3 18.4 18.6 18.8 18.9 19.1 19.2 19.3 19.4 19.5 19.6 19.7 0.00 
16.5 16.6 16.8 16.9 17.1 17.1 17.1 17.4 17.6 18.1 18.3 18.3 18.5 18.2 18.3 18.5 18.7 18.9 19.0 19.2 19.3 19.4 19.5 19.6 0.00 0.00 0.00 
16.5 16.6 16.8 16.8 17.2 17.1 17.3 17.7 17.9 18.4 18.6 18.2 18.2 18.7 18.6 18.7 18.8 19.0 19.1 19.2 19.3 19.5 19.6 19.7 19.8 0.00 0.00 
16.6 16.7 16.8 17.0 17.3 17.2 17.3 17.8 18.2 18.3 18.7 18.8 18.4 18.5 18.6 18.8 18.9 19.0 19.2 19.3 19.4 19.5 19.6 0.00 0.00 0.00 0.00 
16.6 16.8 16.9 17.2 17.3 17.3 17.3 17.9 18.2 18.1 18.7 18.7 18.9 18.5 18.7 18.8 18.9 19.1 19.2 19.4 19.5 19.6 0.00 0.00 0.00 0.00 0.00 
16.7 16.8 16.9 17.2 17.3 17.3 17.4 17.9 18.1 18.2 18.5 18.5 19.0 18.8 18.8 18.9 19.0 19.2 19.3 19.4 19.6 19.7 0.00 0.00 0.00 0.00 0.00 
16.7 16.8 16.9 17.1 17.4 17.5 17.5 17.7 18.2 18.1 18.3 18.7 19.0 18.8 18.7 18.9 19.1 19.3 19.5 19.5 19.7 0.00 0.00 0.00 0.00 0.00 0.00 
16.8 16.9 17.0 17.2 17.5 17.5 17.5 17.7 17.9 18.3 18.3 18.5 19.0 18.8 18.8 19.0 19.3 19.3 19.5 19.6 19.9 0.00 0.00 0.00 0.00 0.00 0.00 
16.9 16.9 17.0 17.2 17.3 17.7 17.7 17.7 18.1 18.3 18.3 18.4 18.8 18.8 18.9 19.1 19.2 19.4 19.5 19.7 0.00 0.00 0.00 0.00 0.00 0.00 0.00 
16.9 17.0 17.1 17.2 17.4 17.5 17.6 17.8 18.2 18.3 18.3 18.7 18.9 18.9 18.9 19.2 19.4 19.5 19.6 0.00 0.00 0.00 0.00 0.00 0.00 0.00 0.00 
17.0 17.1 17.3 17.5 17.6 17.8 17.7 18.0 18.3 18.3 18.4 18.7 18.9 18.9 19.0 19.2 19.4 19.6 19.8 0.00 0.00 0.00 0.00 0.00 0.00 0.00 0.00 
17.2 17.3 17.5 17.7 17.7 17.8 17.9 17.9 18.0 18.3 18.5 18.9 19.0 19.0 19.1 19.4 19.7 19.8 20.0 0.00 0.00 0.00 0.00 0.00 0.00 0.00 0.00 
17.3 17.5 17.6 17.7 17.8 17.9 17.9 18.1 18.2 18.3 18.5 18.8 19.2 19.1 19.4 19.5 19.7 19.8 0.00 0.00 0.00 0.00 0.00 0.00 0.00 0.00 0.00 
17.4 17.7 17.8 18.0 18.1 18.2 18.1 18.3 18.7 18.6 18.6 19.0 19.4 19.5 0.00 0.00 0.00 0.00 0.00 0.00 0.00 0.00 0.00 0.00 0.00 0.00 0.00 
17.6 17.8 18.0 18.2 18.2 18.2 18.3 18.6 18.9 19.0 19.2 19.2 19.5 19.6 19.6 0.00 0.00 0.00 0.00 0.00 0.00 0.00 0.00 0.00 0.00 0.00 0.00 
