2016_CCC_ARR_IFD/catchment_depth_4min_00500aep.txt.asc
ncols         27
nrows         23
xllcorner     150.975
yllcorner     -33.6
cellsize      0.025
NODATA_value  -9999
17.7 17.7 18.0 18.2 18.2 18.2 18.4 18.8 19.1 19.7 20.2 20.5 20.8 21.1 21.4 21.6 22.1 22.3 22.7 23.0 23.3 23.5 23.8 24.0 24.2 24.4 24.6 
17.9 17.9 18.0 18.3 18.4 18.6 18.7 19.0 19.5 20.0 20.4 20.7 21.0 21.4 21.6 22.0 22.3 22.7 23.0 23.2 23.5 23.8 24.0 24.2 24.4 24.6 24.8 
17.7 18.0 18.3 18.4 18.5 18.7 19.0 19.3 19.9 20.3 20.7 21.0 21.3 21.7 21.9 22.2 22.7 23.0 23.3 23.6 23.8 24.0 24.3 24.5 24.7 24.9 25.1 
17.9 18.0 18.4 18.1 18.4 18.7 19.3 19.5 19.9 20.5 20.9 21.3 21.6 22.0 22.3 22.8 23.1 23.4 23.6 23.8 24.1 24.3 24.5 24.7 24.9 25.1 25.3 
17.9 18.0 18.3 18.1 18.5 18.9 19.3 19.8 20.3 20.8 21.2 21.6 22.0 22.5 22.8 23.2 23.5 23.8 24.0 24.2 24.4 24.6 24.7 25.0 25.1 25.3 25.5 
17.8 18.2 18.2 18.0 18.8 18.9 19.3 19.9 20.6 21.1 21.5 22.0 22.4 22.9 23.3 23.6 23.9 24.2 24.4 24.5 24.6 24.8 25.0 25.2 25.4 25.5 25.6 
17.7 18.0 18.0 18.2 18.9 19.1 19.6 20.2 20.8 21.3 21.8 22.3 22.7 23.1 23.7 23.9 24.3 24.6 24.7 24.8 24.9 25.1 25.2 25.4 25.6 25.7 25.9 
17.8 18.2 18.5 18.9 19.3 19.2 19.9 20.5 21.1 21.6 22.1 22.6 23.2 23.7 24.1 24.4 24.6 24.8 25.1 25.1 25.2 25.4 25.5 25.6 25.7 25.8 0.00 
17.9 18.4 18.6 19.1 19.3 19.6 20.0 20.9 21.3 21.8 22.3 22.9 23.5 24.0 24.4 24.6 24.9 25.2 25.4 25.5 25.5 25.6 25.7 25.8 25.9 25.9 0.00 
18.1 18.3 18.8 19.1 19.5 19.7 20.1 20.8 21.4 22.1 22.6 23.1 23.5 24.2 24.5 24.9 25.0 25.4 25.7 25.8 25.8 25.8 25.8 25.9 0.00 0.00 0.00 
18.1 18.4 18.7 18.9 19.7 19.9 20.4 21.1 21.7 22.3 22.7 23.2 23.7 24.1 24.7 25.0 25.3 25.6 25.8 25.8 25.8 25.9 26.0 26.1 26.2 0.00 0.00 
18.1 18.4 18.8 19.3 19.9 20.0 20.4 21.3 21.9 22.4 23.0 23.4 23.8 24.3 24.7 25.1 25.4 25.6 25.7 25.8 25.9 25.9 26.1 0.00 0.00 0.00 0.00 
18.2 18.6 19.0 19.5 19.9 20.1 20.4 21.4 22.0 22.3 23.0 23.4 23.8 24.2 24.7 25.0 25.3 25.6 25.7 25.8 25.9 25.9 0.00 0.00 0.00 0.00 0.00 
18.2 18.6 18.9 19.5 19.8 20.1 20.5 21.3 21.9 22.3 22.9 23.4 23.8 24.2 24.7 25.0 25.3 25.6 25.7 25.7 25.9 25.9 0.00 0.00 0.00 0.00 0.00 
18.2 18.5 18.8 19.4 19.9 20.3 20.5 21.1 21.9 22.2 22.8 23.3 23.7 24.2 24.5 24.9 25.3 25.5 25.7 25.7 25.9 0.00 0.00 0.00 0.00 0.00 0.00 
18.3 18.6 18.9 19.4 20.0 20.3 20.5 21.0 21.6 22.3 22.6 23.1 23.7 24.0 24.4 24.7 25.1 25.2 25.5 25.5 25.8 0.00 0.00 0.00 0.00 0.00 0.00 
18.4 18.7 18.9 19.3 19.7 20.4 20.7 20.7 21.7 22.2 22.5 22.8 23.5 23.8 23.9 24.4 24.7 25.0 25.0 25.2 0.00 0.00 0.00 0.00 0.00 0.00 0.00 
18.4 18.7 19.0 19.2 19.6 20.0 20.3 20.7 21.7 22.0 22.2 22.9 23.3 23.5 23.5 24.1 24.5 24.9 24.8 0.00 0.00 0.00 0.00 0.00 0.00 0.00 0.00 
18.5 18.8 19.3 19.6 20.0 20.4 20.4 21.0 21.6 21.7 22.1 22.6 23.0 22.9 23.2 23.6 24.1 24.5 24.7 0.00 0.00 0.00 0.00 0.00 0.00 0.00 0.00 
18.5 18.9 19.3 19.7 20.0 20.1 20.5 20.5 20.8 21.5 21.9 22.5 22.9 22.6 22.8 23.5 24.0 24.3 24.5 0.00 0.00 0.00 0.00 0.00 0.00 0.00 0.00 
18.6 19.2 19.3 19.6 19.9 20.2 20.2 20.6 21.0 20.9 21.2 21.9 22.6 22.3 22.8 23.1 23.5 23.7 0.00 0.00 0.00 0.00 0.00 0.00 0.00 0.00 0.00 
18.6 19.3 19.6 19.9 20.2 20.4 20.4 20.8 21.4 21.2 21.2 21.8 22.6 22.6 0.00 0.00 0.00 0.00 0.00 0.00 0.00 0.00 0.00 0.00 0.00 0.00 0.00 
18.7 19.3 19.7 20.1 20.2 20.0 20.3 21.0 21.4 21.6 21.8 21.6 22.2 22.2 21.9 0.00 0.00 0.00 0.00 0.00 0.00 0.00 0.00 0.00 0.00 0.00 0.00 
