2016_CCC_ARR_IFD/catchment_depth_20min_01000aep.txt.asc
ncols         27
nrows         23
xllcorner     150.975
yllcorner     -33.6
cellsize      0.025
NODATA_value  -9999
45.0 44.9 45.7 46.3 46.0 45.7 45.9 46.9 47.9 49.4 50.9 51.6 52.1 53.0 53.6 54.2 55.0 55.3 56.0 56.7 57.2 57.9 58.5 58.9 59.3 59.7 60.1 
45.5 45.5 45.7 46.4 46.6 46.6 46.6 47.4 48.6 50.2 51.4 52.2 52.8 53.4 54.0 54.8 55.4 55.9 56.4 56.9 57.6 58.1 58.6 59.1 59.5 59.9 60.4 
44.9 45.6 46.4 46.6 46.5 46.9 47.3 47.9 49.6 50.7 51.7 52.5 53.1 53.8 54.6 55.1 56.1 56.9 57.1 57.3 57.8 58.4 58.9 59.3 59.8 60.3 60.7 
45.6 45.6 46.6 45.5 46.0 46.6 48.1 48.5 49.4 50.7 51.9 52.7 53.6 54.4 55.1 56.1 56.9 57.1 57.5 57.8 58.3 58.7 59.2 59.7 60.1 60.6 61.2 
45.5 45.5 46.4 45.3 46.3 47.1 48.2 49.1 50.5 51.8 52.3 53.0 54.1 55.0 55.9 56.8 57.5 57.7 58.0 58.5 58.7 59.1 59.5 60.0 60.4 61.0 61.3 
45.2 46.3 46.1 45.0 47.0 47.2 47.9 49.2 51.0 52.3 52.8 53.8 54.8 55.8 56.6 57.0 58.0 58.6 59.0 58.7 58.9 59.4 59.9 60.3 60.8 61.3 61.5 
45.1 45.6 45.3 45.7 47.4 47.4 48.6 49.9 51.5 52.8 53.4 54.5 55.4 56.3 57.4 57.4 58.4 59.1 59.3 59.3 59.4 59.8 60.3 60.7 61.1 61.7 62.1 
45.4 46.3 47.0 47.7 48.4 48.0 49.4 51.0 52.2 53.4 54.0 55.1 56.4 57.4 58.0 58.7 58.8 59.1 59.6 59.7 59.9 60.3 60.7 60.9 61.3 61.7 0.00 
45.8 47.0 47.3 48.4 48.4 48.9 49.7 51.8 52.6 53.9 54.8 55.7 57.1 57.9 58.7 59.0 59.2 59.6 59.9 60.2 60.4 60.6 60.9 61.2 61.5 61.8 0.00 
46.3 46.6 47.7 48.3 49.1 49.4 50.2 51.6 52.8 54.4 55.3 56.2 57.1 58.5 58.8 59.6 59.4 59.9 60.3 60.7 60.9 61.0 61.2 61.5 0.00 0.00 0.00 
46.6 47.0 47.6 48.0 49.6 49.9 50.9 52.4 53.6 54.9 55.8 56.7 57.8 58.4 59.4 60.1 60.0 60.3 60.6 60.8 61.0 61.2 61.5 61.9 62.1 0.00 0.00 
46.7 47.3 48.1 49.0 50.3 50.4 51.1 52.9 54.3 55.1 56.3 57.1 58.0 58.9 59.6 60.2 60.7 60.7 60.7 60.9 61.2 61.4 61.7 0.00 0.00 0.00 0.00 
47.1 47.9 48.7 49.7 50.4 50.8 51.3 53.3 54.5 55.1 56.4 57.3 58.0 58.9 59.7 60.2 60.4 60.9 60.9 61.0 61.3 61.5 0.00 0.00 0.00 0.00 0.00 
47.4 48.1 48.7 49.9 50.4 51.0 51.8 53.4 54.5 55.3 56.5 57.3 58.1 59.0 59.9 60.3 60.9 61.4 61.3 61.1 61.5 61.5 0.00 0.00 0.00 0.00 0.00 
47.3 48.0 48.7 49.8 50.8 51.6 51.9 53.0 54.6 55.2 56.3 57.4 58.2 59.1 59.7 60.3 60.9 61.4 61.7 61.5 61.9 0.00 0.00 0.00 0.00 0.00 0.00 
48.0 48.3 48.8 50.0 51.1 51.7 52.0 53.0 54.1 55.4 56.2 57.2 58.2 59.0 59.7 60.4 60.9 60.9 61.3 61.3 62.1 0.00 0.00 0.00 0.00 0.00 0.00 
48.5 48.9 48.9 49.6 50.6 52.1 52.5 52.5 54.4 55.4 56.0 56.7 58.0 58.7 59.0 59.8 60.3 60.7 60.6 60.7 0.00 0.00 0.00 0.00 0.00 0.00 0.00 
48.6 49.2 49.4 49.5 50.5 51.3 51.8 52.6 54.5 55.1 55.5 57.0 57.8 58.2 58.2 59.4 60.2 60.5 60.3 0.00 0.00 0.00 0.00 0.00 0.00 0.00 0.00 
48.4 49.2 50.1 50.6 51.3 52.1 51.9 53.3 54.5 54.7 55.5 56.4 57.4 57.2 57.7 58.6 59.4 60.0 60.3 0.00 0.00 0.00 0.00 0.00 0.00 0.00 0.00 
48.2 49.3 50.2 50.9 51.3 51.5 52.3 52.2 53.0 54.4 55.1 56.3 57.1 56.7 57.2 58.5 59.3 59.7 60.1 0.00 0.00 0.00 0.00 0.00 0.00 0.00 0.00 
48.5 49.8 49.9 50.4 51.0 51.6 51.6 52.4 53.3 53.1 53.9 55.4 56.7 56.1 57.3 57.7 58.4 58.7 0.00 0.00 0.00 0.00 0.00 0.00 0.00 0.00 0.00 
48.4 49.7 50.4 51.0 51.6 51.9 51.9 52.7 54.0 53.9 53.9 55.1 56.5 56.9 0.00 0.00 0.00 0.00 0.00 0.00 0.00 0.00 0.00 0.00 0.00 0.00 0.00 
48.5 49.6 50.4 51.2 51.2 51.0 51.7 53.1 53.9 54.4 55.0 54.9 56.0 56.0 55.7 0.00 0.00 0.00 0.00 0.00 0.00 0.00 0.00 0.00 0.00 0.00 0.00 
