2016_CCC_ARR_IFD/catchment_depth_5760min_39347aep.txt.asc
ncols         27
nrows         23
xllcorner     150.975
yllcorner     -33.6
cellsize      0.025
NODATA_value  -9999
137 135 143 147 141 135 132 137 142 153 166 168 167 178 178 183 171 158 160 162 163 166 170 169 169 169 169 
144 143 144 149 148 145 140 142 150 162 174 184 179 178 186 170 165 160 160 162 164 166 168 168 169 169 170 
139 146 152 152 149 148 147 147 160 166 174 180 176 169 183 189 177 169 165 163 165 166 168 169 170 171 171 
148 148 155 144 145 146 156 154 155 164 172 172 175 175 183 174 174 166 166 166 168 169 170 171 171 173 177 
149 148 155 144 149 152 157 159 168 180 174 165 179 170 179 171 177 169 170 171 171 171 171 172 173 176 176 
145 156 153 144 156 153 151 156 172 183 173 173 173 173 179 169 175 177 178 172 172 173 173 174 176 179 176 
140 149 146 148 159 153 158 164 175 188 178 175 167 185 179 170 175 179 178 175 175 175 176 176 178 181 184 
139 154 159 163 167 154 164 175 183 192 180 170 174 178 185 181 176 176 178 176 176 177 178 176 177 178 0.00 
144 159 160 168 164 162 161 183 182 194 197 186 180 179 184 181 178 178 178 178 179 178 178 178 178 178 0.00 
149 150 161 163 168 163 162 173 177 196 198 195 200 187 183 186 179 179 180 181 181 180 179 180 0.00 0.00 0.00 
148 151 155 152 170 165 169 182 189 203 208 193 190 202 194 194 185 183 182 182 182 181 183 183 183 0.00 0.00 
143 148 156 164 175 168 165 185 199 197 210 209 195 196 196 196 194 188 185 184 184 184 185 0.00 0.00 0.00 0.00 
145 154 161 170 173 168 165 188 198 191 207 207 212 194 196 194 192 193 188 187 187 186 0.00 0.00 0.00 0.00 0.00 
146 152 156 168 167 167 170 186 193 193 203 200 213 204 201 198 199 201 195 190 190 188 0.00 0.00 0.00 0.00 0.00 
142 148 152 163 170 175 169 178 194 189 195 204 211 203 200 201 202 204 203 196 197 0.00 0.00 0.00 0.00 0.00 0.00 
150 149 151 162 174 174 170 177 183 194 194 199 210 204 203 204 207 200 201 197 208 0.00 0.00 0.00 0.00 0.00 0.00 
153 154 152 157 165 179 178 172 189 195 193 194 205 203 203 204 202 201 197 195 0.00 0.00 0.00 0.00 0.00 0.00 0.00 
153 157 157 156 163 168 170 174 192 192 190 202 205 201 198 203 204 202 197 0.00 0.00 0.00 0.00 0.00 0.00 0.00 0.00 
152 157 166 169 175 180 173 184 194 189 193 197 202 194 195 197 200 201 200 0.00 0.00 0.00 0.00 0.00 0.00 0.00 0.00 
153 161 169 175 176 174 180 174 178 189 191 199 202 191 191 199 203 204 203 0.00 0.00 0.00 0.00 0.00 0.00 0.00 0.00 
158 170 169 171 175 179 175 180 185 178 181 191 200 188 194 194 197 196 0.00 0.00 0.00 0.00 0.00 0.00 0.00 0.00 0.00 
160 172 178 183 186 186 181 186 197 189 183 190 203 199 0.00 0.00 0.00 0.00 0.00 0.00 0.00 0.00 0.00 0.00 0.00 0.00 0.00 
164 175 182 189 186 179 183 194 199 199 200 191 199 192 183 0.00 0.00 0.00 0.00 0.00 0.00 0.00 0.00 0.00 0.00 0.00 0.00 
