2016_CCC_ARR_IFD/catchment_depth_45min_86466aep.txt.asc
ncols         27
nrows         23
xllcorner     150.975
yllcorner     -33.6
cellsize      0.025
NODATA_value  -9999
15.3 15.2 15.3 15.5 15.3 15.2 15.2 15.4 15.6 16.0 16.4 16.5 16.6 16.9 17.1 17.2 17.1 17.2 17.4 17.6 17.8 18.0 18.1 18.3 18.5 18.6 18.8 
15.4 15.4 15.4 15.5 15.6 15.5 15.5 15.6 15.8 16.2 16.6 16.9 16.9 17.0 17.3 17.1 17.2 17.4 17.6 17.8 17.9 18.1 18.3 18.4 18.6 18.7 18.9 
15.3 15.5 15.6 15.6 15.6 15.7 15.7 15.8 16.2 16.4 16.7 16.9 16.9 16.9 17.3 17.5 17.4 17.5 17.7 17.9 18.1 18.3 18.4 18.6 18.7 18.8 19.0 
15.5 15.5 15.7 15.6 15.6 15.7 16.0 16.0 16.1 16.4 16.7 16.8 17.0 17.1 17.4 17.3 17.5 17.7 17.9 18.1 18.3 18.4 18.6 18.7 18.8 19.0 19.1 
15.5 15.6 15.7 15.6 15.8 15.9 16.1 16.2 16.5 16.9 16.8 16.7 17.1 17.1 17.4 17.4 17.6 17.8 18.0 18.2 18.4 18.6 18.7 18.8 19.0 19.1 19.2 
15.5 15.7 15.8 15.7 16.0 16.0 16.1 16.2 16.7 17.0 16.9 17.0 17.1 17.2 17.4 17.6 17.8 18.0 18.2 18.4 18.6 18.7 18.8 18.9 19.1 19.2 19.3 
15.5 15.7 15.7 15.8 16.1 16.1 16.3 16.5 16.8 17.2 17.1 17.1 17.1 17.5 17.5 17.7 17.9 18.1 18.4 18.6 18.7 18.9 19.0 19.1 19.2 19.3 19.4 
15.6 15.8 16.0 16.1 16.3 16.2 16.4 16.8 17.1 17.4 17.2 17.1 17.2 17.4 17.7 17.9 18.1 18.3 18.5 18.7 18.9 19.0 19.1 19.2 19.3 19.4 0.00 
15.7 15.9 16.0 16.3 16.3 16.4 16.4 17.0 17.1 17.5 17.7 17.5 17.4 17.5 17.8 18.0 18.3 18.5 18.7 18.9 19.0 19.1 19.2 19.3 19.4 19.5 0.00 
15.7 15.8 16.1 16.2 16.4 16.4 16.5 16.8 17.0 17.7 17.8 17.8 18.0 17.7 17.9 18.1 18.4 18.7 18.9 19.0 19.1 19.2 19.2 19.3 0.00 0.00 0.00 
15.8 15.9 16.0 16.1 16.5 16.5 16.7 17.1 17.4 17.9 18.1 17.7 17.7 18.2 18.1 18.3 18.5 18.7 18.9 19.0 19.1 19.2 19.3 19.4 19.5 0.00 0.00 
15.8 15.9 16.1 16.3 16.7 16.6 16.7 17.2 17.7 17.8 18.3 18.3 17.9 18.0 18.2 18.3 18.5 18.7 18.9 19.1 19.2 19.3 19.4 0.00 0.00 0.00 0.00 
15.8 16.0 16.2 16.5 16.7 16.7 16.7 17.4 17.7 17.6 18.2 18.3 18.5 18.0 18.2 18.3 18.5 18.8 18.9 19.1 19.2 19.3 0.00 0.00 0.00 0.00 0.00 
15.9 16.0 16.2 16.5 16.6 16.7 16.8 17.3 17.6 17.7 18.1 18.0 18.6 18.3 18.3 18.4 18.6 18.8 19.0 19.1 19.3 19.4 0.00 0.00 0.00 0.00 0.00 
15.9 16.0 16.2 16.4 16.7 16.9 16.9 17.1 17.7 17.6 17.8 18.2 18.5 18.3 18.2 18.4 18.6 18.9 19.1 19.2 19.3 0.00 0.00 0.00 0.00 0.00 0.00 
16.0 16.1 16.2 16.5 16.8 16.9 16.9 17.1 17.4 17.7 17.8 18.0 18.5 18.3 18.2 18.4 18.8 18.8 19.1 19.2 19.6 0.00 0.00 0.00 0.00 0.00 0.00 
16.1 16.2 16.3 16.4 16.7 17.1 17.1 17.1 17.6 17.8 17.8 17.9 18.4 18.3 18.3 18.5 18.7 18.9 19.1 19.3 0.00 0.00 0.00 0.00 0.00 0.00 0.00 
16.1 16.3 16.4 16.5 16.7 16.9 17.0 17.2 17.7 17.8 17.8 18.3 18.5 18.3 18.4 18.6 18.9 19.0 19.2 0.00 0.00 0.00 0.00 0.00 0.00 0.00 0.00 
16.2 16.3 16.6 16.8 17.0 17.2 17.2 17.5 17.8 17.8 18.0 18.2 18.5 18.4 18.6 18.8 19.0 19.2 19.4 0.00 0.00 0.00 0.00 0.00 0.00 0.00 0.00 
16.3 16.5 16.7 16.9 17.1 17.2 17.4 17.4 17.6 17.9 18.1 18.5 18.7 18.6 18.7 19.0 19.3 19.5 19.6 0.00 0.00 0.00 0.00 0.00 0.00 0.00 0.00 
16.5 16.7 16.8 17.0 17.1 17.3 17.4 17.6 17.8 17.9 18.1 18.5 18.8 18.7 19.0 19.2 19.4 19.5 0.00 0.00 0.00 0.00 0.00 0.00 0.00 0.00 0.00 
16.6 16.8 17.0 17.2 17.4 17.5 17.6 17.9 18.2 18.2 18.3 18.7 19.1 19.2 0.00 0.00 0.00 0.00 0.00 0.00 0.00 0.00 0.00 0.00 0.00 0.00 0.00 
16.8 17.0 17.2 17.4 17.5 17.6 17.8 18.1 18.4 18.6 18.9 18.9 19.3 19.4 19.4 0.00 0.00 0.00 0.00 0.00 0.00 0.00 0.00 0.00 0.00 0.00 0.00 
