2016_CCC_ARR_IFD/catchment_depth_540min_39347aep.txt.asc
ncols         27
nrows         23
xllcorner     150.975
yllcorner     -33.6
cellsize      0.025
NODATA_value  -9999
55.8 55.7 57.5 58.6 57.9 57.1 57.1 58.6 60.1 62.7 65.8 66.9 67.1 69.8 70.4 71.7 70.3 69.1 70.2 71.2 71.9 73.0 74.0 74.4 74.8 75.3 75.8 
57.1 57.3 57.9 59.2 59.5 59.4 59.0 60.0 61.9 64.7 67.7 70.1 69.8 70.1 72.2 69.9 69.6 70.0 70.8 71.8 72.7 73.6 74.4 74.9 75.5 76.0 76.5 
56.5 58.0 59.6 60.0 59.9 60.4 60.7 61.3 64.2 66.0 68.1 69.7 69.6 68.9 72.0 73.7 72.1 71.3 72.1 72.7 73.6 74.4 75.0 75.7 76.4 76.9 77.3 
58.1 58.6 60.4 58.8 59.6 60.4 62.8 62.9 63.8 66.1 68.2 68.7 69.8 70.5 72.5 71.4 72.0 72.2 73.1 73.9 74.8 75.4 76.0 76.7 77.2 77.8 78.8 
58.4 58.7 60.6 59.2 60.7 61.8 63.3 64.3 66.6 69.3 68.9 68.1 71.1 70.2 72.4 71.7 73.2 73.5 74.4 75.4 76.0 76.5 76.9 77.5 78.1 78.8 79.3 
58.1 60.4 60.4 59.5 62.2 62.3 62.8 64.4 67.7 70.4 69.3 70.0 70.6 71.4 72.9 72.8 74.1 75.1 76.1 76.6 77.2 77.7 78.1 78.4 79.1 79.9 79.8 
57.5 59.4 59.6 60.5 63.2 62.8 64.5 66.2 68.9 71.8 70.9 71.0 70.7 74.0 73.8 74.0 75.4 76.6 77.5 78.0 78.4 78.8 79.2 79.4 80.0 80.8 81.5 
57.7 60.7 62.2 63.5 64.9 63.5 65.9 68.7 70.9 73.2 71.8 71.0 72.4 73.7 75.3 76.0 76.8 77.8 78.8 79.2 79.5 79.9 80.1 80.1 80.5 80.8 0.00 
58.7 61.7 62.6 64.8 64.9 65.4 66.0 70.6 71.3 74.2 75.5 74.1 74.0 74.8 76.3 77.1 78.2 79.3 80.1 80.5 80.7 80.6 80.7 80.8 81.1 81.2 0.00 
59.6 60.5 63.2 64.3 66.0 66.0 66.5 69.3 70.8 75.3 76.4 76.5 77.9 76.5 77.1 78.5 79.2 80.6 81.5 81.8 81.7 81.4 81.4 81.6 0.00 0.00 0.00 
59.8 60.9 62.4 62.8 66.8 66.7 68.3 71.5 73.6 77.0 78.7 76.6 76.8 79.6 79.0 79.9 80.4 81.5 82.2 82.2 82.1 82.0 82.3 82.5 82.6 0.00 0.00 
59.3 60.8 63.0 65.2 68.0 67.6 68.1 72.5 75.9 76.5 79.9 80.3 78.1 79.0 79.9 80.6 81.5 82.0 82.2 82.4 82.5 82.5 82.8 0.00 0.00 0.00 0.00 
59.9 62.0 64.0 66.5 68.0 68.1 68.5 73.5 76.1 75.7 79.6 80.2 81.7 79.0 80.1 80.7 81.3 82.4 82.3 82.5 82.8 82.9 0.00 0.00 0.00 0.00 0.00 
60.3 62.0 63.5 66.4 67.4 68.4 69.8 73.4 75.6 76.4 79.1 79.2 82.3 81.1 81.1 81.2 82.2 83.3 83.0 82.7 83.2 83.1 0.00 0.00 0.00 0.00 0.00 
60.2 61.7 63.3 65.9 68.2 70.0 70.1 72.5 76.2 76.2 77.9 80.3 82.3 81.1 80.5 81.3 82.5 83.6 84.1 83.4 84.3 0.00 0.00 0.00 0.00 0.00 0.00 
61.3 62.2 63.6 66.1 69.1 70.2 70.8 72.8 74.8 77.4 78.0 79.7 82.3 81.4 80.5 81.7 83.4 82.6 83.5 83.3 86.0 0.00 0.00 0.00 0.00 0.00 0.00 
61.9 62.8 64.1 65.9 68.1 71.5 72.5 72.3 76.3 78.2 78.5 78.8 81.7 81.2 80.1 81.2 81.8 82.6 82.4 82.6 0.00 0.00 0.00 0.00 0.00 0.00 0.00 
62.2 63.5 65.0 66.3 68.4 70.4 71.7 73.5 77.2 78.2 78.3 81.1 82.0 80.8 79.7 81.4 82.5 82.8 82.3 0.00 0.00 0.00 0.00 0.00 0.00 0.00 0.00 
63.0 64.4 66.7 68.4 70.5 72.5 72.8 75.6 78.0 78.4 79.5 80.6 81.9 79.4 79.6 80.6 81.8 82.7 83.2 0.00 0.00 0.00 0.00 0.00 0.00 0.00 0.00 
63.7 65.6 67.8 69.8 71.2 72.2 74.4 74.5 76.3 79.0 79.9 81.5 82.3 79.4 79.5 81.9 83.2 83.8 84.1 0.00 0.00 0.00 0.00 0.00 0.00 0.00 0.00 
65.0 67.6 68.3 69.8 71.4 73.3 74.0 76.2 78.2 77.0 77.9 80.5 82.4 79.2 81.0 81.1 82.2 82.1 0.00 0.00 0.00 0.00 0.00 0.00 0.00 0.00 0.00 
65.8 68.6 70.3 72.0 73.5 74.6 75.3 77.3 79.6 79.9 78.8 80.6 83.1 82.7 0.00 0.00 0.00 0.00 0.00 0.00 0.00 0.00 0.00 0.00 0.00 0.00 0.00 
66.9 69.4 71.4 73.3 73.7 73.8 75.6 78.3 80.0 81.0 81.8 80.8 82.5 81.3 78.8 0.00 0.00 0.00 0.00 0.00 0.00 0.00 0.00 0.00 0.00 0.00 0.00 
