2016_CCC_ARR_IFD/catchment_depth_15min_95021aep.txt.asc
ncols         27
nrows         23
xllcorner     150.975
yllcorner     -33.6
cellsize      0.025
NODATA_value  -9999
7.92 7.89 7.97 8.02 7.96 7.90 7.90 7.99 8.09 8.27 8.48 8.56 8.60 8.78 8.85 8.95 8.94 9.03 9.14 9.25 9.35 9.46 9.56 9.66 9.76 9.85 9.94 
8.00 8.00 8.02 8.08 8.09 8.08 8.05 8.12 8.24 8.43 8.62 8.79 8.79 8.84 8.98 8.92 9.01 9.12 9.22 9.33 9.43 9.54 9.64 9.73 9.82 9.92 10.0 
8.00 8.06 8.14 8.15 8.14 8.17 8.19 8.23 8.41 8.54 8.68 8.79 8.81 8.82 9.01 9.14 9.12 9.20 9.31 9.41 9.51 9.61 9.71 9.80 9.90 9.98 10.1 
8.10 8.12 8.20 8.14 8.17 8.21 8.35 8.36 8.42 8.57 8.71 8.77 8.86 8.94 9.08 9.09 9.19 9.28 9.39 9.49 9.60 9.69 9.79 9.88 9.97 10.1 10.1 
8.13 8.16 8.24 8.20 8.27 8.33 8.41 8.47 8.62 8.79 8.79 8.76 8.97 8.95 9.11 9.15 9.27 9.36 9.47 9.58 9.69 9.78 9.86 9.95 10.0 10.1 10.2 
8.14 8.25 8.27 8.26 8.37 8.39 8.42 8.51 8.71 8.89 8.84 8.89 8.95 9.04 9.17 9.21 9.33 9.45 9.56 9.66 9.77 9.86 9.94 10.0 10.1 10.2 10.3 
8.14 8.24 8.26 8.32 8.45 8.44 8.53 8.63 8.80 9.00 8.95 8.96 8.95 9.21 9.22 9.27 9.40 9.53 9.64 9.74 9.84 9.93 10.0 10.1 10.2 10.3 10.3 
8.16 8.31 8.39 8.47 8.55 8.48 8.62 8.80 8.95 9.11 9.01 8.94 9.04 9.16 9.32 9.38 9.47 9.59 9.71 9.81 9.90 10.0 10.1 10.2 10.2 10.3 0.00 
8.21 8.37 8.43 8.55 8.57 8.60 8.63 8.93 8.98 9.20 9.30 9.18 9.13 9.20 9.34 9.43 9.54 9.66 9.77 9.88 9.97 10.1 10.1 10.2 10.3 10.4 0.00 
8.26 8.31 8.47 8.54 8.64 8.63 8.65 8.83 8.93 9.28 9.37 9.36 9.48 9.32 9.37 9.50 9.60 9.73 9.84 9.95 10.0 10.1 10.2 10.3 0.00 0.00 0.00 
8.27 8.34 8.42 8.43 8.69 8.67 8.77 8.99 9.14 9.42 9.55 9.33 9.33 9.60 9.52 9.61 9.67 9.79 9.90 9.99 10.1 10.2 10.3 10.3 10.4 0.00 0.00 
8.25 8.33 8.45 8.59 8.77 8.72 8.73 9.06 9.32 9.35 9.64 9.67 9.43 9.50 9.57 9.65 9.75 9.84 9.93 10.0 10.1 10.2 10.3 0.00 0.00 0.00 0.00 
8.28 8.40 8.52 8.68 8.77 8.75 8.74 9.13 9.33 9.25 9.60 9.64 9.77 9.47 9.58 9.66 9.76 9.88 9.98 10.1 10.2 10.3 0.00 0.00 0.00 0.00 0.00 
8.31 8.41 8.48 8.67 8.71 8.75 8.82 9.10 9.26 9.29 9.53 9.50 9.81 9.67 9.66 9.71 9.83 9.97 10.0 10.1 10.2 10.3 0.00 0.00 0.00 0.00 0.00 
8.30 8.38 8.46 8.64 8.78 8.88 8.83 8.98 9.30 9.24 9.37 9.61 9.80 9.65 9.63 9.74 9.88 10.0 10.1 10.2 10.3 0.00 0.00 0.00 0.00 0.00 0.00 
8.40 8.43 8.49 8.65 8.84 8.88 8.87 8.99 9.12 9.34 9.36 9.51 9.79 9.69 9.65 9.79 9.99 10.0 10.2 10.2 10.4 0.00 0.00 0.00 0.00 0.00 0.00 
8.46 8.51 8.54 8.62 8.75 8.99 9.00 8.96 9.25 9.39 9.39 9.43 9.71 9.69 9.71 9.84 9.96 10.1 10.2 10.3 0.00 0.00 0.00 0.00 0.00 0.00 0.00 
8.50 8.58 8.62 8.67 8.77 8.86 8.93 9.02 9.33 9.37 9.37 9.65 9.76 9.72 9.78 9.92 10.1 10.2 10.2 0.00 0.00 0.00 0.00 0.00 0.00 0.00 0.00 
8.55 8.63 8.76 8.85 8.95 9.06 9.00 9.19 9.40 9.35 9.47 9.61 9.78 9.74 9.86 9.99 10.1 10.2 10.4 0.00 0.00 0.00 0.00 0.00 0.00 0.00 0.00 
8.62 8.72 8.84 8.96 9.01 9.02 9.14 9.12 9.21 9.40 9.51 9.74 9.87 9.83 9.95 10.1 10.3 10.4 10.5 0.00 0.00 0.00 0.00 0.00 0.00 0.00 0.00 
8.72 8.86 8.89 8.97 9.04 9.13 9.15 9.24 9.35 9.40 9.53 9.72 9.97 9.94 10.1 10.2 10.3 10.4 0.00 0.00 0.00 0.00 0.00 0.00 0.00 0.00 0.00 
8.80 8.95 9.05 9.15 9.23 9.28 9.29 9.40 9.63 9.58 9.65 9.85 10.1 10.2 0.00 0.00 0.00 0.00 0.00 0.00 0.00 0.00 0.00 0.00 0.00 0.00 0.00 
8.90 9.03 9.15 9.27 9.29 9.30 9.40 9.60 9.75 9.85 9.99 10.0 10.2 10.3 10.3 0.00 0.00 0.00 0.00 0.00 0.00 0.00 0.00 0.00 0.00 0.00 0.00 
