2016_CCC_ARR_IFD/catchment_depth_360min_86466aep.txt.asc
ncols         27
nrows         23
xllcorner     150.975
yllcorner     -33.6
cellsize      0.025
NODATA_value  -9999
30.1 30.0 30.8 31.3 31.0 30.5 30.5 31.2 31.9 33.1 34.6 35.1 35.1 36.4 36.7 37.3 36.6 36.2 36.7 37.2 37.5 38.0 38.5 38.7 39.0 39.3 39.5 
30.7 30.7 31.0 31.6 31.6 31.6 31.4 31.8 32.7 34.0 35.4 36.6 36.4 36.5 37.5 36.4 36.3 36.6 37.1 37.5 38.0 38.4 38.8 39.1 39.4 39.6 39.9 
30.4 31.0 31.7 31.9 31.8 32.0 32.1 32.4 33.7 34.5 35.5 36.3 36.2 35.9 37.3 38.1 37.3 37.1 37.6 38.0 38.4 38.8 39.1 39.5 39.8 40.1 40.3 
31.1 31.2 32.0 31.3 31.6 32.0 33.1 33.1 33.5 34.5 35.5 35.7 36.2 36.5 37.5 37.0 37.3 37.6 38.2 38.6 39.0 39.4 39.7 40.0 40.2 40.5 40.9 
31.2 31.3 32.1 31.4 32.1 32.6 33.2 33.7 34.7 36.0 35.7 35.4 36.8 36.4 37.4 37.2 37.8 38.3 38.8 39.3 39.7 39.9 40.1 40.4 40.7 41.0 41.2 
31.0 32.0 32.0 31.6 32.8 32.8 33.0 33.7 35.2 36.4 35.9 36.2 36.5 36.9 37.6 37.8 38.4 38.9 39.4 39.9 40.3 40.5 40.7 40.9 41.2 41.5 41.5 
30.7 31.5 31.6 32.0 33.2 33.0 33.7 34.5 35.7 37.0 36.6 36.7 36.7 38.0 38.0 38.5 39.1 39.6 40.2 40.6 40.9 41.1 41.2 41.3 41.6 41.9 42.2 
30.8 32.1 32.7 33.3 33.9 33.3 34.4 35.6 36.6 37.6 37.0 36.8 37.4 38.0 38.7 39.2 39.8 40.4 40.9 41.2 41.4 41.6 41.7 41.7 41.8 42.0 0.00 
31.2 32.5 32.9 33.9 33.9 34.1 34.4 36.4 36.8 38.1 38.6 38.0 38.0 38.5 39.2 39.8 40.5 41.1 41.6 41.8 41.9 41.9 42.0 42.0 42.1 42.2 0.00 
31.6 32.0 33.2 33.7 34.4 34.4 34.7 35.9 36.6 38.5 39.0 39.1 39.7 39.2 39.7 40.3 41.0 41.8 42.3 42.4 42.4 42.3 42.3 42.4 0.00 0.00 0.00 
31.7 32.2 32.8 33.0 34.8 34.7 35.5 36.9 37.8 39.3 40.1 39.1 39.3 40.5 40.3 40.8 41.4 42.2 42.6 42.6 42.5 42.5 42.6 42.7 42.8 0.00 0.00 
31.5 32.1 33.1 34.1 35.3 35.2 35.4 37.3 38.8 39.1 40.6 40.7 39.9 40.3 40.7 41.2 41.7 42.2 42.5 42.6 42.7 42.7 42.8 0.00 0.00 0.00 0.00 
31.8 32.7 33.6 34.7 35.3 35.4 35.6 37.8 38.9 38.8 40.5 40.7 41.4 40.3 40.8 41.2 41.7 42.2 42.4 42.5 42.7 42.8 0.00 0.00 0.00 0.00 0.00 
31.9 32.7 33.4 34.7 35.1 35.6 36.2 37.8 38.8 39.1 40.3 40.3 41.7 41.2 41.3 41.4 41.9 42.4 42.5 42.5 42.8 42.8 0.00 0.00 0.00 0.00 0.00 
31.9 32.6 33.3 34.5 35.5 36.3 36.4 37.4 39.1 39.1 39.8 40.9 41.8 41.2 41.0 41.4 42.0 42.6 42.9 42.7 43.1 0.00 0.00 0.00 0.00 0.00 0.00 
32.4 32.8 33.5 34.6 35.9 36.4 36.8 37.7 38.5 39.7 40.0 40.7 41.8 41.4 40.9 41.5 42.4 42.1 42.6 42.7 43.9 0.00 0.00 0.00 0.00 0.00 0.00 
32.7 33.1 33.7 34.6 35.6 37.0 37.5 37.6 39.2 40.1 40.3 40.4 41.6 41.4 40.8 41.4 41.7 42.1 42.2 42.5 0.00 0.00 0.00 0.00 0.00 0.00 0.00 
32.9 33.5 34.2 34.8 35.8 36.7 37.4 38.2 39.7 40.2 40.3 41.5 41.9 41.3 40.9 41.6 42.1 42.3 42.2 0.00 0.00 0.00 0.00 0.00 0.00 0.00 0.00 
33.2 33.8 34.9 35.7 36.6 37.6 37.9 39.1 40.1 40.4 41.0 41.4 42.0 40.9 41.0 41.4 42.0 42.4 42.7 0.00 0.00 0.00 0.00 0.00 0.00 0.00 0.00 
33.6 34.4 35.4 36.3 36.9 37.6 38.6 38.9 39.7 40.9 41.3 42.0 42.3 41.1 41.2 42.2 42.8 43.1 43.3 0.00 0.00 0.00 0.00 0.00 0.00 0.00 0.00 
34.2 35.2 35.6 36.3 37.1 38.0 38.6 39.6 40.6 40.2 40.7 41.8 42.6 41.3 42.0 42.1 42.5 42.5 0.00 0.00 0.00 0.00 0.00 0.00 0.00 0.00 0.00 
34.5 35.7 36.4 37.2 37.9 38.5 39.1 40.1 41.1 41.5 41.3 42.0 43.0 42.9 0.00 0.00 0.00 0.00 0.00 0.00 0.00 0.00 0.00 0.00 0.00 0.00 0.00 
35.0 36.0 36.9 37.7 38.0 38.4 39.3 40.5 41.3 41.9 42.4 42.2 43.0 42.6 41.5 0.00 0.00 0.00 0.00 0.00 0.00 0.00 0.00 0.00 0.00 0.00 0.00 
