2016_CCC_ARR_IFD/catchment_depth_4320min_86466aep.txt.asc
ncols         27
nrows         23
xllcorner     150.975
yllcorner     -33.6
cellsize      0.025
NODATA_value  -9999
76.8 75.7 80.0 82.2 79.3 75.8 73.9 76.8 79.4 85.1 91.8 93.2 92.1 98.1 98.2 100 93.7 85.8 87.0 88.3 88.8 90.8 92.7 92.6 92.7 93.0 93.3 
80.3 80.1 80.9 83.4 82.8 81.2 78.3 79.5 83.5 89.8 96.3 102 98.9 98.0 102 93.1 89.3 87.0 87.2 88.1 89.6 90.9 91.9 92.4 93.0 93.4 93.9 
77.8 81.4 85.1 84.8 83.1 83.0 82.2 82.3 89.0 92.3 96.5 99.2 96.9 92.9 100 104 96.2 91.5 89.7 89.0 90.1 91.1 91.8 92.7 93.8 94.3 94.7 
82.5 82.5 86.5 80.4 81.2 81.7 87.2 85.5 86.3 91.1 95.4 94.8 96.3 96.1 100 94.6 94.3 90.4 90.6 90.5 91.8 92.3 93.0 93.8 94.4 95.4 97.5 
82.7 82.3 86.2 80.5 83.2 84.8 87.2 88.4 93.4 99.5 96.0 90.9 98.3 92.9 98.0 93.2 96.0 92.1 92.3 93.3 93.4 93.5 93.7 94.6 95.4 96.9 97.4 
80.7 86.4 84.9 80.3 86.7 84.9 84.1 86.8 95.1 101 95.4 95.2 94.7 94.7 97.4 91.9 95.2 96.1 96.5 93.9 94.2 94.8 95.1 95.5 96.9 98.5 97.6 
77.9 82.5 81.1 82.2 88.3 84.7 87.7 90.7 96.7 104 98.2 96.0 91.6 101 97.8 92.6 95.2 97.6 97.1 95.8 95.6 96.1 96.4 96.7 98.0 99.8 101 
77.3 85.4 88.0 90.1 92.1 85.2 90.5 96.7 101 106 98.9 93.6 95.6 97.3 101 98.8 96.1 95.9 97.0 96.5 96.3 97.2 97.6 97.0 97.8 98.5 0.00 
79.8 87.6 88.4 92.6 90.6 89.7 89.1 101 100 107 108 102 98.7 97.8 101 98.7 97.3 97.3 97.3 97.7 98.0 97.6 97.7 97.9 98.4 98.5 0.00 
82.0 82.5 89.0 90.0 92.8 90.1 89.1 95.0 97.1 108 109 107 109 102 99.9 101 98.0 98.3 98.5 99.5 99.3 98.7 98.8 99.2 0.00 0.00 0.00 
81.4 83.0 85.2 83.6 93.7 90.7 93.2 99.9 103 111 114 105 104 110 106 106 101 100 99.7 99.8 99.8 99.8 101 101 101 0.00 0.00 
78.7 81.2 85.9 90.1 96.0 92.1 91.0 101 108 108 115 114 107 107 107 107 106 103 101 101 101 101 102 0.00 0.00 0.00 0.00 
79.7 84.4 88.1 93.0 94.9 92.4 90.7 103 108 105 113 113 115 106 107 106 105 106 103 103 103 102 0.00 0.00 0.00 0.00 0.00 
80.2 83.3 85.3 91.7 91.7 91.8 93.2 101 105 105 111 109 116 112 110 108 109 110 107 104 105 104 0.00 0.00 0.00 0.00 0.00 
77.9 80.8 83.1 89.1 93.1 95.6 92.9 97.3 106 104 107 111 115 111 110 110 111 112 111 107 109 0.00 0.00 0.00 0.00 0.00 0.00 
81.6 81.5 82.6 88.4 94.6 94.8 93.3 96.9 100 106 106 109 114 112 111 112 113 110 110 108 114 0.00 0.00 0.00 0.00 0.00 0.00 
83.0 83.6 83.0 85.8 89.9 97.5 97.2 94.3 103 107 106 106 112 111 111 112 111 110 108 107 0.00 0.00 0.00 0.00 0.00 0.00 0.00 
83.0 85.0 85.5 85.4 89.0 91.9 93.2 95.6 105 105 104 111 112 110 109 111 112 111 108 0.00 0.00 0.00 0.00 0.00 0.00 0.00 0.00 
82.4 85.2 89.7 91.9 94.9 97.9 94.7 100 106 104 106 108 111 107 107 108 110 111 110 0.00 0.00 0.00 0.00 0.00 0.00 0.00 0.00 
82.8 87.1 91.2 94.7 95.5 94.9 98.2 95.6 97.9 104 105 109 111 105 105 110 111 112 112 0.00 0.00 0.00 0.00 0.00 0.00 0.00 0.00 
85.2 91.5 91.0 92.8 94.7 97.2 95.9 98.7 101 98.2 100 105 110 104 107 107 109 108 0.00 0.00 0.00 0.00 0.00 0.00 0.00 0.00 0.00 
85.9 92.6 95.7 98.5 100 101 99.0 102 107 104 101 105 111 110 0.00 0.00 0.00 0.00 0.00 0.00 0.00 0.00 0.00 0.00 0.00 0.00 0.00 
87.9 93.7 97.7 101 100 97.7 100 106 108 109 110 105 109 106 101 0.00 0.00 0.00 0.00 0.00 0.00 0.00 0.00 0.00 0.00 0.00 0.00 
