2016_CCC_ARR_IFD/catchment_depth_10080min_50000aep.txt.asc
ncols         27
nrows         23
xllcorner     150.975
yllcorner     -33.6
cellsize      0.025
NODATA_value  -9999
133 131 139 143 138 132 129 135 139 149 162 164 163 174 175 179 168 155 158 160 161 165 168 168 168 168 169 
139 139 141 145 144 141 137 139 146 157 169 179 175 174 182 167 161 158 158 160 163 165 167 168 169 169 170 
135 142 148 148 145 145 144 144 156 162 169 175 171 165 178 185 173 166 163 162 164 165 167 168 170 171 172 
144 144 150 140 142 143 152 150 151 160 167 167 170 171 178 170 170 164 165 164 167 168 169 170 171 173 177 
144 143 150 141 145 148 152 155 163 174 168 161 174 166 175 168 173 167 168 170 170 170 170 172 173 176 177 
141 151 148 141 151 149 148 152 166 177 168 168 168 169 174 166 172 174 175 171 172 173 173 174 176 179 177 
136 144 142 144 154 149 154 159 169 181 173 170 164 180 176 168 173 177 177 175 174 175 176 176 178 182 184 
136 149 154 158 161 150 159 169 177 185 175 167 171 175 181 178 175 175 177 176 176 177 178 177 178 179 0.00 
140 154 155 162 159 158 157 176 176 187 190 181 177 176 181 179 177 178 178 179 179 178 178 178 179 179 0.00 
144 145 156 158 163 159 158 168 172 189 191 189 193 183 180 184 179 180 180 182 182 180 180 181 0.00 0.00 0.00 
143 146 150 148 165 160 165 176 182 195 201 188 186 197 191 191 185 183 183 183 182 182 183 184 185 0.00 0.00 
139 143 152 159 169 163 162 179 192 191 202 202 191 192 193 193 193 188 185 185 185 185 185 0.00 0.00 0.00 0.00 
141 149 156 165 168 164 162 183 191 186 200 201 206 192 194 193 191 192 189 187 187 187 0.00 0.00 0.00 0.00 0.00 
142 148 151 163 163 164 166 181 187 188 197 196 207 200 199 197 198 200 194 190 191 189 0.00 0.00 0.00 0.00 0.00 
139 144 148 159 166 171 166 174 189 186 191 200 206 200 198 199 201 203 202 196 198 0.00 0.00 0.00 0.00 0.00 0.00 
146 146 148 158 169 170 168 174 180 190 191 196 206 202 201 202 205 200 200 197 207 0.00 0.00 0.00 0.00 0.00 0.00 
149 150 149 154 161 175 175 170 186 192 191 192 202 201 202 202 201 201 197 195 0.00 0.00 0.00 0.00 0.00 0.00 0.00 
149 152 154 154 161 166 168 173 189 190 189 200 203 200 197 202 203 202 197 0.00 0.00 0.00 0.00 0.00 0.00 0.00 0.00 
149 154 162 166 171 177 172 182 191 188 192 196 201 193 194 197 199 201 200 0.00 0.00 0.00 0.00 0.00 0.00 0.00 0.00 
150 158 165 172 173 172 178 174 178 189 191 198 201 191 191 199 202 204 203 0.00 0.00 0.00 0.00 0.00 0.00 0.00 0.00 
155 167 166 169 172 177 175 180 185 179 182 192 200 188 195 194 198 196 0.00 0.00 0.00 0.00 0.00 0.00 0.00 0.00 0.00 
157 169 175 180 183 184 181 186 195 189 184 191 202 199 0.00 0.00 0.00 0.00 0.00 0.00 0.00 0.00 0.00 0.00 0.00 0.00 0.00 
161 172 179 186 183 178 182 193 198 198 200 192 199 193 184 0.00 0.00 0.00 0.00 0.00 0.00 0.00 0.00 0.00 0.00 0.00 0.00 
