2016_CCC_ARR_IFD/catchment_depth_7200min_99999aep.txt.asc
ncols         27
nrows         23
xllcorner     150.975
yllcorner     -33.6
cellsize      0.025
NODATA_value  -9999
38.3 37.6 39.8 40.8 39.1 37.2 36.0 37.4 38.5 41.3 44.8 45.4 44.5 47.8 47.7 48.7 44.4 40.2 40.9 41.7 42.3 43.5 44.6 45.0 45.4 45.9 46.3 
40.1 39.8 40.0 41.2 40.8 39.8 38.1 38.6 40.4 43.6 47.0 49.8 48.1 47.4 49.8 43.9 41.3 40.6 41.1 41.8 42.7 43.6 44.4 44.9 45.5 46.1 46.6 
38.6 40.4 42.1 41.8 40.7 40.5 39.9 39.7 43.0 44.6 46.7 48.1 46.6 44.0 48.2 50.1 45.2 42.1 42.0 42.1 42.9 43.7 44.4 45.1 46.0 46.5 47.0 
40.9 40.7 42.7 39.3 39.5 39.6 42.3 41.2 41.4 43.7 45.8 45.2 45.8 45.5 47.8 44.0 43.6 42.0 42.4 42.8 43.7 44.3 45.0 45.7 46.3 47.1 48.3 
40.8 40.4 42.4 39.1 40.4 41.0 42.1 42.5 44.9 48.1 45.8 42.9 46.7 43.4 46.0 43.1 44.4 42.9 43.3 44.1 44.5 44.9 45.4 46.1 46.8 47.8 48.4 
39.6 42.4 41.5 38.8 42.0 40.9 40.2 41.5 45.6 48.7 45.2 44.9 44.4 44.2 45.4 42.9 44.2 44.6 45.1 44.6 45.1 45.6 46.2 46.7 47.6 48.6 48.5 
37.9 40.2 39.2 39.6 42.6 40.6 41.9 43.2 46.2 49.7 46.5 45.2 43.0 47.7 45.6 43.4 44.5 45.6 45.7 45.6 45.9 46.4 46.9 47.4 48.2 49.3 50.3 
37.5 41.5 42.7 43.7 44.4 40.7 43.2 46.2 48.3 50.6 46.7 44.0 44.8 45.6 47.1 46.2 45.3 45.4 46.1 46.2 46.4 47.1 47.6 47.7 48.3 48.9 0.00 
38.6 42.5 42.7 44.8 43.5 42.9 42.4 48.0 47.7 50.8 51.5 48.0 46.4 46.0 47.2 46.4 46.1 46.3 46.5 46.9 47.4 47.5 47.9 48.2 48.8 49.0 0.00 
39.6 39.8 42.9 43.2 44.4 42.9 42.3 45.0 45.9 51.1 51.4 50.4 51.5 48.1 47.1 47.9 46.7 47.0 47.3 48.0 48.2 48.2 48.5 49.0 0.00 0.00 0.00 
39.2 39.9 40.8 39.9 44.8 43.1 44.2 47.4 48.9 52.7 54.0 49.8 49.0 52.1 50.1 50.1 48.3 48.0 48.1 48.3 48.6 48.8 49.5 50.1 50.4 0.00 0.00 
37.7 38.8 41.0 43.0 45.8 43.7 43.1 48.0 51.5 50.9 54.2 53.8 50.4 50.6 50.8 50.7 50.6 49.6 49.0 49.1 49.3 49.6 50.1 0.00 0.00 0.00 0.00 
38.1 40.3 42.0 44.3 45.1 43.7 42.9 48.7 51.0 49.4 53.4 53.3 54.6 50.5 51.0 50.8 50.4 50.8 50.0 49.9 50.1 50.3 0.00 0.00 0.00 0.00 0.00 
38.3 39.6 40.5 43.5 43.4 43.4 44.1 47.9 49.7 49.7 52.3 51.6 55.0 52.9 52.3 51.9 52.3 52.9 51.7 50.9 51.2 50.9 0.00 0.00 0.00 0.00 0.00 
37.0 38.3 39.3 42.1 44.0 45.2 43.8 45.9 50.0 48.9 50.4 52.7 54.5 52.8 52.4 52.8 53.3 53.8 53.8 52.4 53.0 0.00 0.00 0.00 0.00 0.00 0.00 
38.6 38.5 39.0 41.7 44.6 44.7 44.0 45.7 47.3 50.0 50.2 51.7 54.3 53.2 53.3 53.8 54.4 53.2 53.5 52.7 55.5 0.00 0.00 0.00 0.00 0.00 0.00 
39.2 39.4 39.1 40.3 42.3 45.9 45.7 44.4 48.7 50.4 50.2 50.6 53.2 53.2 53.8 53.9 53.6 53.6 52.7 52.3 0.00 0.00 0.00 0.00 0.00 0.00 0.00 
39.0 40.0 40.1 40.1 41.8 43.2 43.8 45.0 49.3 49.6 49.5 52.4 53.3 52.9 52.4 53.7 54.1 53.9 52.7 0.00 0.00 0.00 0.00 0.00 0.00 0.00 0.00 
38.6 39.9 42.0 43.0 44.5 45.9 44.5 47.2 49.7 49.0 50.1 51.3 52.8 51.2 51.7 52.4 53.2 53.7 53.7 0.00 0.00 0.00 0.00 0.00 0.00 0.00 0.00 
38.6 40.6 42.6 44.3 44.7 44.4 46.0 45.0 46.2 49.0 49.7 51.9 52.7 50.5 50.9 52.9 53.9 54.3 54.4 0.00 0.00 0.00 0.00 0.00 0.00 0.00 0.00 
39.7 42.6 42.4 43.3 44.2 45.4 44.9 46.4 47.8 46.5 47.5 50.1 52.5 49.8 51.5 51.7 52.7 52.5 0.00 0.00 0.00 0.00 0.00 0.00 0.00 0.00 0.00 
39.9 43.0 44.5 45.9 46.8 47.1 46.4 47.8 50.5 49.0 48.0 50.0 53.1 52.5 0.00 0.00 0.00 0.00 0.00 0.00 0.00 0.00 0.00 0.00 0.00 0.00 0.00 
40.6 43.4 45.4 47.2 46.7 45.6 46.8 49.7 51.0 51.4 51.9 50.1 52.1 50.8 48.8 0.00 0.00 0.00 0.00 0.00 0.00 0.00 0.00 0.00 0.00 0.00 0.00 
