2016_CCC_ARR_IFD/catchment_depth_5min_50000aep.txt.asc
ncols         27
nrows         23
xllcorner     150.975
yllcorner     -33.6
cellsize      0.025
NODATA_value  -9999
7.15 7.12 7.17 7.22 7.17 7.11 7.12 7.19 7.28 7.44 7.62 7.69 7.72 7.86 7.91 7.99 7.99 8.06 8.15 8.23 8.31 8.38 8.45 8.53 8.59 8.66 8.73 
7.20 7.19 7.21 7.26 7.26 7.25 7.23 7.29 7.39 7.56 7.72 7.84 7.85 7.89 8.00 7.96 8.03 8.12 8.21 8.29 8.37 8.44 8.51 8.58 8.65 8.71 8.78 
7.19 7.23 7.29 7.30 7.29 7.32 7.33 7.37 7.53 7.63 7.75 7.84 7.86 7.87 8.02 8.11 8.11 8.17 8.27 8.36 8.43 8.50 8.57 8.63 8.70 8.76 8.82 
7.26 7.27 7.33 7.27 7.30 7.34 7.45 7.47 7.53 7.65 7.77 7.82 7.90 7.96 8.07 8.08 8.16 8.25 8.34 8.43 8.50 8.57 8.63 8.69 8.75 8.81 8.87 
7.28 7.29 7.35 7.31 7.37 7.42 7.49 7.56 7.68 7.82 7.82 7.82 7.97 7.98 8.09 8.14 8.23 8.33 8.42 8.49 8.57 8.63 8.69 8.74 8.80 8.86 8.91 
7.28 7.36 7.37 7.35 7.45 7.47 7.51 7.58 7.75 7.89 7.86 7.92 7.97 8.05 8.14 8.22 8.30 8.39 8.47 8.57 8.64 8.69 8.74 8.79 8.85 8.90 8.95 
7.30 7.35 7.37 7.41 7.51 7.51 7.59 7.68 7.82 7.97 7.95 7.97 8.01 8.17 8.20 8.30 8.39 8.47 8.56 8.64 8.70 8.75 8.80 8.84 8.89 8.95 9.00 
7.33 7.40 7.47 7.53 7.60 7.57 7.67 7.81 7.93 8.05 8.00 8.00 8.08 8.17 8.27 8.36 8.47 8.57 8.65 8.71 8.77 8.81 8.85 8.89 8.93 8.98 0.00 
7.37 7.46 7.50 7.60 7.62 7.66 7.70 7.91 7.96 8.12 8.20 8.14 8.15 8.23 8.33 8.43 8.55 8.65 8.73 8.79 8.83 8.86 8.89 8.93 8.97 9.01 0.00 
7.41 7.45 7.54 7.60 7.68 7.70 7.74 7.87 7.95 8.19 8.26 8.28 8.36 8.31 8.39 8.49 8.62 8.73 8.82 8.85 8.88 8.90 8.93 8.96 0.00 0.00 0.00 
7.43 7.48 7.54 7.58 7.73 7.74 7.83 7.98 8.10 8.29 8.38 8.28 8.30 8.47 8.47 8.55 8.66 8.78 8.86 8.89 8.92 8.94 8.97 9.00 9.04 0.00 0.00 
7.46 7.51 7.58 7.67 7.79 7.80 7.84 8.04 8.22 8.26 8.46 8.49 8.38 8.44 8.52 8.59 8.68 8.79 8.86 8.91 8.95 8.98 9.01 0.00 0.00 0.00 0.00 
7.49 7.55 7.63 7.73 7.81 7.83 7.87 8.10 8.24 8.22 8.45 8.49 8.59 8.46 8.54 8.62 8.71 8.80 8.87 8.92 8.97 9.01 0.00 0.00 0.00 0.00 0.00 
7.52 7.57 7.63 7.75 7.80 7.85 7.92 8.10 8.22 8.26 8.42 8.43 8.62 8.57 8.59 8.65 8.74 8.83 8.89 8.94 9.00 9.04 0.00 0.00 0.00 0.00 0.00 
7.55 7.59 7.65 7.75 7.85 7.94 7.95 8.06 8.25 8.25 8.35 8.50 8.63 8.57 8.58 8.67 8.76 8.85 8.93 8.97 9.04 0.00 0.00 0.00 0.00 0.00 0.00 
7.57 7.62 7.68 7.77 7.90 7.95 7.99 8.08 8.18 8.32 8.36 8.46 8.64 8.60 8.59 8.69 8.82 8.85 8.94 8.99 9.11 0.00 0.00 0.00 0.00 0.00 0.00 
7.59 7.64 7.72 7.79 7.87 8.02 8.07 8.08 8.26 8.37 8.39 8.43 8.61 8.61 8.62 8.71 8.80 8.88 8.94 9.01 0.00 0.00 0.00 0.00 0.00 0.00 0.00 
7.62 7.68 7.75 7.82 7.90 7.98 8.05 8.13 8.32 8.37 8.39 8.57 8.65 8.63 8.66 8.76 8.86 8.92 8.98 0.00 0.00 0.00 0.00 0.00 0.00 0.00 0.00 
7.69 7.74 7.83 7.91 8.00 8.09 8.10 8.23 8.37 8.38 8.46 8.56 8.67 8.64 8.71 8.79 8.89 8.97 9.04 0.00 0.00 0.00 0.00 0.00 0.00 0.00 0.00 
7.75 7.81 7.89 7.98 8.05 8.09 8.19 8.21 8.29 8.42 8.50 8.64 8.73 8.69 8.76 8.89 8.99 9.06 9.12 0.00 0.00 0.00 0.00 0.00 0.00 0.00 0.00 
7.81 7.90 7.94 8.01 8.08 8.16 8.20 8.29 8.38 8.41 8.50 8.64 8.79 8.75 8.87 8.93 9.02 9.07 0.00 0.00 0.00 0.00 0.00 0.00 0.00 0.00 0.00 
7.86 7.96 8.04 8.12 8.19 8.25 8.29 8.38 8.53 8.54 8.58 8.72 8.89 8.94 0.00 0.00 0.00 0.00 0.00 0.00 0.00 0.00 0.00 0.00 0.00 0.00 0.00 
7.92 8.02 8.10 8.19 8.23 8.26 8.35 8.49 8.60 8.69 8.78 8.81 8.94 8.98 8.96 0.00 0.00 0.00 0.00 0.00 0.00 0.00 0.00 0.00 0.00 0.00 0.00 
