2016_CCC_ARR_IFD/catchment_depth_180min_50000aep.txt.asc
ncols         27
nrows         23
xllcorner     150.975
yllcorner     -33.6
cellsize      0.025
NODATA_value  -9999
34.1 34.0 34.6 35.1 34.8 34.6 34.7 35.3 36.0 37.1 38.4 38.9 39.2 40.2 40.6 41.2 40.9 41.2 41.7 42.3 42.8 43.3 43.8 44.2 44.6 45.0 45.4 
34.5 34.5 34.8 35.3 35.4 35.5 35.5 35.9 36.7 37.9 39.1 40.1 40.1 40.4 41.2 40.7 40.9 41.6 42.2 42.8 43.3 43.8 44.2 44.6 45.0 45.4 45.8 
34.3 34.8 35.4 35.6 35.6 35.9 36.1 36.5 37.7 38.4 39.3 40.0 40.2 40.1 41.3 42.0 41.7 41.8 42.7 43.3 43.8 44.2 44.7 45.0 45.4 45.8 46.1 
34.8 35.0 35.7 35.2 35.6 36.0 36.9 37.1 37.6 38.5 39.4 39.8 40.4 40.8 41.6 41.5 41.9 42.6 43.3 43.9 44.4 44.8 45.2 45.5 45.9 46.2 46.6 
34.9 35.1 35.8 35.4 36.0 36.5 37.2 37.7 38.7 39.8 39.8 39.8 40.9 40.9 41.7 41.9 42.5 43.3 43.9 44.5 44.9 45.3 45.7 46.0 46.3 46.6 46.9 
34.9 35.6 35.8 35.6 36.6 36.8 37.2 37.9 39.2 40.2 40.1 40.5 40.9 41.4 42.1 42.8 43.2 43.8 44.4 45.2 45.6 45.9 46.2 46.4 46.7 47.0 47.3 
34.9 35.4 35.6 36.0 37.0 37.1 37.8 38.6 39.7 40.8 40.7 41.0 41.4 42.4 42.6 43.6 44.1 44.6 45.2 45.9 46.2 46.5 46.7 46.9 47.1 47.4 47.7 
35.1 35.9 36.5 37.1 37.7 37.5 38.4 39.5 40.5 41.4 41.2 41.3 42.0 42.6 43.2 43.9 44.9 45.7 46.2 46.6 46.8 47.0 47.1 47.2 47.4 47.7 0.00 
35.4 36.3 36.7 37.6 37.8 38.2 38.7 40.3 40.7 41.9 42.5 42.3 42.6 43.2 43.9 44.8 45.7 46.5 47.0 47.3 47.4 47.4 47.5 47.6 47.7 47.9 0.00 
35.7 36.1 37.0 37.5 38.3 38.5 39.0 40.0 40.7 42.4 43.0 43.2 43.9 43.8 44.5 45.2 46.3 47.2 47.8 47.9 47.9 47.8 47.8 47.9 0.00 0.00 0.00 
35.8 36.3 36.9 37.3 38.6 38.9 39.6 40.8 41.8 43.1 43.9 43.4 43.7 44.8 45.0 45.6 46.7 47.6 48.2 48.2 48.1 48.1 48.2 48.2 48.3 0.00 0.00 
35.9 36.5 37.2 38.0 39.1 39.3 39.7 41.3 42.6 43.1 44.5 44.8 44.3 44.8 45.4 46.0 46.7 47.6 48.0 48.2 48.3 48.3 48.4 0.00 0.00 0.00 0.00 
36.1 36.8 37.6 38.5 39.2 39.6 40.0 41.7 42.8 42.9 44.5 44.8 45.5 45.0 45.6 46.3 46.9 47.5 47.9 48.2 48.4 48.5 0.00 0.00 0.00 0.00 0.00 
36.3 36.9 37.5 38.6 39.1 39.8 40.5 41.8 42.7 43.2 44.3 44.6 45.8 45.7 46.0 46.4 47.0 47.6 47.9 48.2 48.4 48.6 0.00 0.00 0.00 0.00 0.00 
36.5 37.0 37.7 38.6 39.5 40.3 40.7 41.6 43.0 43.3 44.0 45.1 45.9 45.7 45.8 46.4 47.1 47.6 48.1 48.3 48.6 0.00 0.00 0.00 0.00 0.00 0.00 
36.6 37.2 37.9 38.7 39.8 40.5 41.0 41.9 42.7 43.8 44.2 44.9 46.0 45.9 45.8 46.5 47.3 47.4 48.0 48.2 49.0 0.00 0.00 0.00 0.00 0.00 0.00 
36.8 37.3 38.1 38.9 39.7 40.9 41.6 41.9 43.3 44.1 44.5 44.8 45.9 46.0 45.8 46.4 46.9 47.5 47.8 48.1 0.00 0.00 0.00 0.00 0.00 0.00 0.00 
36.9 37.5 38.3 39.2 40.0 40.8 41.6 42.4 43.6 44.2 44.6 45.6 46.2 46.0 45.9 46.6 47.2 47.6 47.8 0.00 0.00 0.00 0.00 0.00 0.00 0.00 0.00 
37.5 37.9 38.8 39.6 40.5 41.5 42.0 43.0 44.0 44.5 45.1 45.6 46.3 45.7 46.0 46.6 47.2 47.7 48.1 0.00 0.00 0.00 0.00 0.00 0.00 0.00 0.00 
37.9 38.5 39.3 40.2 40.9 41.6 42.5 43.0 43.8 44.8 45.4 46.1 46.6 45.9 46.2 47.2 47.8 48.2 48.5 0.00 0.00 0.00 0.00 0.00 0.00 0.00 0.00 
38.3 39.1 39.6 40.3 41.1 42.0 42.6 43.5 44.5 44.4 45.0 46.0 46.8 46.1 46.9 47.1 47.7 47.9 0.00 0.00 0.00 0.00 0.00 0.00 0.00 0.00 0.00 
38.7 39.5 40.3 41.0 41.7 42.4 43.0 43.9 44.9 45.4 45.5 46.3 47.2 47.4 0.00 0.00 0.00 0.00 0.00 0.00 0.00 0.00 0.00 0.00 0.00 0.00 0.00 
39.1 39.9 40.7 41.5 41.9 42.4 43.2 44.3 45.2 45.8 46.4 46.5 47.3 47.3 46.7 0.00 0.00 0.00 0.00 0.00 0.00 0.00 0.00 0.00 0.00 0.00 0.00 
