2016_CCC_ARR_IFD/catchment_depth_5760min_01000aep.txt.asc
ncols         27
nrows         23
xllcorner     150.975
yllcorner     -33.6
cellsize      0.025
NODATA_value  -9999
335 331 349 358 348 335 329 343 357 382 412 422 422 448 452 464 448 431 440 449 453 464 473 472 471 470 468 
351 350 354 364 363 358 348 356 374 402 431 456 448 449 469 444 440 436 440 447 456 462 466 468 469 469 468 
343 357 372 372 366 366 365 368 396 412 432 446 442 434 463 479 461 454 450 450 456 460 463 466 470 470 469 
363 363 380 357 361 364 386 383 389 409 428 431 442 447 465 454 459 449 453 454 461 463 465 468 469 472 479 
366 365 381 360 371 378 389 396 415 441 433 423 451 440 461 452 466 455 458 464 465 465 465 468 470 475 476 
361 383 378 362 387 382 382 394 425 448 435 440 443 449 462 447 463 470 474 463 465 467 468 469 474 480 473 
352 371 366 372 396 385 398 411 435 461 448 446 435 473 466 449 462 474 474 469 468 470 470 471 475 482 488 
352 385 396 405 414 390 412 436 454 474 455 440 451 461 477 473 465 465 471 469 468 471 472 468 471 473 0.00 
365 396 400 418 411 410 410 455 457 483 492 473 465 464 478 472 468 469 469 471 472 470 469 469 470 470 0.00 
376 379 406 411 423 414 413 438 449 493 500 496 507 482 475 483 469 471 472 476 475 471 471 471 0.00 0.00 0.00 
376 383 393 388 430 419 431 461 477 510 524 492 488 516 500 501 482 477 475 475 474 473 476 477 477 0.00 0.00 
367 378 398 417 442 428 425 469 501 501 533 531 500 503 505 504 501 488 480 479 478 477 478 0.00 0.00 0.00 0.00 
374 394 410 432 440 431 425 479 501 488 527 527 538 499 504 500 494 497 486 483 482 480 0.00 0.00 0.00 0.00 0.00 
378 392 401 428 429 430 437 474 491 492 516 511 541 521 514 508 510 514 500 488 489 483 0.00 0.00 0.00 0.00 0.00 
370 383 393 420 437 449 437 456 494 485 498 520 536 517 511 513 516 519 517 500 504 0.00 0.00 0.00 0.00 0.00 0.00 
389 389 393 419 446 447 440 455 470 495 494 507 532 518 516 518 524 509 511 500 526 0.00 0.00 0.00 0.00 0.00 0.00 
397 400 397 409 427 460 458 443 483 498 493 495 519 515 516 516 512 509 499 493 0.00 0.00 0.00 0.00 0.00 0.00 0.00 
400 408 410 408 424 436 439 449 489 490 484 512 517 509 501 512 513 509 496 0.00 0.00 0.00 0.00 0.00 0.00 0.00 0.00 
400 412 431 440 452 464 447 471 493 481 489 498 509 490 492 496 502 505 503 0.00 0.00 0.00 0.00 0.00 0.00 0.00 0.00 
404 423 440 454 456 450 463 447 456 480 483 501 506 481 481 499 506 508 507 0.00 0.00 0.00 0.00 0.00 0.00 0.00 0.00 
417 445 441 447 453 461 451 461 471 452 458 480 501 471 485 484 491 488 0.00 0.00 0.00 0.00 0.00 0.00 0.00 0.00 0.00 
423 452 464 474 480 477 465 474 496 476 461 476 504 495 0.00 0.00 0.00 0.00 0.00 0.00 0.00 0.00 0.00 0.00 0.00 0.00 0.00 
434 460 476 489 479 461 468 491 499 496 497 474 491 475 454 0.00 0.00 0.00 0.00 0.00 0.00 0.00 0.00 0.00 0.00 0.00 0.00 
