2016_CCC_ARR_IFD/catchment_depth_10080min_98168aep.txt.asc
ncols         27
nrows         23
xllcorner     150.975
yllcorner     -33.6
cellsize      0.025
NODATA_value  -9999
61.7 60.8 64.3 66.0 63.6 60.8 59.3 61.5 63.4 67.8 73.4 74.5 73.5 78.6 78.6 80.5 74.5 68.1 69.2 70.4 71.1 72.8 74.6 74.8 75.3 75.9 76.6 
64.5 64.2 64.8 66.8 66.2 64.9 62.6 63.5 66.5 71.5 76.9 81.4 79.0 78.2 82.1 73.8 70.5 69.1 69.5 70.5 71.9 73.1 74.2 74.9 75.7 76.4 77.2 
62.4 65.2 68.1 67.8 66.3 66.2 65.5 65.5 70.7 73.3 76.7 79.0 76.9 73.5 79.9 82.9 76.2 72.2 71.4 71.4 72.5 73.5 74.4 75.3 76.5 77.3 77.9 
66.0 66.0 69.1 64.2 64.7 65.1 69.3 67.9 68.4 72.1 75.5 74.9 76.1 75.9 79.5 74.6 74.4 71.9 72.4 72.7 73.9 74.6 75.5 76.4 77.2 78.3 80.3 
66.1 65.6 68.7 64.1 66.2 67.4 69.1 70.0 73.8 78.7 75.7 71.8 77.6 73.3 77.4 73.6 75.9 73.4 73.9 75.0 75.4 75.8 76.2 77.3 78.1 79.6 80.4 
64.4 68.8 67.5 63.9 68.8 67.4 66.7 68.8 75.0 79.9 75.2 75.0 74.7 74.8 76.9 73.2 75.6 76.5 77.1 75.8 76.3 77.0 77.6 78.1 79.5 81.0 80.6 
62.0 65.7 64.4 65.3 70.0 67.2 69.4 71.7 76.2 81.6 77.3 75.8 72.8 79.9 77.5 74.2 76.2 78.0 78.1 77.5 77.7 78.3 78.8 79.3 80.6 82.2 83.7 
61.4 67.8 69.8 71.4 72.8 67.6 71.5 76.1 79.4 83.1 77.9 74.3 75.9 77.3 79.8 78.8 77.4 77.5 78.5 78.5 78.6 79.5 80.0 79.8 80.7 81.4 0.00 
63.4 69.5 70.0 73.2 71.6 70.9 70.6 79.1 78.8 83.6 84.9 80.3 78.4 78.1 80.2 79.2 78.7 79.0 79.3 79.8 80.2 80.1 80.4 80.7 81.3 81.6 0.00 
65.0 65.4 70.4 71.2 73.3 71.3 70.7 75.0 76.7 84.4 85.2 84.1 85.9 81.4 80.2 81.6 79.7 80.2 80.6 81.5 81.5 81.2 81.4 81.9 0.00 0.00 0.00 
64.5 65.7 67.5 66.3 74.0 71.8 73.7 78.7 81.3 86.9 89.1 83.4 82.8 87.3 84.8 85.0 82.4 81.9 81.8 82.1 82.1 82.2 83.0 83.6 83.9 0.00 0.00 
62.3 64.3 67.9 71.2 75.7 72.9 72.3 79.9 85.2 84.7 89.7 89.5 84.9 85.6 86.1 86.1 86.0 84.3 83.2 83.2 83.3 83.5 84.0 0.00 0.00 0.00 0.00 
63.1 66.7 69.6 73.4 74.8 73.1 72.2 81.2 84.8 82.8 88.8 89.0 91.1 85.5 86.5 86.2 85.6 86.3 84.8 84.5 84.6 84.6 0.00 0.00 0.00 0.00 0.00 
63.3 65.8 67.4 72.4 72.5 72.8 74.2 80.3 83.2 83.6 87.5 87.0 91.9 89.3 88.7 88.1 88.7 89.6 87.5 86.0 86.3 85.6 0.00 0.00 0.00 0.00 0.00 
61.6 63.9 65.8 70.4 73.6 75.7 74.1 77.6 83.9 82.7 85.2 88.8 91.6 89.4 89.0 89.5 90.2 91.0 90.9 88.4 89.3 0.00 0.00 0.00 0.00 0.00 0.00 
64.3 64.4 65.5 69.9 74.8 75.2 74.6 77.6 80.4 84.6 85.1 87.6 91.5 90.2 90.3 91.0 92.1 90.0 90.4 88.9 93.3 0.00 0.00 0.00 0.00 0.00 0.00 
65.3 65.8 65.8 68.1 71.5 77.3 77.5 75.9 82.7 85.4 85.5 86.3 90.3 90.4 90.9 91.2 90.7 90.6 89.0 88.2 0.00 0.00 0.00 0.00 0.00 0.00 0.00 
65.3 66.9 67.6 68.0 71.0 73.6 74.9 77.2 83.9 84.7 84.7 89.2 90.6 89.9 88.9 91.0 91.6 91.1 89.0 0.00 0.00 0.00 0.00 0.00 0.00 0.00 0.00 
65.0 67.2 70.8 72.7 75.3 77.9 76.3 80.7 84.8 84.0 85.9 87.8 90.0 87.3 87.8 88.9 90.1 90.8 90.7 0.00 0.00 0.00 0.00 0.00 0.00 0.00 0.00 
65.4 68.7 72.1 74.9 75.9 76.0 78.9 77.5 79.8 84.3 85.6 88.8 90.0 86.3 86.5 89.9 91.4 92.0 91.9 0.00 0.00 0.00 0.00 0.00 0.00 0.00 0.00 
67.3 72.2 72.1 73.7 75.5 77.8 77.4 80.0 82.6 80.3 81.9 86.3 89.8 85.1 87.9 87.9 89.4 88.9 0.00 0.00 0.00 0.00 0.00 0.00 0.00 0.00 0.00 
67.9 73.1 75.6 78.0 79.7 80.4 79.7 82.3 86.5 84.7 82.9 86.0 90.6 89.7 0.00 0.00 0.00 0.00 0.00 0.00 0.00 0.00 0.00 0.00 0.00 0.00 0.00 
69.4 73.9 77.2 80.2 79.7 78.2 80.4 85.1 87.4 88.0 88.9 86.1 89.2 86.9 83.2 0.00 0.00 0.00 0.00 0.00 0.00 0.00 0.00 0.00 0.00 0.00 0.00 
