2016_CCC_ARR_IFD/catchment_depth_60min_02000aep.txt.asc
ncols         27
nrows         23
xllcorner     150.975
yllcorner     -33.6
cellsize      0.025
NODATA_value  -9999
57.6 57.5 58.6 59.4 59.2 59.0 59.5 60.7 62.0 64.0 65.9 66.9 67.7 69.0 69.9 70.8 71.6 71.9 73.0 74.1 75.0 76.0 76.9 77.6 78.3 79.0 79.7 
58.2 58.4 58.8 59.7 60.1 60.4 60.6 61.7 63.3 65.3 66.9 68.0 68.9 69.8 70.7 71.5 71.9 72.9 73.8 74.8 75.7 76.6 77.4 78.2 78.9 79.6 80.3 
57.9 58.7 59.7 60.2 60.4 61.1 61.7 62.7 64.7 66.2 67.6 68.7 69.6 70.4 71.7 72.5 73.6 74.1 74.9 75.6 76.4 77.2 78.0 78.7 79.5 80.2 80.8 
58.6 58.9 60.1 59.4 60.2 61.1 63.0 63.7 64.9 66.7 68.3 69.3 70.5 71.6 72.7 73.7 74.6 75.1 75.9 76.5 77.3 78.0 78.7 79.4 80.1 80.8 81.6 
58.7 59.0 60.2 59.4 60.7 62.0 63.4 64.7 66.6 68.3 69.2 70.1 71.7 72.8 74.0 74.9 75.9 76.4 77.0 77.7 78.2 78.7 79.4 80.1 80.7 81.4 82.0 
58.5 59.9 60.1 59.4 61.8 62.3 63.4 65.1 67.5 69.2 70.1 71.5 72.9 74.2 75.4 75.9 77.2 77.9 78.5 78.5 78.9 79.5 80.1 80.7 81.4 82.1 82.5 
58.5 59.3 59.5 60.2 62.4 62.8 64.5 66.3 68.4 70.2 71.3 72.7 73.8 75.4 76.8 77.0 78.2 79.2 79.7 79.7 79.9 80.4 80.9 81.4 82.0 82.7 83.3 
58.8 60.1 61.3 62.4 63.6 63.5 65.5 67.8 69.5 71.1 72.3 73.5 75.3 76.9 78.1 79.0 79.4 80.0 80.6 80.8 81.0 81.4 81.7 82.0 82.4 82.9 0.00 
59.3 60.8 61.7 63.2 63.8 64.7 66.0 68.9 70.2 72.1 73.5 74.9 76.5 77.7 79.2 79.8 80.4 81.2 81.7 82.0 82.1 82.1 82.3 82.5 82.9 83.2 0.00 
59.8 60.5 62.1 63.2 64.6 65.3 66.6 68.7 70.5 73.0 74.6 75.9 77.2 78.8 79.6 80.8 81.2 82.3 82.9 83.1 83.0 82.9 82.9 83.1 0.00 0.00 0.00 
60.1 61.0 62.1 62.8 65.2 65.9 67.6 69.9 71.8 73.9 75.3 76.5 77.9 79.1 80.5 81.6 82.2 83.0 83.5 83.5 83.4 83.4 83.6 83.7 83.9 0.00 0.00 
60.2 61.1 62.5 64.0 65.9 66.5 67.6 70.5 72.8 74.2 76.3 77.5 78.4 79.7 81.0 82.1 82.9 83.5 83.6 83.7 83.8 83.8 84.0 0.00 0.00 0.00 0.00 
60.5 61.7 63.0 64.7 66.1 66.9 67.8 71.0 73.0 74.0 76.4 77.6 78.8 79.8 81.2 82.1 82.8 83.7 83.7 83.8 84.0 84.0 0.00 0.00 0.00 0.00 0.00 
60.7 61.8 62.9 64.8 65.8 67.0 68.4 70.9 72.8 74.2 76.2 77.4 78.9 80.1 81.4 82.3 83.3 84.1 84.1 83.9 84.2 84.1 0.00 0.00 0.00 0.00 0.00 
60.8 61.8 62.9 64.6 66.2 67.7 68.4 70.3 72.9 73.9 75.6 77.5 78.9 80.1 81.2 82.3 83.3 84.0 84.5 84.3 84.8 0.00 0.00 0.00 0.00 0.00 0.00 
61.1 62.0 63.0 64.6 66.6 67.7 68.5 70.2 72.0 74.2 75.4 77.1 78.8 79.9 81.0 82.2 83.2 83.4 84.0 83.9 85.0 0.00 0.00 0.00 0.00 0.00 0.00 
61.4 62.2 63.1 64.3 65.9 68.1 69.2 69.4 72.4 74.1 75.0 76.2 78.3 79.4 79.8 81.3 82.2 83.0 82.9 83.1 0.00 0.00 0.00 0.00 0.00 0.00 0.00 
61.5 62.4 63.5 64.3 65.7 67.1 68.1 69.4 72.4 73.5 74.2 76.6 77.9 78.6 78.7 80.7 81.9 82.7 82.3 0.00 0.00 0.00 0.00 0.00 0.00 0.00 0.00 
61.7 62.8 64.2 65.5 66.8 68.2 68.3 70.4 72.4 72.8 74.1 75.6 77.2 76.9 77.9 79.2 80.6 81.8 82.3 0.00 0.00 0.00 0.00 0.00 0.00 0.00 0.00 
61.9 63.2 64.7 66.0 66.9 67.5 68.9 68.7 70.0 72.3 73.4 75.5 76.7 76.0 76.9 79.1 80.4 81.3 81.8 0.00 0.00 0.00 0.00 0.00 0.00 0.00 0.00 
62.4 64.2 64.7 65.7 66.7 67.8 67.9 69.2 70.6 70.3 71.5 73.9 76.1 75.1 77.0 77.8 79.1 79.6 0.00 0.00 0.00 0.00 0.00 0.00 0.00 0.00 0.00 
62.5 64.5 65.6 66.8 67.8 68.5 68.5 69.8 71.9 71.5 71.4 73.4 75.9 76.3 0.00 0.00 0.00 0.00 0.00 0.00 0.00 0.00 0.00 0.00 0.00 0.00 0.00 
62.9 64.7 66.1 67.4 67.6 67.3 68.4 70.5 71.8 72.5 73.4 73.1 74.9 74.9 74.3 0.00 0.00 0.00 0.00 0.00 0.00 0.00 0.00 0.00 0.00 0.00 0.00 
