2016_CCC_ARR_IFD/catchment_depth_4320min_18127aep.txt.asc
ncols         27
nrows         23
xllcorner     150.975
yllcorner     -33.6
cellsize      0.025
NODATA_value  -9999
162 160 169 174 168 161 157 164 170 183 198 202 201 214 215 221 210 197 200 203 204 209 213 212 211 211 211 
170 170 171 177 176 172 167 170 179 193 208 220 215 214 224 208 204 199 200 202 205 208 210 211 211 211 211 
166 173 181 180 177 177 175 176 191 198 208 215 211 205 221 228 216 210 205 203 206 208 209 211 212 213 213 
176 176 184 172 174 175 186 184 186 196 206 206 211 212 221 213 214 206 207 206 209 210 211 213 213 215 219 
178 177 185 173 179 182 187 190 201 214 208 200 215 207 218 211 217 210 210 213 212 212 212 214 215 217 218 
174 186 183 174 187 184 183 189 205 218 208 209 210 211 218 208 216 218 219 213 213 214 215 215 218 221 218 
170 179 176 179 191 184 191 197 210 224 215 212 204 225 219 209 215 221 220 217 216 217 217 217 220 223 226 
169 186 192 196 200 186 198 210 220 230 217 208 213 217 225 222 217 216 219 217 217 219 219 217 219 220 0.00 
175 192 193 202 198 197 196 220 220 233 238 226 220 219 225 221 219 219 219 219 220 219 219 219 219 219 0.00 
181 182 196 198 204 199 197 210 215 238 240 237 242 228 224 227 220 220 221 223 222 221 220 221 0.00 0.00 0.00 
181 184 189 186 207 201 206 221 229 246 253 235 232 246 237 237 227 224 223 223 223 222 224 225 225 0.00 0.00 
176 181 191 201 213 205 203 226 242 240 256 255 238 239 240 239 237 230 226 225 225 225 226 0.00 0.00 0.00 0.00 
179 189 197 208 212 206 203 230 241 234 253 253 259 237 239 237 234 235 230 228 228 227 0.00 0.00 0.00 0.00 0.00 
181 188 192 206 206 206 209 227 236 236 248 245 260 249 245 242 243 245 237 232 232 229 0.00 0.00 0.00 0.00 0.00 
177 183 188 201 210 215 209 218 238 232 239 250 258 248 244 244 246 248 247 238 240 0.00 0.00 0.00 0.00 0.00 0.00 
186 186 188 201 214 214 210 218 225 238 237 244 256 249 246 248 251 243 244 239 252 0.00 0.00 0.00 0.00 0.00 0.00 
190 191 189 195 204 221 220 212 233 240 237 237 250 248 247 247 245 244 239 236 0.00 0.00 0.00 0.00 0.00 0.00 0.00 
191 196 196 195 203 209 210 215 236 236 233 247 250 245 240 246 247 245 238 0.00 0.00 0.00 0.00 0.00 0.00 0.00 0.00 
191 197 207 211 217 224 214 227 239 232 236 241 247 236 237 239 242 244 243 0.00 0.00 0.00 0.00 0.00 0.00 0.00 0.00 
192 202 211 218 219 216 223 215 220 232 234 244 246 232 233 242 246 247 246 0.00 0.00 0.00 0.00 0.00 0.00 0.00 0.00 
199 213 211 215 218 222 217 223 228 219 222 234 245 229 236 236 239 237 0.00 0.00 0.00 0.00 0.00 0.00 0.00 0.00 0.00 
201 217 223 229 232 231 225 230 242 232 224 233 247 242 0.00 0.00 0.00 0.00 0.00 0.00 0.00 0.00 0.00 0.00 0.00 0.00 0.00 
207 220 229 236 232 223 227 240 245 244 244 233 242 233 222 0.00 0.00 0.00 0.00 0.00 0.00 0.00 0.00 0.00 0.00 0.00 0.00 
