2016_CCC_ARR_IFD/catchment_depth_5760min_98168aep.txt.asc
ncols         27
nrows         23
xllcorner     150.975
yllcorner     -33.6
cellsize      0.025
NODATA_value  -9999
58.1 57.2 60.5 62.1 59.7 56.9 55.3 57.4 59.3 63.5 68.7 69.7 68.7 73.4 73.3 74.9 69.2 63.0 64.0 65.0 65.6 67.2 68.8 68.9 69.2 69.7 70.1 
60.8 60.5 61.0 62.9 62.3 60.9 58.6 59.4 62.3 67.1 72.1 76.2 73.9 73.1 76.5 68.6 65.3 63.8 64.1 65.0 66.2 67.3 68.2 68.8 69.5 70.0 70.5 
58.8 61.5 64.2 63.8 62.4 62.2 61.5 61.4 66.4 68.9 72.0 74.0 72.0 68.6 74.6 77.3 70.8 66.8 65.8 65.6 66.6 67.5 68.2 69.0 70.0 70.6 71.1 
62.3 62.2 65.1 60.3 60.8 61.0 65.2 63.7 64.1 67.7 71.0 70.3 71.3 71.0 74.2 69.4 69.0 66.2 66.6 66.7 67.8 68.4 69.1 69.9 70.5 71.4 73.1 
62.4 61.9 64.8 60.2 62.2 63.3 65.0 65.8 69.5 74.2 71.2 67.1 72.7 68.3 72.1 68.2 70.3 67.5 67.8 68.7 69.0 69.3 69.6 70.5 71.2 72.5 73.1 
60.7 65.0 63.7 60.0 64.8 63.3 62.5 64.4 70.7 75.4 70.6 70.2 69.7 69.6 71.6 67.5 69.7 70.4 70.8 69.3 69.7 70.2 70.7 71.1 72.3 73.6 73.2 
58.4 61.9 60.6 61.3 65.9 63.0 65.2 67.3 71.8 77.0 72.6 70.8 67.5 74.6 71.9 68.1 69.9 71.7 71.5 70.7 70.7 71.2 71.7 72.1 73.2 74.6 76.0 
57.8 63.9 65.9 67.3 68.7 63.3 67.2 71.7 74.9 78.4 73.0 69.0 70.4 71.6 74.0 72.6 70.8 70.7 71.6 71.3 71.4 72.2 72.6 72.3 73.1 73.7 0.00 
59.7 65.5 66.0 69.1 67.5 66.6 66.1 74.6 74.2 78.9 80.0 75.1 72.7 72.1 74.0 72.7 71.8 71.9 71.9 72.3 72.7 72.6 72.8 73.1 73.6 73.8 0.00 
61.3 61.6 66.4 67.0 69.0 66.9 66.1 70.3 71.8 79.5 80.1 78.8 80.4 75.3 73.7 74.9 72.5 72.7 73.0 73.8 73.8 73.5 73.6 74.1 0.00 0.00 0.00 
60.8 61.8 63.4 62.2 69.6 67.3 69.0 73.9 76.4 81.9 83.9 77.8 76.8 81.4 78.3 78.2 75.0 74.2 74.0 74.2 74.2 74.3 75.0 75.5 75.8 0.00 0.00 
58.6 60.4 63.8 67.0 71.3 68.3 67.4 75.0 80.2 79.5 84.4 84.0 78.8 79.1 79.3 79.1 78.6 76.6 75.4 75.3 75.3 75.4 75.9 0.00 0.00 0.00 0.00 
59.3 62.7 65.5 69.1 70.3 68.4 67.2 76.2 79.7 77.2 83.3 83.2 85.2 78.8 79.5 78.9 78.0 78.5 76.9 76.5 76.5 76.5 0.00 0.00 0.00 0.00 0.00 
59.6 61.8 63.2 68.0 67.9 68.0 69.0 75.0 77.8 77.8 81.7 80.8 85.7 82.5 81.6 80.7 81.1 81.8 79.6 77.9 78.2 77.4 0.00 0.00 0.00 0.00 0.00 
57.8 59.9 61.5 65.9 68.9 70.7 68.8 72.0 78.2 76.7 78.9 82.4 85.1 82.4 81.6 81.9 82.5 83.1 82.9 80.3 81.1 0.00 0.00 0.00 0.00 0.00 0.00 
60.4 60.3 61.2 65.4 70.0 70.1 69.1 71.8 74.3 78.3 78.5 80.8 84.7 83.0 82.9 83.4 84.3 82.1 82.4 80.8 85.0 0.00 0.00 0.00 0.00 0.00 0.00 
61.4 61.8 61.3 63.4 66.4 72.1 71.9 69.8 76.4 79.0 78.7 79.1 83.2 82.9 83.4 83.6 82.9 82.6 81.0 80.2 0.00 0.00 0.00 0.00 0.00 0.00 0.00 
61.3 62.7 63.1 63.1 65.8 68.0 68.9 70.8 77.5 78.0 77.5 82.0 83.3 82.4 81.4 83.3 83.7 83.1 81.1 0.00 0.00 0.00 0.00 0.00 0.00 0.00 0.00 
60.7 62.8 66.1 67.8 70.1 72.3 70.1 74.3 78.2 76.9 78.5 80.3 82.4 79.8 80.2 81.2 82.2 82.8 82.6 0.00 0.00 0.00 0.00 0.00 0.00 0.00 0.00 
60.9 64.1 67.2 69.8 70.5 70.1 72.6 70.8 72.6 76.9 77.9 81.2 82.3 78.7 79.0 82.1 83.4 83.9 83.7 0.00 0.00 0.00 0.00 0.00 0.00 0.00 0.00 
62.6 67.3 67.0 68.4 69.9 71.8 70.9 73.0 75.2 73.0 74.4 78.5 82.0 77.5 80.1 80.1 81.4 81.0 0.00 0.00 0.00 0.00 0.00 0.00 0.00 0.00 0.00 
63.1 68.0 70.4 72.5 74.0 74.3 73.2 75.4 79.5 77.0 75.3 78.2 82.9 81.8 0.00 0.00 0.00 0.00 0.00 0.00 0.00 0.00 0.00 0.00 0.00 0.00 0.00 
64.4 68.7 71.8 74.6 73.9 72.1 73.9 78.3 80.4 80.7 81.4 78.4 81.4 79.1 75.7 0.00 0.00 0.00 0.00 0.00 0.00 0.00 0.00 0.00 0.00 0.00 0.00 
