2016_CCC_ARR_IFD/catchment_depth_10080min_00100aep.txt.asc
ncols         27
nrows         23
xllcorner     150.975
yllcorner     -33.6
cellsize      0.025
NODATA_value  -9999
486 481 507 522 508 491 484 506 528 565 607 622 625 662 670 688 672 659 676 691 699 714 727 726 724 722 720 
509 509 514 530 529 523 512 524 551 591 634 669 661 665 693 665 666 668 679 692 704 713 719 721 722 721 720 
498 519 541 541 533 536 536 542 582 606 636 657 654 647 688 711 693 690 693 698 706 711 715 718 723 715 714 
526 528 552 520 527 533 566 562 573 603 632 639 655 665 692 682 693 687 696 701 712 715 718 721 715 719 731 
531 530 553 524 541 553 570 581 610 647 638 628 669 659 689 682 703 695 703 713 716 717 717 714 716 725 726 
523 556 549 527 564 559 560 580 623 658 643 652 660 671 692 676 701 713 721 711 715 719 712 713 722 731 722 
511 538 532 541 576 562 582 603 637 675 661 661 650 703 697 678 700 719 722 717 717 721 715 716 723 734 743 
511 557 574 588 602 569 601 637 664 693 671 653 672 689 713 711 703 706 716 715 715 721 716 711 716 714 0.00 
528 574 580 606 598 597 599 664 668 706 721 698 690 692 713 709 706 710 712 717 720 717 709 710 708 709 0.00 
543 549 588 595 614 603 603 640 657 721 733 729 746 716 709 723 706 711 714 722 722 718 710 713 0.00 0.00 0.00 
543 554 569 562 623 610 628 671 696 745 765 723 721 761 742 746 722 717 717 719 719 719 715 719 715 0.00 0.00 
530 546 576 604 641 621 618 683 730 731 778 778 736 742 748 749 747 732 722 721 722 722 725 0.00 0.00 0.00 0.00 
538 568 592 624 637 624 618 695 729 712 769 771 789 736 745 742 737 742 729 725 726 725 0.00 0.00 0.00 0.00 0.00 
543 564 577 618 620 623 634 687 714 716 753 747 790 765 758 752 757 764 746 731 734 727 0.00 0.00 0.00 0.00 0.00 
532 551 566 605 631 648 632 662 717 705 725 759 783 758 752 756 763 769 768 746 753 0.00 0.00 0.00 0.00 0.00 0.00 
558 558 566 603 643 644 635 659 681 718 720 739 775 758 758 763 772 753 757 744 782 0.00 0.00 0.00 0.00 0.00 0.00 
570 574 570 588 613 662 661 641 700 720 716 720 756 752 757 759 753 752 738 732 0.00 0.00 0.00 0.00 0.00 0.00 0.00 
572 585 589 586 609 627 633 647 706 708 701 742 752 742 733 750 753 749 733 0.00 0.00 0.00 0.00 0.00 0.00 0.00 0.00 
572 590 618 630 649 667 642 678 711 695 707 721 739 713 717 725 734 740 740 0.00 0.00 0.00 0.00 0.00 0.00 0.00 0.00 
577 605 630 650 654 645 664 643 656 691 697 725 733 697 700 727 739 744 744 0.00 0.00 0.00 0.00 0.00 0.00 0.00 0.00 
596 636 631 640 648 660 646 661 677 651 661 693 724 682 704 704 716 713 0.00 0.00 0.00 0.00 0.00 0.00 0.00 0.00 0.00 
603 646 663 678 687 684 666 681 713 684 663 686 728 715 0.00 0.00 0.00 0.00 0.00 0.00 0.00 0.00 0.00 0.00 0.00 0.00 0.00 
619 655 679 699 686 660 670 704 717 714 715 683 708 685 656 0.00 0.00 0.00 0.00 0.00 0.00 0.00 0.00 0.00 0.00 0.00 0.00 
