2016_CCC_ARR_IFD/catchment_depth_720min_18127aep.txt.asc
ncols         27
nrows         23
xllcorner     150.975
yllcorner     -33.6
cellsize      0.025
NODATA_value  -9999
79.2 79.1 82.2 84.2 83.2 81.9 81.7 84.3 86.9 91.3 96.4 98.3 98.7 103 104 106 104 101 103 105 106 108 110 110 111 111 112 
81.5 81.9 83.1 85.3 85.7 85.6 84.9 86.6 89.9 94.7 99.6 104 103 104 107 103 102 102 104 105 107 108 109 110 111 112 113 
80.5 83.1 85.9 86.6 86.4 87.3 87.8 88.8 93.8 96.8 100 103 103 102 107 110 107 105 105 106 108 109 110 111 112 113 113 
83.3 84.1 87.2 84.5 85.9 87.1 91.3 91.4 92.9 96.8 100 101 103 104 108 105 106 105 107 108 109 110 111 112 113 114 116 
83.8 84.4 87.5 85.1 87.6 89.5 92.0 93.8 97.7 102 101 99.8 105 103 107 105 108 107 108 110 111 111 112 113 114 115 116 
83.2 87.2 87.2 85.5 90.2 90.2 90.9 93.6 99.5 104 102 103 104 105 108 106 108 110 111 111 112 113 113 114 115 117 116 
82.1 85.5 85.5 87.1 91.7 90.8 93.6 96.6 101 106 105 104 103 110 109 108 110 112 113 113 114 114 115 115 116 118 119 
82.2 87.5 90.1 92.3 94.6 91.7 96.0 101 105 109 106 104 106 108 111 111 112 113 114 115 115 116 116 116 116 117 0.00 
84.0 89.3 90.8 94.4 94.4 95.0 95.8 104 105 110 112 110 109 109 112 113 113 115 116 116 117 116 116 117 117 117 0.00 
85.5 86.9 91.6 93.4 96.3 95.8 96.4 101 104 112 114 114 116 113 113 115 115 116 118 118 118 117 117 118 0.00 0.00 0.00 
85.7 87.6 89.9 90.1 97.4 96.7 99.5 105 109 115 118 113 113 118 116 117 117 118 118 118 118 118 119 119 119 0.00 0.00 
84.7 87.0 90.8 94.5 99.4 98.1 98.5 107 113 113 119 120 115 116 117 118 119 119 119 119 119 119 119 0.00 0.00 0.00 0.00 
85.6 89.2 92.6 96.8 99.2 98.8 98.8 108 113 111 119 119 122 116 117 118 118 120 119 119 119 119 0.00 0.00 0.00 0.00 0.00 
86.3 89.0 91.3 96.4 97.6 98.9 101 108 111 112 117 117 122 120 119 119 120 122 120 119 120 119 0.00 0.00 0.00 0.00 0.00 
85.6 88.1 90.5 95.2 99.0 102 101 105 112 111 114 118 122 119 118 119 120 122 123 121 122 0.00 0.00 0.00 0.00 0.00 0.00 
87.8 89.0 90.8 95.2 100 102 102 105 108 113 114 116 121 119 117 119 122 120 121 120 125 0.00 0.00 0.00 0.00 0.00 0.00 
88.9 90.2 91.5 94.3 98.0 104 105 104 111 114 114 114 119 118 116 118 119 120 119 119 0.00 0.00 0.00 0.00 0.00 0.00 0.00 
89.3 91.4 93.3 94.6 98.0 101 103 105 112 113 113 118 119 117 115 118 120 120 118 0.00 0.00 0.00 0.00 0.00 0.00 0.00 0.00 
90.3 92.6 96.4 99.1 102 105 104 109 113 113 114 116 118 114 114 116 118 119 120 0.00 0.00 0.00 0.00 0.00 0.00 0.00 0.00 
91.4 94.7 98.3 102 103 104 107 106 108 113 114 117 119 113 113 117 120 121 121 0.00 0.00 0.00 0.00 0.00 0.00 0.00 0.00 
93.7 98.4 99.0 101 103 106 106 109 112 109 110 115 118 112 115 115 117 117 0.00 0.00 0.00 0.00 0.00 0.00 0.00 0.00 0.00 
94.8 100 103 105 107 108 108 111 115 114 111 114 119 118 0.00 0.00 0.00 0.00 0.00 0.00 0.00 0.00 0.00 0.00 0.00 0.00 0.00 
96.8 101 105 108 108 106 109 113 116 116 117 114 118 115 110 0.00 0.00 0.00 0.00 0.00 0.00 0.00 0.00 0.00 0.00 0.00 0.00 
