2016_CCC_ARR_IFD/catchment_depth_5760min_63212aep.txt.asc
ncols         27
nrows         23
xllcorner     150.975
yllcorner     -33.6
cellsize      0.025
NODATA_value  -9999
109 108 114 117 113 108 105 109 113 122 132 134 132 141 141 144 135 123 125 127 127 130 133 132 132 132 133 
114 114 115 119 118 116 112 114 119 129 139 146 142 141 148 134 129 125 125 126 128 130 131 132 132 133 133 
111 116 121 121 119 119 117 118 128 133 139 143 140 134 145 150 139 132 129 127 129 130 131 132 134 134 134 
118 118 124 115 116 117 125 122 124 131 137 137 139 139 145 137 137 130 130 130 132 132 133 134 134 136 139 
118 117 123 115 119 121 125 127 134 143 138 131 142 134 142 135 139 133 133 134 134 134 134 135 136 138 139 
115 124 121 115 124 121 120 124 137 146 137 137 137 137 141 132 138 139 139 135 135 136 136 136 138 140 139 
111 118 116 117 126 121 126 130 139 150 142 138 132 147 141 133 137 141 140 137 137 137 138 138 140 142 144 
110 122 126 129 132 122 130 139 146 153 143 135 138 140 145 142 138 138 139 138 138 139 139 138 139 140 0.00 
114 126 127 133 130 129 128 145 145 154 157 147 142 141 145 142 140 140 139 140 140 139 139 140 140 140 0.00 
117 118 128 129 133 129 128 137 140 156 157 155 158 147 144 146 141 141 141 142 142 141 141 141 0.00 0.00 0.00 
116 119 122 120 135 130 134 144 149 161 165 152 150 160 153 153 145 143 143 143 143 142 143 144 144 0.00 0.00 
112 116 123 129 138 132 130 146 157 156 166 165 154 154 155 154 153 148 145 145 144 144 145 0.00 0.00 0.00 0.00 
114 121 127 134 136 133 130 149 156 151 164 163 167 153 154 153 151 151 148 147 147 146 0.00 0.00 0.00 0.00 0.00 
115 119 122 132 132 132 134 146 152 152 160 158 168 161 158 156 157 158 153 149 150 148 0.00 0.00 0.00 0.00 0.00 
111 116 119 128 134 137 133 140 153 149 153 161 166 160 157 158 159 160 160 154 155 0.00 0.00 0.00 0.00 0.00 0.00 
117 117 118 127 136 136 134 139 144 152 152 157 165 160 159 160 162 157 158 155 163 0.00 0.00 0.00 0.00 0.00 0.00 
120 120 119 123 129 140 140 135 148 153 152 152 161 160 160 160 159 158 155 153 0.00 0.00 0.00 0.00 0.00 0.00 0.00 
120 122 123 122 127 132 133 137 150 151 149 159 161 158 156 159 160 159 155 0.00 0.00 0.00 0.00 0.00 0.00 0.00 0.00 
119 123 129 132 136 141 135 144 152 148 151 154 159 152 153 155 157 158 158 0.00 0.00 0.00 0.00 0.00 0.00 0.00 0.00 
119 125 131 136 137 136 141 136 140 148 150 156 158 150 151 157 159 160 160 0.00 0.00 0.00 0.00 0.00 0.00 0.00 0.00 
123 132 131 134 136 139 137 141 145 140 142 150 157 148 153 153 155 154 0.00 0.00 0.00 0.00 0.00 0.00 0.00 0.00 0.00 
124 134 138 142 145 145 142 146 154 148 144 149 159 157 0.00 0.00 0.00 0.00 0.00 0.00 0.00 0.00 0.00 0.00 0.00 0.00 0.00 
127 135 141 146 144 140 143 152 155 156 157 150 156 151 144 0.00 0.00 0.00 0.00 0.00 0.00 0.00 0.00 0.00 0.00 0.00 0.00 
