2016_CCC_ARR_IFD/catchment_depth_270min_01000aep.txt.asc
ncols         27
nrows         23
xllcorner     150.975
yllcorner     -33.6
cellsize      0.025
NODATA_value  -9999
102 102 105 108 108 107 108 111 115 120 125 128 129 133 135 138 138 136 139 141 144 147 149 151 152 154 155 
104 105 107 109 111 111 112 114 118 124 128 131 133 135 138 137 136 138 140 143 145 148 150 151 153 155 156 
104 106 109 111 112 114 115 117 123 126 130 133 135 135 140 142 142 140 143 145 147 149 151 152 154 156 157 
106 108 111 110 112 114 119 121 123 128 132 134 137 139 142 142 143 143 145 147 149 151 152 154 156 157 159 
107 108 112 111 114 117 121 124 128 133 134 135 140 141 144 144 147 147 148 150 151 153 154 155 157 159 160 
107 111 112 111 117 118 120 124 131 136 137 139 142 144 147 146 149 151 152 152 153 155 156 157 159 160 161 
106 110 111 113 119 119 124 128 134 139 140 142 142 149 151 149 152 155 156 156 156 157 158 159 160 162 163 
107 112 115 118 122 121 126 132 137 141 143 143 147 151 155 155 155 157 158 158 158 159 160 160 161 162 0.00 
108 113 116 120 122 124 127 136 139 144 148 149 151 152 156 157 158 160 161 161 161 161 161 161 161 162 0.00 
110 112 117 120 124 125 128 134 138 147 151 153 156 156 157 160 160 163 164 164 163 162 162 162 0.00 0.00 0.00 
110 113 116 118 125 126 131 138 143 150 153 153 155 160 161 163 163 164 165 165 164 163 163 163 164 0.00 0.00 
109 112 117 121 127 128 130 139 146 149 156 158 157 159 162 163 165 165 165 165 165 164 164 0.00 0.00 0.00 0.00 
110 114 118 123 127 128 130 141 146 147 156 158 161 158 161 162 163 166 165 165 165 164 0.00 0.00 0.00 0.00 0.00 
111 114 117 123 125 128 131 140 145 148 154 155 161 161 162 163 165 167 166 165 165 164 0.00 0.00 0.00 0.00 0.00 
110 113 116 122 126 131 131 136 145 146 150 156 160 160 160 162 165 167 168 166 167 0.00 0.00 0.00 0.00 0.00 0.00 
111 114 116 121 127 130 131 136 140 147 149 153 159 159 159 162 165 164 165 164 169 0.00 0.00 0.00 0.00 0.00 0.00 
112 114 117 120 125 132 134 133 142 147 148 149 156 157 155 159 161 162 161 162 0.00 0.00 0.00 0.00 0.00 0.00 0.00 
112 115 118 120 124 128 130 134 143 145 145 152 155 154 152 157 160 162 160 0.00 0.00 0.00 0.00 0.00 0.00 0.00 0.00 
114 116 121 124 128 132 131 137 143 142 145 149 152 148 150 153 156 159 160 0.00 0.00 0.00 0.00 0.00 0.00 0.00 0.00 
115 119 123 127 129 130 134 132 135 141 143 149 151 146 147 153 157 159 160 0.00 0.00 0.00 0.00 0.00 0.00 0.00 0.00 
117 122 124 126 129 132 131 134 138 135 137 143 150 143 148 149 153 153 0.00 0.00 0.00 0.00 0.00 0.00 0.00 0.00 0.00 
118 124 127 131 133 135 134 137 143 139 137 142 150 149 0.00 0.00 0.00 0.00 0.00 0.00 0.00 0.00 0.00 0.00 0.00 0.00 0.00 
120 125 130 133 133 131 134 140 143 144 145 141 146 144 140 0.00 0.00 0.00 0.00 0.00 0.00 0.00 0.00 0.00 0.00 0.00 0.00 
