2016_CCC_ARR_IFD/catchment_depth_1min_39347aep.txt.asc
ncols         27
nrows         23
xllcorner     150.975
yllcorner     -33.6
cellsize      0.025
NODATA_value  -9999
2.33 2.32 2.34 2.35 2.33 2.31 2.31 2.33 2.36 2.41 2.47 2.49 2.50 2.54 2.56 2.59 2.58 2.60 2.63 2.65 2.68 2.70 2.72 2.75 2.77 2.79 2.81 
2.35 2.34 2.35 2.36 2.36 2.36 2.35 2.37 2.40 2.45 2.50 2.54 2.55 2.56 2.59 2.58 2.60 2.62 2.65 2.67 2.70 2.72 2.74 2.76 2.78 2.80 2.82 
2.35 2.36 2.38 2.38 2.37 2.38 2.38 2.39 2.44 2.48 2.51 2.54 2.55 2.55 2.60 2.63 2.63 2.65 2.67 2.69 2.72 2.74 2.76 2.78 2.80 2.82 2.84 
2.37 2.37 2.39 2.37 2.38 2.39 2.42 2.43 2.44 2.48 2.52 2.54 2.56 2.58 2.61 2.62 2.64 2.66 2.69 2.71 2.74 2.76 2.78 2.80 2.81 2.83 2.85 
2.38 2.38 2.40 2.38 2.40 2.41 2.44 2.46 2.49 2.54 2.54 2.53 2.58 2.58 2.62 2.63 2.66 2.69 2.71 2.74 2.76 2.78 2.79 2.81 2.83 2.85 2.87 
2.38 2.40 2.40 2.39 2.43 2.43 2.44 2.46 2.52 2.56 2.55 2.57 2.58 2.60 2.64 2.65 2.68 2.71 2.73 2.76 2.78 2.79 2.81 2.83 2.85 2.86 2.88 
2.38 2.40 2.40 2.41 2.45 2.44 2.47 2.50 2.54 2.59 2.58 2.58 2.59 2.65 2.65 2.67 2.70 2.73 2.75 2.78 2.80 2.81 2.83 2.84 2.86 2.88 2.90 
2.39 2.42 2.44 2.46 2.48 2.46 2.49 2.54 2.58 2.62 2.60 2.59 2.61 2.64 2.68 2.70 2.72 2.75 2.78 2.80 2.81 2.83 2.84 2.86 2.87 2.89 0.00 
2.40 2.43 2.45 2.48 2.48 2.49 2.50 2.57 2.59 2.64 2.66 2.64 2.64 2.66 2.69 2.71 2.74 2.77 2.80 2.82 2.83 2.84 2.86 2.87 2.88 2.90 0.00 
2.42 2.43 2.46 2.48 2.50 2.50 2.51 2.55 2.58 2.66 2.68 2.68 2.71 2.68 2.70 2.73 2.76 2.79 2.82 2.83 2.85 2.86 2.87 2.88 0.00 0.00 0.00 
2.43 2.44 2.46 2.47 2.52 2.52 2.54 2.59 2.63 2.69 2.72 2.68 2.68 2.74 2.73 2.75 2.78 2.81 2.83 2.85 2.86 2.87 2.88 2.89 2.91 0.00 0.00 
2.43 2.45 2.47 2.50 2.54 2.53 2.54 2.61 2.67 2.68 2.75 2.75 2.71 2.73 2.75 2.77 2.79 2.82 2.84 2.85 2.87 2.88 2.89 0.00 0.00 0.00 0.00 
2.44 2.46 2.49 2.52 2.54 2.54 2.55 2.63 2.68 2.66 2.74 2.75 2.78 2.73 2.75 2.77 2.80 2.83 2.84 2.86 2.88 2.89 0.00 0.00 0.00 0.00 0.00 
2.45 2.47 2.49 2.52 2.54 2.55 2.57 2.63 2.67 2.68 2.73 2.73 2.79 2.77 2.77 2.79 2.81 2.84 2.86 2.87 2.89 2.90 0.00 0.00 0.00 0.00 0.00 
2.46 2.47 2.49 2.52 2.55 2.58 2.58 2.61 2.68 2.67 2.70 2.75 2.79 2.77 2.77 2.79 2.82 2.85 2.87 2.89 2.91 0.00 0.00 0.00 0.00 0.00 0.00 
2.47 2.48 2.50 2.53 2.57 2.58 2.59 2.62 2.65 2.69 2.70 2.74 2.80 2.78 2.77 2.80 2.84 2.85 2.88 2.89 2.94 0.00 0.00 0.00 0.00 0.00 0.00 
2.48 2.49 2.51 2.53 2.56 2.61 2.62 2.61 2.67 2.71 2.71 2.72 2.78 2.78 2.78 2.81 2.84 2.86 2.88 2.90 0.00 0.00 0.00 0.00 0.00 0.00 0.00 
2.49 2.51 2.53 2.54 2.57 2.59 2.61 2.63 2.69 2.71 2.71 2.77 2.79 2.79 2.80 2.83 2.86 2.88 2.89 0.00 0.00 0.00 0.00 0.00 0.00 0.00 0.00 
2.51 2.52 2.55 2.58 2.60 2.63 2.62 2.66 2.71 2.71 2.73 2.76 2.80 2.79 2.81 2.84 2.87 2.90 2.92 0.00 0.00 0.00 0.00 0.00 0.00 0.00 0.00 
2.53 2.55 2.58 2.60 2.62 2.63 2.65 2.65 2.67 2.72 2.74 2.79 2.82 2.81 2.83 2.87 2.90 2.93 2.95 0.00 0.00 0.00 0.00 0.00 0.00 0.00 0.00 
2.55 2.58 2.59 2.61 2.63 2.65 2.66 2.68 2.71 2.71 2.74 2.79 2.84 2.83 2.87 2.89 2.91 2.93 0.00 0.00 0.00 0.00 0.00 0.00 0.00 0.00 0.00 
2.57 2.60 2.62 2.65 2.67 2.68 2.69 2.71 2.76 2.76 2.77 2.81 2.87 2.89 0.00 0.00 0.00 0.00 0.00 0.00 0.00 0.00 0.00 0.00 0.00 0.00 0.00 
2.59 2.62 2.65 2.68 2.68 2.69 2.71 2.76 2.79 2.81 2.84 2.85 2.89 2.90 2.90 0.00 0.00 0.00 0.00 0.00 0.00 0.00 0.00 0.00 0.00 0.00 0.00 
