2016_CCC_ARR_IFD/catchment_depth_60min_20000aep.txt.asc
ncols         27
nrows         23
xllcorner     150.975
yllcorner     -33.6
cellsize      0.025
NODATA_value  -9999
33.8 33.7 34.2 34.5 34.3 34.1 34.3 34.8 35.4 36.4 37.5 37.9 38.2 39.0 39.4 39.8 40.0 40.4 40.9 41.4 41.9 42.4 42.8 43.2 43.6 44.0 44.4 
34.1 34.1 34.3 34.7 34.8 34.8 34.8 35.3 36.0 37.0 38.0 38.6 38.9 39.2 39.8 39.9 40.2 40.7 41.2 41.7 42.2 42.6 43.1 43.5 43.9 44.2 44.6 
33.9 34.3 34.7 34.9 34.9 35.1 35.4 35.7 36.7 37.4 38.2 38.7 39.0 39.2 40.0 40.5 40.8 41.1 41.6 42.1 42.5 42.9 43.3 43.7 44.1 44.5 44.9 
34.3 34.4 34.9 34.5 34.8 35.2 36.0 36.2 36.7 37.5 38.3 38.7 39.3 39.7 40.3 40.6 41.1 41.5 42.0 42.4 42.8 43.2 43.6 44.0 44.3 44.7 45.1 
34.3 34.4 34.9 34.6 35.1 35.6 36.2 36.7 37.5 38.4 38.6 38.8 39.7 39.9 40.6 41.0 41.5 42.0 42.4 42.8 43.2 43.5 43.9 44.2 44.6 44.9 45.3 
34.3 34.9 34.9 34.7 35.6 35.8 36.2 36.8 37.9 38.8 38.9 39.4 39.9 40.4 41.0 41.5 42.0 42.4 42.9 43.2 43.5 43.9 44.2 44.5 44.8 45.2 45.5 
34.4 34.7 34.8 35.0 35.9 36.0 36.7 37.4 38.3 39.2 39.4 39.8 40.2 41.0 41.4 42.0 42.5 42.9 43.4 43.7 43.9 44.2 44.5 44.7 45.0 45.4 45.7 
34.6 35.0 35.5 36.0 36.5 36.4 37.2 38.1 38.9 39.7 39.8 40.1 40.7 41.3 41.9 42.4 43.0 43.5 43.9 44.2 44.4 44.6 44.8 44.9 45.2 45.5 0.00 
34.8 35.4 35.7 36.4 36.6 36.9 37.4 38.7 39.2 40.1 40.7 40.8 41.2 41.7 42.4 42.9 43.5 44.1 44.4 44.7 44.8 44.9 45.0 45.1 45.4 45.6 0.00 
35.0 35.3 35.9 36.4 37.0 37.2 37.7 38.5 39.2 40.5 41.1 41.5 42.0 42.2 42.8 43.4 44.0 44.6 45.0 45.1 45.2 45.2 45.2 45.3 0.00 0.00 0.00 
35.2 35.5 36.0 36.3 37.3 37.5 38.2 39.2 39.9 41.0 41.7 41.6 42.0 42.8 43.2 43.7 44.3 44.9 45.3 45.4 45.4 45.4 45.5 45.5 45.7 0.00 0.00 
35.4 35.7 36.2 36.8 37.6 37.8 38.3 39.5 40.6 41.1 42.1 42.5 42.4 42.9 43.5 44.0 44.5 45.1 45.4 45.5 45.6 45.6 45.7 0.00 0.00 0.00 0.00 
35.5 35.9 36.5 37.2 37.7 38.0 38.5 39.8 40.7 40.9 42.2 42.6 43.1 43.1 43.7 44.2 44.7 45.2 45.4 45.6 45.7 45.8 0.00 0.00 0.00 0.00 0.00 
35.7 36.1 36.5 37.3 37.7 38.2 38.8 39.8 40.6 41.1 42.1 42.4 43.3 43.5 43.9 44.4 44.9 45.3 45.6 45.7 45.9 46.0 0.00 0.00 0.00 0.00 0.00 
35.9 36.2 36.6 37.3 37.9 38.6 38.9 39.7 40.8 41.1 41.8 42.7 43.4 43.6 44.0 44.5 45.0 45.4 45.8 45.9 46.1 0.00 0.00 0.00 0.00 0.00 0.00 
35.9 36.3 36.8 37.4 38.2 38.7 39.1 39.8 40.5 41.4 41.9 42.6 43.4 43.7 44.1 44.7 45.2 45.4 45.8 45.9 46.4 0.00 0.00 0.00 0.00 0.00 0.00 
36.0 36.4 36.9 37.4 38.1 39.0 39.4 39.7 40.8 41.5 41.9 42.4 43.3 43.7 44.0 44.6 45.0 45.4 45.6 45.8 0.00 0.00 0.00 0.00 0.00 0.00 0.00 
36.1 36.5 37.1 37.6 38.2 38.8 39.3 39.9 41.0 41.5 41.8 42.8 43.4 43.7 43.9 44.6 45.2 45.5 45.6 0.00 0.00 0.00 0.00 0.00 0.00 0.00 0.00 
36.5 36.8 37.5 38.0 38.6 39.3 39.5 40.3 41.2 41.4 42.0 42.7 43.4 43.4 43.8 44.4 45.0 45.5 45.8 0.00 0.00 0.00 0.00 0.00 0.00 0.00 0.00 
36.7 37.2 37.8 38.4 38.8 39.2 39.8 40.0 40.6 41.5 42.0 42.9 43.4 43.3 43.8 44.6 45.2 45.6 45.9 0.00 0.00 0.00 0.00 0.00 0.00 0.00 0.00 
37.0 37.7 38.0 38.4 38.9 39.5 39.7 40.3 41.0 41.1 41.6 42.6 43.5 43.3 44.1 44.5 45.0 45.3 0.00 0.00 0.00 0.00 0.00 0.00 0.00 0.00 0.00 
37.2 38.0 38.5 39.0 39.5 39.9 40.1 40.7 41.6 41.7 41.8 42.7 43.7 44.0 0.00 0.00 0.00 0.00 0.00 0.00 0.00 0.00 0.00 0.00 0.00 0.00 0.00 
37.5 38.2 38.8 39.4 39.6 39.7 40.2 41.1 41.8 42.2 42.8 42.8 43.7 43.8 43.7 0.00 0.00 0.00 0.00 0.00 0.00 0.00 0.00 0.00 0.00 0.00 0.00 
