2016_CCC_ARR_IFD/catchment_depth_1440min_02000aep.txt.asc
ncols         27
nrows         23
xllcorner     150.975
yllcorner     -33.6
cellsize      0.025
NODATA_value  -9999
180 179 188 194 190 186 184 192 200 212 227 232 233 245 248 254 248 239 244 249 252 258 263 264 264 265 266 
186 187 190 197 197 197 194 198 208 222 236 247 245 247 256 245 241 240 243 247 252 256 260 262 263 265 266 
183 191 199 200 199 201 202 204 218 227 237 244 243 239 254 262 253 247 247 248 252 255 258 261 264 265 266 
192 194 202 194 197 200 212 211 215 226 236 238 243 246 255 248 250 246 249 250 254 257 259 261 263 266 270 
194 195 203 196 202 207 213 218 228 241 238 233 248 242 253 246 254 249 252 255 257 258 259 262 264 267 269 
192 203 202 197 210 209 210 217 233 246 239 242 243 246 253 245 253 256 259 256 257 259 261 262 265 269 267 
189 198 198 201 214 210 218 225 238 252 246 245 239 259 255 247 254 260 260 259 259 261 262 263 266 270 274 
189 205 211 217 222 213 224 237 247 258 249 241 247 253 261 259 256 257 260 260 260 262 263 262 264 266 0.00 
195 210 213 223 221 222 223 246 248 262 267 258 254 254 261 259 258 260 261 262 263 262 262 262 263 264 0.00 
200 203 216 220 227 224 224 238 244 266 271 269 275 263 259 264 259 262 264 265 265 263 263 263 0.00 0.00 0.00 
200 205 211 210 230 227 233 249 258 274 282 267 265 280 272 272 265 265 265 265 264 264 265 265 266 0.00 0.00 
197 203 213 223 236 231 230 253 269 270 286 286 271 272 274 273 273 269 266 266 265 265 266 0.00 0.00 0.00 0.00 
201 211 219 230 236 233 230 257 269 263 283 284 290 269 272 271 269 271 267 266 267 266 0.00 0.00 0.00 0.00 0.00 
203 210 215 229 231 233 237 255 264 265 278 275 291 281 277 273 275 279 272 268 269 267 0.00 0.00 0.00 0.00 0.00 
200 207 213 226 235 242 237 247 266 261 268 280 289 278 273 274 277 280 280 273 276 0.00 0.00 0.00 0.00 0.00 0.00 
208 210 213 226 239 241 239 247 254 267 266 273 286 278 273 276 282 274 276 272 286 0.00 0.00 0.00 0.00 0.00 0.00 
213 215 215 222 232 248 248 241 261 269 266 265 280 276 271 273 273 274 270 268 0.00 0.00 0.00 0.00 0.00 0.00 0.00 
214 219 222 223 231 237 240 245 265 265 262 276 279 272 266 272 275 274 268 0.00 0.00 0.00 0.00 0.00 0.00 0.00 0.00 
216 222 232 237 244 251 244 256 267 262 266 270 275 262 262 266 270 272 272 0.00 0.00 0.00 0.00 0.00 0.00 0.00 0.00 
219 228 237 244 247 246 252 245 250 262 264 273 275 259 259 269 274 276 275 0.00 0.00 0.00 0.00 0.00 0.00 0.00 0.00 
226 239 238 242 246 251 247 253 259 249 251 263 273 256 264 263 267 266 0.00 0.00 0.00 0.00 0.00 0.00 0.00 0.00 0.00 
229 243 249 255 259 259 254 260 271 262 254 262 276 271 0.00 0.00 0.00 0.00 0.00 0.00 0.00 0.00 0.00 0.00 0.00 0.00 0.00 
235 247 255 262 259 252 256 268 273 272 273 262 270 262 249 0.00 0.00 0.00 0.00 0.00 0.00 0.00 0.00 0.00 0.00 0.00 0.00 
