2016_CCC_ARR_IFD/catchment_depth_4min_50000aep.txt.asc
ncols         27
nrows         23
xllcorner     150.975
yllcorner     -33.6
cellsize      0.025
NODATA_value  -9999
6.01 5.99 6.03 6.07 6.03 5.99 5.99 6.06 6.13 6.27 6.42 6.48 6.50 6.62 6.67 6.73 6.73 6.80 6.88 6.95 7.02 7.08 7.14 7.21 7.27 7.33 7.39 
6.06 6.05 6.06 6.10 6.11 6.10 6.09 6.14 6.23 6.37 6.50 6.60 6.62 6.65 6.74 6.71 6.76 6.86 6.94 7.01 7.07 7.14 7.20 7.26 7.32 7.37 7.43 
6.05 6.08 6.13 6.14 6.13 6.15 6.17 6.21 6.34 6.43 6.53 6.60 6.62 6.63 6.76 6.84 6.83 6.89 6.99 7.07 7.13 7.19 7.25 7.31 7.36 7.41 7.47 
6.10 6.11 6.16 6.11 6.14 6.17 6.27 6.29 6.34 6.44 6.54 6.58 6.65 6.70 6.80 6.81 6.88 6.97 7.06 7.13 7.19 7.25 7.30 7.36 7.41 7.46 7.50 
6.11 6.12 6.18 6.14 6.19 6.24 6.31 6.36 6.46 6.58 6.59 6.59 6.72 6.73 6.82 6.87 6.94 7.04 7.12 7.19 7.25 7.31 7.36 7.40 7.45 7.50 7.54 
6.12 6.18 6.19 6.18 6.26 6.28 6.32 6.39 6.52 6.64 6.62 6.67 6.72 6.79 6.87 6.96 7.02 7.09 7.17 7.26 7.32 7.37 7.41 7.45 7.49 7.54 7.58 
6.14 6.17 6.19 6.23 6.31 6.32 6.39 6.47 6.58 6.71 6.70 6.73 6.77 6.89 6.92 7.04 7.10 7.16 7.25 7.33 7.38 7.42 7.46 7.49 7.53 7.57 7.62 
6.17 6.22 6.27 6.33 6.39 6.37 6.46 6.58 6.68 6.78 6.75 6.76 6.83 6.90 6.99 7.07 7.19 7.28 7.34 7.40 7.44 7.47 7.50 7.53 7.57 7.61 0.00 
6.20 6.26 6.31 6.38 6.41 6.44 6.49 6.66 6.71 6.84 6.91 6.87 6.89 6.97 7.05 7.15 7.26 7.35 7.43 7.47 7.50 7.52 7.54 7.57 7.60 7.64 0.00 
6.23 6.27 6.34 6.39 6.46 6.49 6.53 6.63 6.70 6.90 6.96 6.98 7.06 7.03 7.12 7.20 7.33 7.43 7.51 7.53 7.55 7.56 7.58 7.60 0.00 0.00 0.00 
6.26 6.30 6.35 6.39 6.51 6.53 6.60 6.73 6.82 6.98 7.06 6.99 7.02 7.15 7.16 7.24 7.36 7.48 7.55 7.57 7.58 7.60 7.61 7.63 7.66 0.00 0.00 
6.28 6.32 6.38 6.46 6.56 6.57 6.61 6.78 6.93 6.97 7.13 7.16 7.08 7.14 7.21 7.28 7.37 7.48 7.54 7.58 7.61 7.63 7.65 0.00 0.00 0.00 0.00 
6.31 6.35 6.42 6.51 6.58 6.60 6.64 6.83 6.95 6.94 7.13 7.17 7.25 7.16 7.24 7.32 7.40 7.48 7.54 7.59 7.62 7.65 0.00 0.00 0.00 0.00 0.00 
6.33 6.37 6.43 6.52 6.57 6.63 6.69 6.83 6.93 6.98 7.11 7.12 7.28 7.25 7.28 7.34 7.41 7.49 7.55 7.60 7.64 7.67 0.00 0.00 0.00 0.00 0.00 
6.37 6.40 6.45 6.53 6.61 6.69 6.72 6.81 6.97 6.98 7.06 7.18 7.29 7.26 7.27 7.35 7.43 7.51 7.57 7.62 7.67 0.00 0.00 0.00 0.00 0.00 0.00 
6.37 6.42 6.48 6.55 6.66 6.71 6.75 6.83 6.92 7.03 7.07 7.16 7.30 7.28 7.28 7.37 7.47 7.51 7.58 7.63 7.72 0.00 0.00 0.00 0.00 0.00 0.00 
6.39 6.43 6.51 6.57 6.64 6.77 6.81 6.84 6.98 7.07 7.10 7.14 7.28 7.30 7.30 7.38 7.46 7.53 7.59 7.65 0.00 0.00 0.00 0.00 0.00 0.00 0.00 
6.41 6.46 6.53 6.61 6.67 6.75 6.81 6.88 7.03 7.08 7.11 7.25 7.32 7.31 7.34 7.43 7.51 7.57 7.62 0.00 0.00 0.00 0.00 0.00 0.00 0.00 0.00 
6.48 6.51 6.59 6.66 6.75 6.83 6.85 6.96 7.08 7.10 7.17 7.25 7.34 7.32 7.38 7.46 7.53 7.61 7.67 0.00 0.00 0.00 0.00 0.00 0.00 0.00 0.00 
6.52 6.57 6.64 6.72 6.79 6.84 6.92 6.95 7.03 7.14 7.21 7.32 7.39 7.37 7.43 7.54 7.62 7.68 7.73 0.00 0.00 0.00 0.00 0.00 0.00 0.00 0.00 
6.57 6.64 6.69 6.75 6.82 6.89 6.94 7.02 7.10 7.13 7.21 7.33 7.45 7.42 7.52 7.57 7.65 7.69 0.00 0.00 0.00 0.00 0.00 0.00 0.00 0.00 0.00 
6.62 6.69 6.76 6.83 6.90 6.96 7.00 7.09 7.21 7.24 7.28 7.39 7.53 7.57 0.00 0.00 0.00 0.00 0.00 0.00 0.00 0.00 0.00 0.00 0.00 0.00 0.00 
6.66 6.74 6.81 6.89 6.93 6.97 7.05 7.17 7.27 7.35 7.43 7.47 7.58 7.61 7.60 0.00 0.00 0.00 0.00 0.00 0.00 0.00 0.00 0.00 0.00 0.00 0.00 
