2016_CCC_ARR_IFD/catchment_depth_3min_00500aep.txt.asc
ncols         27
nrows         23
xllcorner     150.975
yllcorner     -33.6
cellsize      0.025
NODATA_value  -9999
13.9 13.9 14.2 14.3 14.3 14.4 14.5 14.8 15.1 15.6 15.9 16.2 16.4 16.6 16.9 17.1 17.4 17.6 17.9 18.1 18.4 18.6 18.8 19.0 19.1 19.3 19.5 
14.1 14.1 14.2 14.4 14.5 14.7 14.8 15.1 15.4 15.8 16.2 16.4 16.6 16.9 17.1 17.5 17.6 17.9 18.2 18.4 18.6 18.8 19.0 19.2 19.4 19.6 19.7 
14.0 14.2 14.4 14.5 14.6 14.8 15.0 15.3 15.7 16.1 16.4 16.6 16.9 17.2 17.4 17.6 18.0 18.2 18.5 18.7 18.9 19.1 19.3 19.4 19.6 19.8 19.9 
14.1 14.2 14.5 14.4 14.6 14.8 15.3 15.5 15.9 16.3 16.6 16.9 17.2 17.5 17.7 18.1 18.3 18.6 18.8 19.0 19.2 19.4 19.5 19.7 19.8 20.0 20.1 
14.1 14.2 14.5 14.3 14.7 15.0 15.4 15.8 16.2 16.6 16.9 17.2 17.5 18.0 18.2 18.5 18.8 18.9 19.1 19.3 19.5 19.6 19.7 19.9 20.0 20.2 20.3 
14.1 14.4 14.4 14.3 14.9 15.1 15.4 15.8 16.4 16.8 17.2 17.6 18.0 18.4 18.6 18.9 19.2 19.3 19.5 19.6 19.7 19.8 20.0 20.1 20.3 20.4 20.5 
14.0 14.2 14.3 14.5 15.0 15.2 15.6 16.1 16.6 17.0 17.4 17.9 18.2 18.6 19.1 19.2 19.5 19.7 19.9 19.9 20.0 20.1 20.2 20.3 20.5 20.6 20.7 
14.1 14.4 14.7 15.0 15.3 15.3 15.9 16.4 16.9 17.3 17.7 18.1 18.7 19.1 19.4 19.7 19.8 20.0 20.2 20.2 20.3 20.4 20.5 20.5 20.6 20.7 0.00 
14.2 14.6 14.8 15.2 15.3 15.6 15.9 16.6 17.0 17.5 17.8 18.4 19.0 19.3 19.7 19.9 20.1 20.4 20.5 20.6 20.6 20.6 20.6 20.7 20.8 20.8 0.00 
14.3 14.5 14.9 15.1 15.5 15.7 16.1 16.6 17.1 17.7 18.2 18.5 18.9 19.5 19.8 20.1 20.3 20.6 20.8 20.9 20.8 20.8 20.8 20.9 0.00 0.00 0.00 
14.3 14.6 14.8 15.0 15.6 15.8 16.3 16.9 17.4 17.9 18.3 18.7 19.1 19.4 19.9 20.2 20.5 20.8 20.9 20.9 20.9 20.9 21.0 21.0 21.0 0.00 0.00 
14.3 14.5 14.9 15.3 15.8 15.9 16.3 17.0 17.6 18.0 18.5 18.8 19.2 19.6 20.0 20.3 20.6 20.8 20.9 20.9 21.0 21.0 21.0 0.00 0.00 0.00 0.00 
14.3 14.7 15.0 15.4 15.8 16.0 16.3 17.1 17.6 17.9 18.5 18.8 19.2 19.6 20.0 20.3 20.5 20.8 20.8 20.9 20.9 21.0 0.00 0.00 0.00 0.00 0.00 
14.4 14.6 14.9 15.4 15.7 16.0 16.4 17.0 17.5 17.9 18.4 18.8 19.1 19.6 19.9 20.2 20.5 20.8 20.8 20.8 20.9 20.9 0.00 0.00 0.00 0.00 0.00 
14.3 14.6 14.9 15.3 15.8 16.1 16.3 16.8 17.5 17.8 18.3 18.8 19.1 19.5 19.8 20.1 20.5 20.7 20.8 20.8 20.9 0.00 0.00 0.00 0.00 0.00 0.00 
14.4 14.6 14.9 15.3 15.8 16.1 16.3 16.8 17.2 17.8 18.1 18.6 19.0 19.3 19.7 20.0 20.3 20.4 20.6 20.6 20.9 0.00 0.00 0.00 0.00 0.00 0.00 
14.4 14.6 14.9 15.2 15.6 16.2 16.4 16.5 17.3 17.7 18.0 18.3 18.9 19.1 19.2 19.7 19.9 20.2 20.2 20.3 0.00 0.00 0.00 0.00 0.00 0.00 0.00 
14.4 14.7 15.0 15.1 15.5 15.9 16.1 16.5 17.3 17.5 17.7 18.4 18.7 18.9 18.9 19.4 19.8 20.1 20.0 0.00 0.00 0.00 0.00 0.00 0.00 0.00 0.00 
14.5 14.8 15.2 15.4 15.8 16.2 16.1 16.7 17.2 17.3 17.6 18.0 18.5 18.3 18.6 18.9 19.4 19.7 19.9 0.00 0.00 0.00 0.00 0.00 0.00 0.00 0.00 
14.5 14.9 15.2 15.6 15.8 15.9 16.3 16.2 16.5 17.1 17.4 18.0 18.3 18.0 18.3 18.9 19.3 19.6 19.7 0.00 0.00 0.00 0.00 0.00 0.00 0.00 0.00 
14.6 15.1 15.2 15.5 15.7 16.0 16.0 16.3 16.7 16.5 16.8 17.5 18.1 17.7 18.3 18.5 18.8 19.0 0.00 0.00 0.00 0.00 0.00 0.00 0.00 0.00 0.00 
14.7 15.2 15.5 15.8 16.1 16.2 16.2 16.5 17.1 16.9 16.8 17.3 18.0 18.1 0.00 0.00 0.00 0.00 0.00 0.00 0.00 0.00 0.00 0.00 0.00 0.00 0.00 
14.8 15.2 15.6 15.9 16.0 15.8 16.1 16.7 17.0 17.2 17.4 17.2 17.7 17.6 17.4 0.00 0.00 0.00 0.00 0.00 0.00 0.00 0.00 0.00 0.00 0.00 0.00 
