2016_CCC_ARR_IFD/catchment_depth_4320min_50000aep.txt.asc
ncols         27
nrows         23
xllcorner     150.975
yllcorner     -33.6
cellsize      0.025
NODATA_value  -9999
114 113 119 123 118 113 111 115 120 128 139 141 140 149 149 153 144 133 135 137 137 140 143 142 142 142 142 
120 120 121 125 124 122 117 120 126 136 146 154 150 149 156 143 138 135 135 136 138 140 141 142 142 142 143 
116 122 127 127 125 125 124 124 134 139 146 150 147 142 153 158 148 142 139 137 139 140 141 142 143 144 144 
124 124 130 121 122 123 131 129 130 138 145 144 147 147 153 146 146 140 140 140 142 142 143 144 144 145 148 
124 124 130 121 125 128 131 134 141 151 146 139 150 143 151 144 149 143 143 144 144 144 144 145 146 148 148 
122 130 128 121 131 128 127 132 144 154 145 145 145 146 150 142 147 149 149 145 145 146 146 146 148 150 148 
118 125 122 124 133 128 133 138 147 157 150 147 141 156 151 143 147 151 150 148 147 148 148 148 150 152 155 
117 129 133 137 140 129 137 147 154 161 151 143 147 150 155 152 148 148 149 148 148 149 150 148 149 150 0.00 
121 133 134 141 138 136 136 153 153 163 166 156 151 150 155 152 150 150 149 150 150 150 150 150 150 150 0.00 
125 125 135 137 141 137 136 145 148 165 167 164 168 157 153 156 150 151 151 153 152 151 151 152 0.00 0.00 0.00 
124 126 130 127 143 138 142 153 158 170 175 162 160 170 163 163 155 153 153 153 153 153 154 154 154 0.00 0.00 
120 124 131 138 147 141 139 155 167 166 177 176 164 165 165 164 163 158 155 155 155 155 155 0.00 0.00 0.00 0.00 
122 129 135 143 145 141 139 158 166 161 174 174 178 163 164 163 161 162 158 157 157 156 0.00 0.00 0.00 0.00 0.00 
123 128 131 141 141 141 143 156 162 162 170 168 179 171 169 166 167 168 163 159 160 158 0.00 0.00 0.00 0.00 0.00 
119 124 127 137 143 147 142 149 163 159 163 171 177 170 167 168 169 171 170 164 166 0.00 0.00 0.00 0.00 0.00 0.00 
126 125 127 136 146 146 143 149 154 163 162 167 176 171 169 170 173 167 168 165 174 0.00 0.00 0.00 0.00 0.00 0.00 
128 129 128 132 138 150 149 144 159 164 162 162 172 170 170 170 169 168 165 163 0.00 0.00 0.00 0.00 0.00 0.00 0.00 
129 132 132 131 137 141 143 146 161 161 159 169 172 168 165 169 170 169 164 0.00 0.00 0.00 0.00 0.00 0.00 0.00 0.00 
128 132 139 142 147 151 145 154 163 159 162 165 169 162 163 165 167 168 168 0.00 0.00 0.00 0.00 0.00 0.00 0.00 0.00 
129 135 142 147 148 146 151 146 150 158 160 167 169 160 160 167 169 170 170 0.00 0.00 0.00 0.00 0.00 0.00 0.00 0.00 
133 143 141 144 147 150 147 151 155 149 152 160 168 157 162 162 165 164 0.00 0.00 0.00 0.00 0.00 0.00 0.00 0.00 0.00 
134 145 149 153 156 156 152 156 165 158 154 160 170 167 0.00 0.00 0.00 0.00 0.00 0.00 0.00 0.00 0.00 0.00 0.00 0.00 0.00 
137 147 153 158 156 151 154 163 167 167 168 160 166 161 153 0.00 0.00 0.00 0.00 0.00 0.00 0.00 0.00 0.00 0.00 0.00 0.00 
