2016_CCC_ARR_IFD/catchment_depth_720min_05000aep.txt.asc
ncols         27
nrows         23
xllcorner     150.975
yllcorner     -33.6
cellsize      0.025
NODATA_value  -9999
109 109 113 117 115 114 114 118 122 128 136 139 140 146 148 151 148 144 147 149 151 155 158 158 159 160 162 
112 113 115 118 119 119 118 121 126 133 140 146 146 147 152 147 144 145 147 150 152 155 157 158 160 161 162 
111 115 119 120 120 122 123 124 132 136 141 145 145 144 151 155 152 148 149 151 153 155 157 158 160 162 163 
115 116 121 117 120 121 128 128 131 136 142 143 146 148 153 149 150 149 151 152 155 156 158 160 161 163 165 
116 117 121 118 122 125 129 132 137 144 143 141 149 146 152 149 153 151 153 155 157 158 159 160 162 164 165 
115 121 121 119 126 126 127 131 140 147 144 146 147 149 153 150 154 156 157 157 158 159 160 161 163 165 165 
114 119 119 121 128 127 131 136 143 150 148 148 146 156 155 152 155 158 159 159 160 161 162 163 164 167 169 
114 122 125 129 132 128 135 142 148 153 150 147 150 154 158 158 158 159 161 161 161 163 163 163 164 165 0.00 
117 124 127 132 132 133 134 147 148 156 159 155 154 155 159 159 160 162 163 163 164 163 163 163 164 165 0.00 
119 121 128 131 135 134 135 143 146 158 161 161 165 160 159 162 161 164 165 166 165 164 164 165 0.00 0.00 0.00 
119 122 126 126 137 136 140 148 153 163 167 160 160 168 165 166 164 165 166 166 166 165 166 166 166 0.00 0.00 
118 122 127 132 139 138 138 150 159 160 169 170 163 165 166 167 168 167 166 166 166 166 166 0.00 0.00 0.00 0.00 
120 125 130 136 139 139 138 153 159 157 168 169 173 163 166 166 166 168 167 167 167 167 0.00 0.00 0.00 0.00 0.00 
121 125 128 135 137 139 142 151 157 158 165 165 173 169 168 167 169 171 169 167 168 167 0.00 0.00 0.00 0.00 0.00 
120 123 127 133 139 143 142 147 158 156 161 167 172 168 165 167 169 172 172 169 171 0.00 0.00 0.00 0.00 0.00 0.00 
123 125 127 134 141 143 142 147 152 159 160 164 171 168 165 167 171 168 170 168 176 0.00 0.00 0.00 0.00 0.00 0.00 
125 126 128 132 137 146 147 144 156 160 159 160 168 166 163 166 166 168 166 166 0.00 0.00 0.00 0.00 0.00 0.00 0.00 
125 128 131 132 137 141 143 146 157 158 157 165 167 164 161 165 167 168 165 0.00 0.00 0.00 0.00 0.00 0.00 0.00 0.00 
127 130 136 139 143 148 145 152 158 157 159 162 165 158 159 161 164 167 167 0.00 0.00 0.00 0.00 0.00 0.00 0.00 0.00 
128 133 138 143 145 145 149 147 150 157 158 163 165 157 157 163 167 168 169 0.00 0.00 0.00 0.00 0.00 0.00 0.00 0.00 
132 139 139 142 145 148 147 151 154 150 151 158 164 155 160 160 163 162 0.00 0.00 0.00 0.00 0.00 0.00 0.00 0.00 0.00 
133 141 145 148 151 152 151 154 160 157 153 158 166 163 0.00 0.00 0.00 0.00 0.00 0.00 0.00 0.00 0.00 0.00 0.00 0.00 0.00 
136 143 148 152 151 148 151 158 161 162 163 158 163 158 152 0.00 0.00 0.00 0.00 0.00 0.00 0.00 0.00 0.00 0.00 0.00 0.00 
