2016_CCC_ARR_IFD/catchment_depth_30min_10000aep.txt.asc
ncols         27
nrows         23
xllcorner     150.975
yllcorner     -33.6
cellsize      0.025
NODATA_value  -9999
32.4 32.2 32.7 33.0 32.8 32.5 32.6 33.2 33.8 34.7 35.6 36.1 36.4 37.0 37.4 37.8 38.1 38.4 38.9 39.3 39.7 40.1 40.5 40.8 41.2 41.5 41.8 
32.6 32.6 32.7 33.1 33.2 33.2 33.1 33.6 34.3 35.2 36.1 36.7 36.9 37.3 37.7 38.0 38.4 38.7 39.1 39.5 39.9 40.3 40.7 41.0 41.3 41.7 42.0 
32.4 32.7 33.2 33.3 33.2 33.4 33.6 33.9 34.9 35.6 36.3 36.8 37.0 37.3 38.0 38.4 38.8 39.2 39.4 39.7 40.1 40.5 40.8 41.2 41.5 41.8 42.2 
32.8 32.8 33.3 32.8 33.0 33.4 34.2 34.4 34.8 35.6 36.4 36.7 37.3 37.7 38.3 38.7 39.1 39.4 39.7 40.0 40.3 40.7 41.0 41.3 41.7 42.0 42.4 
32.8 32.8 33.3 32.8 33.3 33.7 34.3 34.8 35.6 36.4 36.6 36.8 37.6 38.0 38.6 39.0 39.5 39.7 40.0 40.3 40.6 40.9 41.2 41.5 41.8 42.2 42.5 
32.7 33.3 33.2 32.8 33.8 33.9 34.2 34.9 35.9 36.7 36.8 37.3 37.8 38.4 38.9 39.2 39.8 40.2 40.5 40.5 40.8 41.1 41.4 41.7 42.0 42.4 42.6 
32.8 33.0 33.0 33.2 34.1 34.1 34.7 35.4 36.2 37.1 37.3 37.7 38.1 38.8 39.3 39.5 40.0 40.5 40.7 40.9 41.0 41.3 41.6 41.9 42.2 42.5 42.9 
33.0 33.4 33.8 34.2 34.6 34.4 35.1 36.0 36.8 37.5 37.6 37.9 38.5 39.1 39.7 40.1 40.3 40.7 41.0 41.2 41.3 41.6 41.8 42.0 42.3 42.5 0.00 
33.2 33.8 34.0 34.6 34.7 34.9 35.3 36.6 37.0 37.8 38.4 38.5 39.0 39.4 40.0 40.3 40.7 41.0 41.3 41.5 41.7 41.8 41.9 42.1 42.4 42.6 0.00 
33.5 33.7 34.3 34.6 35.1 35.2 35.6 36.4 37.0 38.2 38.7 39.0 39.6 39.8 40.2 40.7 40.9 41.4 41.7 41.9 41.9 42.0 42.1 42.3 0.00 0.00 0.00 
33.7 33.9 34.3 34.5 35.4 35.5 36.1 37.0 37.7 38.6 39.2 39.2 39.6 40.3 40.6 41.0 41.3 41.6 41.9 42.0 42.1 42.2 42.4 42.5 42.7 0.00 0.00 
33.9 34.1 34.5 35.1 35.8 35.9 36.2 37.3 38.2 38.6 39.5 39.9 39.9 40.4 40.8 41.3 41.6 41.9 42.0 42.2 42.3 42.4 42.5 0.00 0.00 0.00 0.00 
34.1 34.4 34.9 35.5 35.9 36.1 36.4 37.6 38.4 38.6 39.6 40.0 40.5 40.5 41.0 41.4 41.7 42.1 42.2 42.3 42.5 42.6 0.00 0.00 0.00 0.00 0.00 
34.2 34.6 34.9 35.6 35.9 36.2 36.7 37.6 38.3 38.7 39.5 39.9 40.6 40.8 41.2 41.6 42.0 42.3 42.4 42.4 42.6 42.7 0.00 0.00 0.00 0.00 0.00 
34.4 34.7 35.0 35.6 36.1 36.6 36.8 37.5 38.5 38.7 39.3 40.1 40.7 40.9 41.3 41.7 42.1 42.4 42.7 42.7 42.9 0.00 0.00 0.00 0.00 0.00 0.00 
34.6 34.8 35.1 35.7 36.4 36.7 37.0 37.6 38.2 39.0 39.4 40.0 40.7 41.0 41.4 41.9 42.3 42.4 42.7 42.7 43.2 0.00 0.00 0.00 0.00 0.00 0.00 
34.8 35.0 35.3 35.7 36.2 37.0 37.3 37.4 38.5 39.1 39.4 39.8 40.6 41.0 41.3 41.8 42.1 42.4 42.5 42.7 0.00 0.00 0.00 0.00 0.00 0.00 0.00 
34.9 35.2 35.5 35.8 36.3 36.7 37.1 37.6 38.6 39.0 39.3 40.2 40.7 40.9 41.1 41.8 42.2 42.5 42.5 0.00 0.00 0.00 0.00 0.00 0.00 0.00 0.00 
35.1 35.4 35.9 36.3 36.8 37.3 37.3 38.0 38.8 38.9 39.4 40.0 40.6 40.6 41.0 41.5 42.0 42.4 42.7 0.00 0.00 0.00 0.00 0.00 0.00 0.00 0.00 
35.3 35.7 36.2 36.6 36.9 37.1 37.6 37.6 38.1 38.9 39.3 40.1 40.6 40.5 40.9 41.7 42.1 42.5 42.7 0.00 0.00 0.00 0.00 0.00 0.00 0.00 0.00 
35.5 36.1 36.3 36.6 36.9 37.3 37.4 37.9 38.4 38.4 38.9 39.8 40.6 40.4 41.1 41.5 41.9 42.2 0.00 0.00 0.00 0.00 0.00 0.00 0.00 0.00 0.00 
35.6 36.3 36.7 37.1 37.5 37.7 37.7 38.2 39.0 38.9 39.1 39.8 40.7 41.0 0.00 0.00 0.00 0.00 0.00 0.00 0.00 0.00 0.00 0.00 0.00 0.00 0.00 
35.8 36.4 36.9 37.4 37.5 37.4 37.8 38.6 39.2 39.5 39.9 40.0 40.7 40.8 40.7 0.00 0.00 0.00 0.00 0.00 0.00 0.00 0.00 0.00 0.00 0.00 0.00 
