2016_CCC_ARR_IFD/catchment_depth_7200min_10000aep.txt.asc
ncols         27
nrows         23
xllcorner     150.975
yllcorner     -33.6
cellsize      0.025
NODATA_value  -9999
215 213 224 230 222 213 208 217 226 242 262 268 267 284 286 294 280 265 270 274 276 283 289 288 287 287 286 
226 225 227 234 232 228 221 226 237 255 275 291 285 285 298 278 273 268 269 273 278 282 285 286 287 287 287 
220 230 239 239 234 234 233 234 252 262 275 284 280 273 293 304 289 281 277 275 278 281 283 285 288 288 288 
234 234 244 228 230 232 247 243 247 260 272 273 279 282 294 284 286 278 279 278 282 284 285 287 288 290 296 
236 234 245 230 237 241 248 252 265 282 275 266 286 277 291 282 291 282 283 286 286 286 286 289 290 294 294 
232 247 243 231 248 244 243 251 271 287 276 278 280 282 291 279 289 293 295 287 288 289 289 290 293 297 294 
226 238 235 238 254 245 254 262 277 295 285 282 274 299 293 281 289 297 296 292 291 292 292 293 296 300 304 
226 247 255 260 265 248 263 279 290 303 289 278 285 291 301 298 291 291 294 293 292 294 295 292 294 295 0.00 
235 256 257 269 264 262 261 291 291 309 314 300 294 293 302 298 294 295 294 295 296 294 294 294 295 294 0.00 
242 244 261 264 271 265 263 279 286 314 319 315 322 306 300 306 296 297 297 300 299 297 296 297 0.00 0.00 0.00 
242 246 253 248 276 268 276 294 305 326 334 313 311 328 318 318 305 302 300 300 300 299 300 301 301 0.00 0.00 
236 243 256 268 284 274 271 300 321 320 341 339 319 321 322 321 319 310 305 304 303 302 303 0.00 0.00 0.00 0.00 
241 254 264 278 283 276 272 307 321 312 337 337 344 319 322 320 316 317 310 307 307 305 0.00 0.00 0.00 0.00 0.00 
243 252 258 276 276 276 280 304 315 315 331 327 347 334 330 326 327 329 320 312 312 308 0.00 0.00 0.00 0.00 0.00 
238 246 253 270 281 288 280 293 318 311 320 334 345 333 329 330 332 334 332 321 323 0.00 0.00 0.00 0.00 0.00 0.00 
250 250 252 269 287 287 282 293 302 318 318 327 343 335 333 335 338 328 329 322 338 0.00 0.00 0.00 0.00 0.00 0.00 
256 257 255 262 274 296 295 285 312 321 319 320 336 333 334 334 331 329 322 318 0.00 0.00 0.00 0.00 0.00 0.00 0.00 
258 263 264 262 273 281 283 290 316 317 314 331 335 330 325 332 333 330 321 0.00 0.00 0.00 0.00 0.00 0.00 0.00 0.00 
257 265 278 284 292 300 288 305 320 312 317 323 331 318 319 323 326 328 326 0.00 0.00 0.00 0.00 0.00 0.00 0.00 0.00 
260 272 284 294 295 291 300 290 295 312 314 326 330 313 313 325 330 331 330 0.00 0.00 0.00 0.00 0.00 0.00 0.00 0.00 
269 288 285 289 293 299 292 299 306 294 298 313 327 307 317 316 321 318 0.00 0.00 0.00 0.00 0.00 0.00 0.00 0.00 0.00 
272 293 301 308 312 311 302 309 324 311 301 311 330 324 0.00 0.00 0.00 0.00 0.00 0.00 0.00 0.00 0.00 0.00 0.00 0.00 0.00 
280 298 309 319 312 300 305 321 327 326 326 311 323 312 297 0.00 0.00 0.00 0.00 0.00 0.00 0.00 0.00 0.00 0.00 0.00 0.00 
