2016_CCC_ARR_IFD/catchment_depth_5760min_50000aep.txt.asc
ncols         27
nrows         23
xllcorner     150.975
yllcorner     -33.6
cellsize      0.025
NODATA_value  -9999
123 121 129 132 127 122 118 124 128 138 149 152 150 160 161 164 154 142 144 146 147 150 153 152 152 152 152 
129 129 130 134 133 131 126 128 135 146 157 166 162 160 168 153 148 144 144 146 148 150 151 152 152 153 153 
125 131 137 137 134 134 133 133 144 150 157 162 158 152 165 170 159 152 149 147 149 150 151 152 154 154 154 
133 133 140 130 131 132 141 138 140 148 155 155 158 158 165 156 157 150 150 149 151 152 153 154 154 156 159 
134 133 140 130 134 137 141 143 152 162 156 149 161 153 162 154 159 153 153 154 154 154 154 155 156 158 159 
131 140 138 130 141 138 136 141 155 165 156 156 156 156 161 152 158 159 160 155 155 156 156 156 158 161 159 
126 134 131 133 143 138 142 148 158 169 161 158 151 167 162 153 157 162 161 158 157 158 158 158 160 163 166 
126 139 143 147 150 139 147 158 165 173 162 154 157 160 166 163 159 158 160 159 158 160 160 159 160 161 0.00 
130 143 144 151 148 146 145 164 164 175 178 167 162 161 166 163 160 160 160 161 161 160 160 160 161 161 0.00 
134 135 145 147 152 147 146 155 159 177 179 176 180 168 165 167 161 162 162 163 163 162 162 162 0.00 0.00 0.00 
133 136 139 137 154 148 153 164 170 183 188 174 171 182 175 175 167 165 164 164 164 163 165 165 165 0.00 0.00 
129 133 141 148 158 151 149 167 179 178 190 188 176 177 177 176 175 170 166 166 166 166 166 0.00 0.00 0.00 0.00 
131 139 145 153 156 152 149 170 178 172 187 187 191 175 177 175 173 174 169 168 168 168 0.00 0.00 0.00 0.00 0.00 
132 137 140 151 151 151 153 167 174 173 183 180 192 184 181 179 179 181 175 171 171 169 0.00 0.00 0.00 0.00 0.00 
128 133 137 147 154 158 153 160 175 170 175 184 190 183 180 181 182 184 183 176 178 0.00 0.00 0.00 0.00 0.00 0.00 
135 135 136 146 156 156 153 159 165 174 174 179 189 184 183 184 186 180 181 177 187 0.00 0.00 0.00 0.00 0.00 0.00 
138 138 137 141 148 161 160 155 170 176 174 175 185 183 183 184 182 181 177 175 0.00 0.00 0.00 0.00 0.00 0.00 0.00 
138 141 142 141 147 151 153 157 173 173 171 182 184 181 178 183 184 182 177 0.00 0.00 0.00 0.00 0.00 0.00 0.00 0.00 
137 142 149 153 157 162 156 166 174 170 173 177 182 175 176 178 180 181 181 0.00 0.00 0.00 0.00 0.00 0.00 0.00 0.00 
138 145 152 158 159 157 162 157 160 170 172 179 182 172 172 180 183 184 183 0.00 0.00 0.00 0.00 0.00 0.00 0.00 0.00 
142 153 152 154 157 161 158 162 167 160 163 172 181 169 175 175 178 177 0.00 0.00 0.00 0.00 0.00 0.00 0.00 0.00 0.00 
144 155 160 165 168 167 163 168 177 170 165 171 183 180 0.00 0.00 0.00 0.00 0.00 0.00 0.00 0.00 0.00 0.00 0.00 0.00 0.00 
147 157 164 170 167 162 165 175 179 179 180 172 179 173 165 0.00 0.00 0.00 0.00 0.00 0.00 0.00 0.00 0.00 0.00 0.00 0.00 
