2016_CCC_ARR_IFD/catchment_depth_1440min_05000aep.txt.asc
ncols         27
nrows         23
xllcorner     150.975
yllcorner     -33.6
cellsize      0.025
NODATA_value  -9999
148 148 155 159 156 153 151 158 163 174 186 190 191 201 203 208 202 193 197 201 203 208 212 213 213 214 215 
154 154 157 162 162 162 159 162 170 182 193 202 201 202 209 199 196 195 197 200 204 207 210 211 213 214 215 
151 157 164 165 164 165 166 168 179 186 194 200 199 195 208 214 206 201 201 201 204 207 209 211 213 214 215 
159 160 167 160 162 164 174 173 176 185 193 195 199 201 209 202 204 200 202 203 206 208 210 212 213 215 219 
160 161 168 161 166 170 175 179 188 198 195 190 203 197 206 201 207 203 204 207 208 209 210 212 214 217 218 
158 168 167 162 173 172 172 178 191 202 196 198 199 201 207 200 206 209 211 208 209 211 212 213 215 218 217 
156 164 163 166 176 173 179 185 195 207 202 200 195 212 208 202 207 212 212 211 211 212 213 214 216 220 223 
156 169 174 179 183 175 184 195 203 212 204 197 202 206 213 212 209 210 212 212 212 214 215 214 215 216 0.00 
161 173 176 184 183 183 184 203 204 215 220 212 208 208 213 212 211 213 213 214 215 214 214 214 215 215 0.00 
165 167 178 181 187 185 185 195 200 219 223 221 226 215 212 216 212 214 216 217 217 215 215 215 0.00 0.00 0.00 
166 169 174 173 190 187 192 205 212 226 232 219 217 230 223 223 217 217 217 217 216 216 217 217 218 0.00 0.00 
163 168 176 184 195 190 190 208 222 222 236 235 222 223 224 224 224 220 218 218 218 217 218 0.00 0.00 0.00 0.00 
166 174 181 190 194 192 190 212 222 217 233 233 239 221 223 222 221 223 220 219 219 218 0.00 0.00 0.00 0.00 0.00 
167 173 178 189 191 192 195 210 218 218 229 227 240 231 228 225 226 229 224 220 221 219 0.00 0.00 0.00 0.00 0.00 
165 171 176 186 194 199 195 204 219 215 221 231 238 229 224 225 228 231 231 224 227 0.00 0.00 0.00 0.00 0.00 0.00 
172 173 176 186 198 199 197 204 210 220 220 225 236 229 225 227 232 225 227 224 236 0.00 0.00 0.00 0.00 0.00 0.00 
176 178 178 183 191 205 205 199 216 222 220 219 231 227 223 225 225 226 222 221 0.00 0.00 0.00 0.00 0.00 0.00 0.00 
177 181 183 184 190 196 198 202 219 219 216 228 231 224 219 224 227 226 221 0.00 0.00 0.00 0.00 0.00 0.00 0.00 0.00 
178 183 191 196 202 207 202 212 221 217 220 223 228 216 217 219 222 225 225 0.00 0.00 0.00 0.00 0.00 0.00 0.00 0.00 
180 188 196 202 204 203 209 203 207 217 218 226 227 214 214 222 226 228 227 0.00 0.00 0.00 0.00 0.00 0.00 0.00 0.00 
186 197 197 200 203 208 205 209 214 206 208 218 226 212 218 217 221 219 0.00 0.00 0.00 0.00 0.00 0.00 0.00 0.00 0.00 
189 201 206 211 214 214 211 215 224 217 210 217 228 224 0.00 0.00 0.00 0.00 0.00 0.00 0.00 0.00 0.00 0.00 0.00 0.00 0.00 
194 204 211 217 214 208 212 222 226 226 226 217 224 217 206 0.00 0.00 0.00 0.00 0.00 0.00 0.00 0.00 0.00 0.00 0.00 0.00 
