2016_CCC_ARR_IFD/catchment_depth_360min_39347aep.txt.asc
ncols         27
nrows         23
xllcorner     150.975
yllcorner     -33.6
cellsize      0.025
NODATA_value  -9999
47.8 47.7 49.0 49.8 49.4 48.9 49.0 50.1 51.2 53.2 55.5 56.4 56.6 58.6 59.1 60.1 59.3 59.0 59.8 60.7 61.4 62.2 63.0 63.4 63.9 64.4 64.9 
48.7 48.9 49.3 50.3 50.5 50.5 50.3 51.1 52.6 54.7 56.9 58.6 58.6 58.9 60.4 59.0 59.0 59.7 60.5 61.3 62.1 62.8 63.5 64.0 64.5 65.0 65.5 
48.3 49.3 50.5 50.8 50.8 51.3 51.6 52.2 54.3 55.6 57.2 58.4 58.4 58.1 60.4 61.6 60.7 60.4 61.4 62.1 62.8 63.5 64.1 64.6 65.2 65.7 66.2 
49.4 49.7 51.0 50.1 50.7 51.3 53.1 53.3 54.1 55.7 57.3 57.8 58.7 59.3 60.8 60.2 60.8 61.4 62.3 63.1 63.8 64.4 64.9 65.4 65.9 66.4 67.2 
49.6 49.9 51.2 50.4 51.5 52.4 53.5 54.4 56.1 58.1 57.9 57.5 59.7 59.2 60.8 60.7 61.7 62.5 63.4 64.2 64.8 65.3 65.7 66.2 66.6 67.2 67.6 
49.4 51.0 51.1 50.7 52.6 52.8 53.3 54.5 56.9 58.9 58.3 58.9 59.5 60.2 61.3 61.8 62.7 63.6 64.5 65.2 65.8 66.2 66.6 66.9 67.4 68.0 68.1 
49.2 50.5 50.7 51.4 53.3 53.2 54.5 55.8 57.8 59.9 59.5 59.7 59.9 62.1 62.1 63.0 64.0 64.8 65.7 66.4 66.8 67.2 67.5 67.7 68.2 68.7 69.2 
49.4 51.3 52.4 53.5 54.6 53.8 55.6 57.6 59.3 60.9 60.2 60.0 61.1 62.1 63.3 64.1 65.2 66.2 67.0 67.5 67.7 68.1 68.2 68.3 68.6 68.9 0.00 
50.0 52.1 52.8 54.4 54.6 55.1 55.8 59.0 59.7 61.8 62.8 62.1 62.2 63.1 64.2 65.2 66.4 67.5 68.2 68.6 68.8 68.7 68.8 68.9 69.1 69.2 0.00 
50.7 51.4 53.3 54.2 55.5 55.7 56.3 58.2 59.5 62.7 63.6 63.8 64.9 64.3 65.1 66.2 67.4 68.6 69.5 69.6 69.6 69.4 69.4 69.4 0.00 0.00 0.00 
50.9 51.8 52.9 53.4 56.1 56.2 57.5 59.8 61.4 63.9 65.2 64.0 64.3 66.3 66.2 67.1 68.1 69.3 70.1 70.0 69.9 69.8 70.0 70.1 70.2 0.00 0.00 
50.7 51.8 53.3 54.9 57.0 56.9 57.5 60.6 63.1 63.7 66.2 66.6 65.3 66.1 66.9 67.7 68.6 69.5 69.9 70.1 70.2 70.2 70.4 0.00 0.00 0.00 0.00 
51.2 52.6 54.1 55.9 57.1 57.4 57.9 61.4 63.3 63.2 66.1 66.6 67.8 66.3 67.2 67.9 68.7 69.6 69.9 70.1 70.3 70.5 0.00 0.00 0.00 0.00 0.00 
51.5 52.7 53.8 55.9 56.7 57.7 58.8 61.4 63.1 63.8 65.8 66.0 68.2 67.7 67.9 68.2 69.1 70.0 70.2 70.2 70.6 70.6 0.00 0.00 0.00 0.00 0.00 
51.6 52.6 53.8 55.7 57.4 58.8 59.2 60.9 63.6 63.8 65.1 66.9 68.3 67.7 67.5 68.3 69.3 70.2 70.7 70.5 71.2 0.00 0.00 0.00 0.00 0.00 0.00 
52.1 53.0 54.1 55.8 58.0 59.0 59.7 61.3 62.7 64.7 65.3 66.5 68.4 68.0 67.4 68.5 69.9 69.5 70.4 70.4 72.2 0.00 0.00 0.00 0.00 0.00 0.00 
52.5 53.3 54.5 55.9 57.5 59.9 60.9 61.1 63.8 65.2 65.7 66.0 68.1 68.0 67.2 68.2 68.8 69.5 69.7 70.0 0.00 0.00 0.00 0.00 0.00 0.00 0.00 
52.7 53.8 55.1 56.3 57.9 59.4 60.6 61.9 64.5 65.4 65.7 67.7 68.5 67.8 67.1 68.4 69.3 69.7 69.6 0.00 0.00 0.00 0.00 0.00 0.00 0.00 0.00 
53.5 54.5 56.2 57.6 59.2 60.8 61.4 63.4 65.1 65.7 66.6 67.5 68.5 66.9 67.2 68.0 68.9 69.8 70.3 0.00 0.00 0.00 0.00 0.00 0.00 0.00 0.00 
54.1 55.4 57.0 58.6 59.7 60.8 62.4 62.9 64.3 66.3 67.0 68.2 68.9 67.0 67.2 69.0 70.0 70.6 70.9 0.00 0.00 0.00 0.00 0.00 0.00 0.00 0.00 
55.0 56.8 57.5 58.7 60.0 61.5 62.4 64.0 65.6 65.0 65.8 67.7 69.1 67.0 68.4 68.6 69.5 69.5 0.00 0.00 0.00 0.00 0.00 0.00 0.00 0.00 0.00 
55.6 57.5 58.8 60.2 61.4 62.4 63.2 64.8 66.5 67.1 66.6 67.9 69.7 69.6 0.00 0.00 0.00 0.00 0.00 0.00 0.00 0.00 0.00 0.00 0.00 0.00 0.00 
56.4 58.2 59.7 61.1 61.6 62.0 63.4 65.5 66.8 67.7 68.6 68.1 69.4 68.8 67.2 0.00 0.00 0.00 0.00 0.00 0.00 0.00 0.00 0.00 0.00 0.00 0.00 
