2016_CCC_ARR_IFD/catchment_depth_3min_00100aep.txt.asc
ncols         27
nrows         23
xllcorner     150.975
yllcorner     -33.6
cellsize      0.025
NODATA_value  -9999
17.9 17.9 18.2 18.4 18.5 18.6 18.8 19.2 19.6 20.1 20.6 20.9 21.3 21.5 21.9 22.2 22.8 23.4 23.8 24.2 24.6 24.8 25.1 25.3 25.6 25.8 26.1 
18.0 18.1 18.2 18.5 18.7 18.9 19.1 19.5 19.9 20.4 20.8 21.0 21.5 21.9 22.1 22.8 23.2 23.8 24.2 24.6 24.9 25.2 25.4 25.6 25.9 26.1 26.3 
17.9 18.1 18.4 18.6 18.7 19.0 19.3 19.7 20.3 20.7 21.1 21.4 21.9 22.4 22.5 22.7 23.5 24.0 24.5 25.0 25.3 25.5 25.7 25.9 26.1 26.4 26.6 
18.0 18.1 18.5 18.4 18.7 19.0 19.6 20.0 20.4 20.9 21.4 21.8 22.3 22.7 23.0 23.7 24.0 24.5 24.9 25.2 25.5 25.8 26.0 26.2 26.4 26.6 26.8 
18.0 18.1 18.5 18.3 18.8 19.2 19.7 20.2 20.8 21.2 21.7 22.3 22.6 23.3 23.6 24.2 24.5 25.0 25.3 25.5 25.8 26.0 26.2 26.5 26.7 26.8 27.0 
17.9 18.3 18.4 18.3 19.0 19.3 19.7 20.3 21.0 21.5 22.1 22.6 23.2 23.8 24.2 24.7 25.1 25.4 25.6 25.8 26.0 26.2 26.5 26.7 26.9 27.0 27.2 
17.8 18.1 18.2 18.4 19.1 19.4 20.0 20.6 21.3 21.7 22.4 23.0 23.6 23.9 24.7 25.0 25.5 25.8 26.0 26.2 26.3 26.5 26.7 26.9 27.1 27.2 27.3 
17.9 18.2 18.6 19.0 19.4 19.5 20.2 20.9 21.5 22.0 22.7 23.4 24.0 24.7 25.1 25.5 25.8 26.1 26.4 26.5 26.6 26.8 27.0 27.1 27.2 27.4 0.00 
17.9 18.4 18.7 19.2 19.4 19.8 20.3 21.2 21.7 22.3 22.8 23.6 24.3 24.9 25.4 25.8 26.1 26.5 26.7 26.9 26.9 27.0 27.1 27.2 27.4 27.4 0.00 
18.0 18.2 18.8 19.1 19.6 19.9 20.4 21.2 21.8 22.5 23.1 23.7 24.1 25.1 25.5 26.0 26.3 26.7 27.0 27.1 27.2 27.2 27.3 27.4 0.00 0.00 0.00 
18.0 18.3 18.7 19.0 19.7 20.0 20.6 21.4 22.0 22.7 23.1 23.8 24.5 24.8 25.5 26.0 26.5 26.8 27.1 27.2 27.2 27.2 27.4 27.5 27.6 0.00 0.00 
18.0 18.3 18.7 19.2 19.9 20.1 20.6 21.5 22.2 22.8 23.4 23.9 24.5 25.0 25.6 26.0 26.5 26.8 27.0 27.1 27.1 27.2 27.3 0.00 0.00 0.00 0.00 
18.0 18.4 18.8 19.4 19.8 20.1 20.5 21.5 22.2 22.7 23.4 23.9 24.3 24.9 25.5 25.9 26.3 26.7 26.8 26.9 27.0 27.1 0.00 0.00 0.00 0.00 0.00 
18.0 18.3 18.7 19.3 19.7 20.1 20.6 21.4 22.1 22.6 23.3 23.8 24.2 24.8 25.3 25.8 26.2 26.6 26.7 26.7 26.9 27.0 0.00 0.00 0.00 0.00 0.00 
17.9 18.2 18.6 19.2 19.7 20.2 20.5 21.2 22.0 22.4 23.1 23.7 24.2 24.7 25.1 25.6 26.0 26.3 26.6 26.6 26.9 0.00 0.00 0.00 0.00 0.00 0.00 
18.0 18.2 18.6 19.1 19.8 20.2 20.4 21.0 21.6 22.4 22.8 23.4 24.0 24.4 24.9 25.3 25.8 25.9 26.3 26.4 26.6 0.00 0.00 0.00 0.00 0.00 0.00 
18.0 18.3 18.6 19.0 19.5 20.2 20.6 20.7 21.7 22.2 22.6 23.0 23.7 24.1 24.3 24.9 25.2 25.6 25.7 25.9 0.00 0.00 0.00 0.00 0.00 0.00 0.00 
18.0 18.3 18.7 18.9 19.4 19.8 20.2 20.6 21.6 22.0 22.2 23.0 23.5 23.7 23.8 24.5 25.0 25.4 25.4 0.00 0.00 0.00 0.00 0.00 0.00 0.00 0.00 
18.0 18.4 18.8 19.2 19.7 20.2 20.2 20.9 21.5 21.6 22.1 22.6 23.1 23.0 23.4 23.9 24.4 24.9 25.2 0.00 0.00 0.00 0.00 0.00 0.00 0.00 0.00 
18.1 18.5 18.9 19.4 19.7 19.8 20.3 20.2 20.6 21.4 21.7 22.5 22.9 22.6 22.9 23.7 24.2 24.6 24.9 0.00 0.00 0.00 0.00 0.00 0.00 0.00 0.00 
18.2 18.7 18.9 19.3 19.6 19.9 19.9 20.3 20.8 20.6 21.0 21.8 22.6 22.2 22.9 23.2 23.7 23.9 0.00 0.00 0.00 0.00 0.00 0.00 0.00 0.00 0.00 
18.2 18.9 19.2 19.6 19.9 20.1 20.1 20.5 21.2 21.0 20.9 21.6 22.4 22.6 0.00 0.00 0.00 0.00 0.00 0.00 0.00 0.00 0.00 0.00 0.00 0.00 0.00 
18.3 18.9 19.3 19.8 19.9 19.7 20.0 20.7 21.1 21.3 21.6 21.4 22.0 22.0 21.8 0.00 0.00 0.00 0.00 0.00 0.00 0.00 0.00 0.00 0.00 0.00 0.00 
