2016_CCC_ARR_IFD/catchment_depth_5760min_10000aep.txt.asc
ncols         27
nrows         23
xllcorner     150.975
yllcorner     -33.6
cellsize      0.025
NODATA_value  -9999
207 204 216 222 214 205 200 209 217 233 253 258 257 274 276 283 270 255 260 264 266 272 278 277 276 276 275 
217 217 219 225 224 220 213 217 228 246 265 281 275 274 287 268 263 258 259 262 267 271 274 275 276 275 275 
212 221 231 230 225 225 224 225 243 253 265 274 270 263 283 292 278 271 266 264 267 270 272 274 276 277 276 
225 225 235 220 222 223 237 234 238 250 262 263 269 271 283 274 276 267 268 267 271 272 274 276 277 279 284 
227 226 236 221 228 233 239 243 255 272 265 257 275 266 280 272 280 271 272 275 275 275 275 277 278 282 282 
224 238 234 223 239 235 234 241 261 277 266 268 269 272 280 268 278 281 283 275 276 277 278 278 281 285 281 
218 230 226 229 244 236 244 252 267 284 275 272 263 288 282 270 278 285 284 280 279 280 280 280 283 288 292 
218 239 246 251 256 240 253 269 280 292 279 268 274 280 290 286 280 279 282 281 280 282 282 280 281 283 0.00 
226 246 248 259 254 253 252 281 281 298 303 290 283 282 290 286 282 282 282 283 284 282 281 281 282 282 0.00 
233 235 252 255 262 255 254 270 276 304 308 304 311 294 289 293 284 284 285 287 286 284 283 284 0.00 0.00 0.00 
233 238 244 240 266 259 266 284 294 315 323 302 299 317 305 306 293 289 287 287 287 286 287 288 288 0.00 0.00 
228 234 247 259 274 264 262 290 310 309 329 327 307 308 309 308 306 297 292 291 290 289 290 0.00 0.00 0.00 0.00 
232 245 255 268 273 267 262 296 310 301 325 325 332 307 309 306 302 304 297 294 293 292 0.00 0.00 0.00 0.00 0.00 
235 243 248 266 266 266 270 293 304 304 319 315 334 321 317 312 314 316 306 299 299 295 0.00 0.00 0.00 0.00 0.00 
230 237 244 260 271 278 270 283 307 300 308 322 332 320 316 316 318 320 318 307 309 0.00 0.00 0.00 0.00 0.00 0.00 
242 241 244 260 277 277 272 282 291 307 307 315 330 322 320 321 324 314 315 308 324 0.00 0.00 0.00 0.00 0.00 0.00 
247 249 246 254 265 286 285 275 301 310 307 307 323 320 321 321 317 316 308 304 0.00 0.00 0.00 0.00 0.00 0.00 0.00 
249 254 255 253 263 271 273 279 305 305 301 319 323 317 312 319 319 316 308 0.00 0.00 0.00 0.00 0.00 0.00 0.00 0.00 
249 256 269 274 282 289 278 294 308 300 305 311 318 306 306 309 313 314 313 0.00 0.00 0.00 0.00 0.00 0.00 0.00 0.00 
251 263 275 284 285 281 289 279 284 300 302 314 317 300 301 312 316 318 316 0.00 0.00 0.00 0.00 0.00 0.00 0.00 0.00 
260 278 275 279 283 288 281 288 294 283 287 301 315 295 304 303 308 305 0.00 0.00 0.00 0.00 0.00 0.00 0.00 0.00 0.00 
263 283 290 297 301 299 291 297 312 299 289 299 317 311 0.00 0.00 0.00 0.00 0.00 0.00 0.00 0.00 0.00 0.00 0.00 0.00 0.00 
270 287 298 307 301 289 293 309 315 313 314 299 310 299 285 0.00 0.00 0.00 0.00 0.00 0.00 0.00 0.00 0.00 0.00 0.00 0.00 
