2016_CCC_ARR_IFD/catchment_depth_1440min_99999aep.txt.asc
ncols         27
nrows         23
xllcorner     150.975
yllcorner     -33.6
cellsize      0.025
NODATA_value  -9999
25.3 25.1 26.2 26.8 26.1 25.3 24.9 25.7 26.4 27.8 29.6 30.0 29.8 31.5 31.6 32.3 30.6 29.1 29.6 30.1 30.4 31.1 31.7 31.9 32.1 32.4 32.6 
26.2 26.2 26.4 27.1 27.0 26.6 26.0 26.4 27.3 28.9 30.7 32.2 31.6 31.4 32.7 30.3 29.5 29.4 29.7 30.2 30.7 31.2 31.7 32.0 32.3 32.6 32.9 
25.6 26.5 27.4 27.4 27.0 27.1 26.9 27.0 28.7 29.6 30.7 31.5 31.0 30.0 32.1 33.1 31.2 30.1 30.3 30.5 31.0 31.4 31.8 32.2 32.7 33.0 33.2 
26.7 26.7 27.7 26.4 26.6 26.8 28.1 27.8 28.1 29.3 30.4 30.3 30.8 30.8 32.0 30.6 30.7 30.3 30.7 31.0 31.5 31.9 32.3 32.6 33.0 33.4 34.0 
26.7 26.7 27.7 26.4 27.1 27.6 28.2 28.5 29.8 31.3 30.5 29.5 31.3 30.1 31.5 30.4 31.2 30.8 31.2 31.7 32.0 32.3 32.6 33.0 33.3 33.9 34.1 
26.2 27.7 27.4 26.4 28.0 27.6 27.5 28.2 30.2 31.8 30.5 30.5 30.5 30.7 31.4 30.6 31.3 31.7 32.1 32.1 32.5 32.8 33.1 33.4 33.9 34.4 34.3 
25.6 26.7 26.5 26.8 28.4 27.6 28.4 29.2 30.7 32.4 31.2 30.8 30.1 32.3 31.7 31.0 31.7 32.4 32.7 32.8 33.0 33.3 33.6 33.9 34.3 34.8 35.3 
25.4 27.4 28.1 28.7 29.3 27.8 29.1 30.6 31.7 32.9 31.5 30.5 31.1 31.6 32.5 32.4 32.3 32.6 33.0 33.2 33.4 33.8 34.1 34.1 34.4 34.7 0.00 
26.0 27.9 28.2 29.3 29.0 28.9 28.9 31.6 31.6 33.2 33.7 32.4 31.9 32.0 32.7 32.7 32.8 33.2 33.5 33.8 34.0 34.1 34.3 34.5 34.8 34.8 0.00 
26.5 26.8 28.4 28.7 29.5 29.0 28.9 30.4 31.0 33.5 33.9 33.6 34.3 33.0 32.8 33.4 33.2 33.7 34.0 34.4 34.5 34.5 34.7 35.0 0.00 0.00 0.00 
26.4 26.9 27.5 27.3 29.8 29.2 29.9 31.6 32.5 34.4 35.2 33.4 33.3 34.9 34.2 34.4 34.0 34.2 34.4 34.6 34.7 34.8 35.2 35.5 35.7 0.00 0.00 
25.7 26.4 27.7 28.8 30.3 29.6 29.5 32.0 33.8 33.7 35.5 35.5 34.0 34.3 34.6 34.8 35.0 34.8 34.7 34.8 35.0 35.1 35.4 0.00 0.00 0.00 0.00 
25.9 27.2 28.2 29.5 30.1 29.7 29.5 32.5 33.7 33.1 35.2 35.3 36.1 34.3 34.7 34.8 34.8 35.2 35.0 35.1 35.2 35.4 0.00 0.00 0.00 0.00 0.00 
26.0 26.9 27.6 29.2 29.4 29.6 30.1 32.2 33.2 33.4 34.8 34.6 36.3 35.5 35.4 35.2 35.6 36.1 35.7 35.4 35.6 35.6 0.00 0.00 0.00 0.00 0.00 
25.5 26.3 27.1 28.6 29.8 30.6 30.2 31.4 33.5 33.1 34.0 35.2 36.2 35.5 35.2 35.5 36.0 36.4 36.6 36.0 36.4 0.00 0.00 0.00 0.00 0.00 0.00 
26.4 26.6 27.0 28.5 30.2 30.5 30.4 31.4 32.4 33.8 34.0 34.8 36.2 35.7 35.4 35.9 36.5 35.9 36.3 36.0 37.6 0.00 0.00 0.00 0.00 0.00 0.00 
26.7 27.0 27.2 28.0 29.2 31.2 31.4 30.9 33.2 34.1 34.1 34.3 35.8 35.6 35.4 35.8 35.8 36.0 35.7 35.7 0.00 0.00 0.00 0.00 0.00 0.00 0.00 
26.7 27.4 27.8 28.0 29.1 30.0 30.6 31.4 33.6 33.9 33.9 35.4 35.9 35.4 34.9 35.8 36.2 36.2 35.7 0.00 0.00 0.00 0.00 0.00 0.00 0.00 0.00 
26.8 27.5 28.8 29.5 30.5 31.4 31.1 32.6 33.9 33.8 34.4 35.0 35.7 34.5 34.7 35.1 35.7 36.1 36.2 0.00 0.00 0.00 0.00 0.00 0.00 0.00 0.00 
27.0 28.1 29.3 30.3 30.7 30.9 32.0 31.7 32.5 34.0 34.4 35.4 35.8 34.3 34.4 35.6 36.2 36.5 36.6 0.00 0.00 0.00 0.00 0.00 0.00 0.00 0.00 
27.6 29.2 29.3 30.0 30.7 31.5 31.6 32.6 33.5 32.7 33.2 34.6 35.8 34.0 35.0 35.0 35.6 35.5 0.00 0.00 0.00 0.00 0.00 0.00 0.00 0.00 0.00 
27.9 29.6 30.5 31.3 32.0 32.4 32.3 33.3 34.6 34.3 33.6 34.6 36.1 35.8 0.00 0.00 0.00 0.00 0.00 0.00 0.00 0.00 0.00 0.00 0.00 0.00 0.00 
28.5 29.9 31.0 32.1 32.0 31.7 32.6 34.1 34.9 35.2 35.6 34.7 35.7 34.9 33.6 0.00 0.00 0.00 0.00 0.00 0.00 0.00 0.00 0.00 0.00 0.00 0.00 
