2016_CCC_ARR_IFD/catchment_depth_5760min_20000aep.txt.asc
ncols         27
nrows         23
xllcorner     150.975
yllcorner     -33.6
cellsize      0.025
NODATA_value  -9999
171 169 178 183 177 169 165 172 179 192 208 212 211 225 227 232 221 206 210 213 214 219 223 222 222 222 221 
180 179 181 186 185 181 175 179 188 203 219 232 226 225 236 219 214 209 210 212 216 219 220 221 222 222 222 
175 183 191 190 186 186 184 185 200 208 219 226 222 216 232 240 227 220 216 214 216 218 219 221 223 223 223 
186 186 195 181 183 184 196 193 195 206 216 217 221 223 233 224 225 217 217 217 220 221 222 223 224 225 230 
187 186 195 182 188 191 197 200 211 225 218 210 226 218 229 222 229 220 221 223 223 223 223 224 225 228 229 
184 196 193 183 196 193 192 198 215 229 219 220 220 222 229 218 227 229 230 224 224 225 225 226 228 232 229 
179 189 185 188 201 194 200 207 220 235 226 223 215 236 230 219 226 232 231 228 227 228 228 228 231 234 237 
178 196 202 206 211 196 208 221 231 241 228 219 224 229 237 233 228 227 230 229 228 230 230 228 229 231 0.00 
185 202 204 213 209 207 206 231 231 245 249 237 231 230 237 233 230 230 230 231 231 230 230 230 230 230 0.00 
191 192 206 208 215 209 207 220 225 249 252 249 255 240 235 239 231 232 232 234 234 232 232 232 0.00 0.00 0.00 
190 194 199 195 218 211 217 232 241 258 265 247 244 259 250 250 239 236 235 235 234 234 235 236 236 0.00 0.00 
185 191 201 211 224 215 213 237 254 252 269 268 251 252 253 252 250 243 238 237 237 237 237 0.00 0.00 0.00 0.00 
189 199 208 219 223 217 213 242 253 246 266 266 272 250 252 250 247 248 242 241 240 239 0.00 0.00 0.00 0.00 0.00 
190 198 202 217 216 217 220 239 248 248 261 257 274 263 259 255 256 258 250 244 245 242 0.00 0.00 0.00 0.00 0.00 
186 192 197 212 221 226 220 230 250 244 251 263 272 261 258 259 260 262 261 251 254 0.00 0.00 0.00 0.00 0.00 0.00 
196 195 197 211 225 225 221 229 237 250 250 257 270 263 261 263 266 257 258 252 266 0.00 0.00 0.00 0.00 0.00 0.00 
200 201 199 205 215 233 231 223 245 252 250 251 264 262 262 262 260 259 253 250 0.00 0.00 0.00 0.00 0.00 0.00 0.00 
201 206 206 205 213 219 221 227 249 249 246 261 264 259 255 261 262 259 252 0.00 0.00 0.00 0.00 0.00 0.00 0.00 0.00 
201 207 217 222 229 235 226 239 251 245 249 254 260 250 251 253 256 258 257 0.00 0.00 0.00 0.00 0.00 0.00 0.00 0.00 
202 213 222 230 231 228 235 226 231 244 247 257 260 246 246 256 260 261 260 0.00 0.00 0.00 0.00 0.00 0.00 0.00 0.00 
209 225 222 226 229 234 228 234 240 230 234 246 258 242 250 249 253 251 0.00 0.00 0.00 0.00 0.00 0.00 0.00 0.00 0.00 
212 228 235 241 244 243 237 242 255 244 236 245 261 256 0.00 0.00 0.00 0.00 0.00 0.00 0.00 0.00 0.00 0.00 0.00 0.00 0.00 
217 232 241 249 244 235 239 253 258 257 258 246 255 246 235 0.00 0.00 0.00 0.00 0.00 0.00 0.00 0.00 0.00 0.00 0.00 0.00 
