2016_CCC_ARR_IFD/catchment_depth_1800min_18127aep.txt.asc
ncols         27
nrows         23
xllcorner     150.975
yllcorner     -33.6
cellsize      0.025
NODATA_value  -9999
117 117 123 126 123 119 118 122 127 135 144 147 147 156 157 161 155 147 150 152 153 156 159 159 159 159 159 
122 122 124 128 128 127 124 126 132 141 151 158 156 156 163 153 151 149 150 151 154 156 158 158 159 160 160 
120 125 130 130 129 129 129 130 140 145 151 156 154 151 161 166 159 154 153 153 155 156 157 159 160 161 161 
126 127 132 126 127 129 136 135 137 144 151 151 154 156 162 156 157 153 154 155 157 158 159 160 161 162 165 
127 127 133 126 130 133 137 140 147 155 152 148 158 153 160 155 160 156 157 159 159 160 160 161 162 164 165 
125 133 132 127 136 134 134 139 150 158 153 154 154 156 160 154 159 161 163 160 160 161 162 163 164 167 165 
123 129 128 130 139 135 140 144 153 162 157 156 151 164 161 155 160 164 164 162 162 163 164 164 166 168 171 
123 133 137 141 144 136 144 153 159 166 159 153 157 160 165 164 161 162 164 164 164 165 165 165 166 166 0.00 
126 137 139 145 143 143 143 159 160 169 172 165 161 161 166 164 163 164 165 165 166 165 165 166 166 166 0.00 
130 131 140 143 147 144 144 153 156 172 174 172 176 167 165 168 164 166 167 168 168 167 167 167 0.00 0.00 0.00 
130 132 136 135 149 146 150 160 166 177 182 171 169 179 173 174 168 168 168 168 168 168 169 170 170 0.00 0.00 
127 131 138 144 153 149 148 163 174 174 185 184 173 174 175 175 174 171 169 169 169 169 170 0.00 0.00 0.00 0.00 
129 136 142 149 152 149 148 166 174 169 183 183 187 173 174 173 172 174 171 170 170 170 0.00 0.00 0.00 0.00 0.00 
130 135 138 148 149 149 152 164 170 171 179 177 188 181 178 176 177 179 175 172 173 171 0.00 0.00 0.00 0.00 0.00 
128 132 136 145 151 155 152 159 172 168 173 181 186 179 176 177 179 181 181 175 177 0.00 0.00 0.00 0.00 0.00 0.00 
134 134 136 145 154 155 153 158 163 172 172 176 185 180 176 178 182 177 178 175 185 0.00 0.00 0.00 0.00 0.00 0.00 
136 138 137 142 148 159 159 155 169 174 172 172 181 178 176 177 177 177 174 173 0.00 0.00 0.00 0.00 0.00 0.00 0.00 
137 140 142 142 147 152 154 157 171 172 169 179 181 176 172 177 178 178 174 0.00 0.00 0.00 0.00 0.00 0.00 0.00 0.00 
137 142 148 152 157 161 157 165 173 170 172 175 179 170 170 172 175 177 177 0.00 0.00 0.00 0.00 0.00 0.00 0.00 0.00 
139 145 152 157 158 157 162 158 162 170 171 177 179 168 168 175 178 179 179 0.00 0.00 0.00 0.00 0.00 0.00 0.00 0.00 
143 153 152 155 158 161 159 163 168 161 163 171 178 166 171 171 174 173 0.00 0.00 0.00 0.00 0.00 0.00 0.00 0.00 0.00 
145 155 160 164 166 167 164 168 176 170 165 170 180 177 0.00 0.00 0.00 0.00 0.00 0.00 0.00 0.00 0.00 0.00 0.00 0.00 0.00 
149 157 163 169 166 162 165 174 177 177 178 171 176 171 162 0.00 0.00 0.00 0.00 0.00 0.00 0.00 0.00 0.00 0.00 0.00 0.00 
