2016_CCC_ARR_IFD/catchment_depth_180min_86466aep.txt.asc
ncols         27
nrows         23
xllcorner     150.975
yllcorner     -33.6
cellsize      0.025
NODATA_value  -9999
23.8 23.7 24.2 24.5 24.2 24.0 24.0 24.4 24.9 25.7 26.6 27.0 27.1 27.8 28.0 28.4 28.1 28.0 28.4 28.7 29.0 29.3 29.7 29.9 30.1 30.4 30.6 
24.1 24.1 24.3 24.6 24.7 24.6 24.5 24.8 25.4 26.3 27.2 27.9 27.8 27.9 28.5 27.9 28.0 28.3 28.7 29.0 29.4 29.7 29.9 30.2 30.4 30.6 30.9 
23.9 24.3 24.7 24.8 24.8 24.9 25.0 25.2 26.1 26.6 27.2 27.7 27.7 27.5 28.5 29.0 28.6 28.5 29.0 29.4 29.7 30.0 30.2 30.5 30.7 30.9 31.1 
24.3 24.4 24.9 24.5 24.7 24.9 25.6 25.6 25.9 26.6 27.2 27.4 27.7 28.0 28.6 28.3 28.6 29.0 29.4 29.8 30.1 30.3 30.6 30.8 31.0 31.2 31.5 
24.4 24.4 24.9 24.6 25.0 25.3 25.7 26.0 26.7 27.5 27.4 27.2 28.1 27.9 28.5 28.5 28.9 29.4 29.8 30.2 30.5 30.7 30.9 31.1 31.3 31.5 31.7 
24.3 24.8 24.9 24.7 25.4 25.4 25.6 26.1 27.0 27.8 27.5 27.7 27.9 28.2 28.7 29.0 29.4 29.7 30.2 30.6 30.9 31.1 31.2 31.4 31.6 31.8 31.9 
24.2 24.6 24.7 24.9 25.6 25.6 26.1 26.5 27.3 28.2 27.9 28.0 28.1 28.9 29.0 29.5 29.9 30.2 30.7 31.1 31.3 31.5 31.6 31.7 31.8 32.0 32.2 
24.3 24.9 25.3 25.7 26.1 25.8 26.5 27.2 27.9 28.5 28.2 28.1 28.5 28.9 29.3 29.8 30.4 30.9 31.2 31.5 31.6 31.8 31.9 31.9 32.0 32.2 0.00 
24.5 25.2 25.5 26.1 26.1 26.3 26.5 27.8 28.0 28.8 29.2 28.8 28.9 29.3 29.7 30.2 30.8 31.3 31.7 31.9 32.0 32.0 32.1 32.1 32.2 32.3 0.00 
24.7 25.0 25.7 26.0 26.5 26.5 26.7 27.4 27.9 29.1 29.5 29.5 29.9 29.6 30.1 30.5 31.2 31.8 32.2 32.3 32.3 32.2 32.2 32.3 0.00 0.00 0.00 
24.8 25.1 25.5 25.7 26.7 26.7 27.2 28.0 28.6 29.6 30.1 29.5 29.6 30.4 30.4 30.8 31.4 32.0 32.4 32.4 32.4 32.4 32.4 32.5 32.6 0.00 0.00 
24.8 25.1 25.7 26.3 27.0 27.0 27.2 28.3 29.3 29.5 30.5 30.6 30.0 30.3 30.6 31.0 31.4 31.9 32.2 32.4 32.4 32.5 32.5 0.00 0.00 0.00 0.00 
24.9 25.4 26.0 26.6 27.1 27.1 27.3 28.6 29.4 29.3 30.4 30.6 31.0 30.3 30.7 31.0 31.4 31.8 32.1 32.3 32.4 32.5 0.00 0.00 0.00 0.00 0.00 
25.0 25.5 25.9 26.6 26.9 27.3 27.7 28.6 29.2 29.5 30.2 30.3 31.2 30.9 30.9 31.1 31.5 31.9 32.1 32.2 32.4 32.5 0.00 0.00 0.00 0.00 0.00 
25.1 25.5 25.9 26.6 27.2 27.7 27.8 28.4 29.4 29.4 29.9 30.6 31.2 30.9 30.7 31.0 31.5 31.9 32.2 32.2 32.6 0.00 0.00 0.00 0.00 0.00 0.00 
25.3 25.6 26.0 26.7 27.4 27.8 28.0 28.6 29.1 29.8 30.0 30.5 31.3 31.0 30.6 31.1 31.7 31.7 32.1 32.2 33.0 0.00 0.00 0.00 0.00 0.00 0.00 
25.5 25.8 26.2 26.7 27.3 28.1 28.5 28.6 29.5 30.1 30.2 30.3 31.1 31.0 30.6 31.0 31.4 31.7 31.9 32.2 0.00 0.00 0.00 0.00 0.00 0.00 0.00 
25.6 26.0 26.4 26.9 27.4 28.0 28.4 28.9 29.9 30.2 30.3 31.0 31.3 31.0 30.8 31.3 31.7 31.9 32.0 0.00 0.00 0.00 0.00 0.00 0.00 0.00 0.00 
25.9 26.2 26.8 27.3 27.9 28.5 28.8 29.5 30.1 30.4 30.7 31.1 31.4 30.9 31.0 31.3 31.7 32.1 32.3 0.00 0.00 0.00 0.00 0.00 0.00 0.00 0.00 
26.1 26.6 27.1 27.7 28.1 28.5 29.2 29.4 30.0 30.7 31.0 31.4 31.7 31.1 31.3 31.9 32.3 32.6 32.7 0.00 0.00 0.00 0.00 0.00 0.00 0.00 0.00 
26.5 27.0 27.3 27.8 28.3 28.8 29.3 29.9 30.5 30.4 30.8 31.5 32.0 31.4 31.9 32.0 32.3 32.4 0.00 0.00 0.00 0.00 0.00 0.00 0.00 0.00 0.00 
26.7 27.3 27.8 28.2 28.7 29.2 29.6 30.2 30.8 31.2 31.2 31.7 32.3 32.4 0.00 0.00 0.00 0.00 0.00 0.00 0.00 0.00 0.00 0.00 0.00 0.00 0.00 
27.0 27.5 28.0 28.6 28.8 29.2 29.7 30.5 31.1 31.5 31.9 32.0 32.5 32.4 31.9 0.00 0.00 0.00 0.00 0.00 0.00 0.00 0.00 0.00 0.00 0.00 0.00 
