2016_CCC_ARR_IFD/catchment_depth_2880min_18127aep.txt.asc
ncols         27
nrows         23
xllcorner     150.975
yllcorner     -33.6
cellsize      0.025
NODATA_value  -9999
142 140 148 152 147 142 139 145 151 161 174 177 177 188 189 193 185 174 177 180 181 185 188 188 187 187 187 
148 148 150 154 154 152 147 150 158 170 182 192 188 188 196 183 180 176 177 179 182 185 186 187 188 188 188 
145 151 158 157 155 155 155 155 168 174 183 188 186 181 194 200 190 185 182 180 183 184 186 187 189 189 189 
153 154 161 151 153 154 164 162 164 173 181 181 185 187 194 187 188 182 183 183 186 186 187 189 189 191 194 
155 154 161 152 157 160 165 167 176 187 183 176 189 183 192 186 191 185 186 188 188 188 188 190 191 193 194 
152 162 160 153 164 161 161 166 180 191 183 184 185 186 192 183 190 192 193 189 189 190 191 191 193 196 194 
148 156 154 157 167 162 168 173 184 196 189 187 180 198 193 184 190 195 194 192 191 192 193 193 195 198 201 
148 162 167 171 175 164 173 185 192 201 191 183 187 191 198 195 191 191 194 193 192 194 195 193 194 195 0.00 
153 167 169 176 174 172 172 192 193 205 208 198 193 192 198 195 193 194 194 195 195 194 194 194 195 195 0.00 
158 159 171 173 178 174 173 184 188 208 211 208 213 200 197 200 194 195 196 198 197 196 196 196 0.00 0.00 0.00 
158 161 165 163 181 176 181 194 201 215 221 206 204 216 208 208 200 198 197 198 197 197 199 199 200 0.00 0.00 
154 158 167 175 186 180 178 197 211 210 224 223 209 210 210 209 208 203 200 199 199 199 200 0.00 0.00 0.00 0.00 
156 165 172 181 185 181 178 201 211 205 222 221 226 208 209 208 205 207 203 201 201 201 0.00 0.00 0.00 0.00 0.00 
158 164 168 180 180 180 183 199 207 206 217 214 228 218 214 211 212 215 208 204 205 202 0.00 0.00 0.00 0.00 0.00 
155 160 164 176 184 188 183 191 208 203 209 219 226 216 212 213 215 217 216 209 211 0.00 0.00 0.00 0.00 0.00 0.00 
162 162 164 175 187 188 184 191 197 208 208 213 224 217 214 216 219 212 214 210 221 0.00 0.00 0.00 0.00 0.00 0.00 
166 167 166 171 179 194 193 186 204 210 208 207 219 216 214 215 213 213 209 207 0.00 0.00 0.00 0.00 0.00 0.00 0.00 
167 171 172 171 178 183 185 189 207 207 204 216 219 213 209 214 215 214 208 0.00 0.00 0.00 0.00 0.00 0.00 0.00 0.00 
167 172 180 185 190 196 188 199 209 204 207 211 216 206 206 208 211 213 212 0.00 0.00 0.00 0.00 0.00 0.00 0.00 0.00 
168 176 184 191 192 190 196 189 193 204 205 213 215 203 203 211 215 216 215 0.00 0.00 0.00 0.00 0.00 0.00 0.00 0.00 
174 186 185 188 191 195 191 196 201 193 195 205 214 200 206 206 209 207 0.00 0.00 0.00 0.00 0.00 0.00 0.00 0.00 0.00 
176 189 195 199 202 202 197 202 212 204 197 204 217 212 0.00 0.00 0.00 0.00 0.00 0.00 0.00 0.00 0.00 0.00 0.00 0.00 0.00 
181 192 199 206 202 195 199 210 214 214 214 205 212 205 194 0.00 0.00 0.00 0.00 0.00 0.00 0.00 0.00 0.00 0.00 0.00 0.00 
