2016_CCC_ARR_IFD/catchment_depth_8640min_01000aep.txt.asc
ncols         27
nrows         23
xllcorner     150.975
yllcorner     -33.6
cellsize      0.025
NODATA_value  -9999
351 347 365 375 364 349 343 358 372 398 430 439 439 467 471 484 467 449 459 468 471 482 492 491 488 488 487 
368 367 370 382 380 373 363 371 390 418 449 475 467 468 489 463 458 455 459 467 474 481 485 488 487 487 487 
360 375 391 389 383 382 381 384 413 429 450 465 461 453 484 500 482 474 471 471 475 479 483 486 489 489 489 
381 382 398 374 378 381 403 399 406 427 447 450 461 467 486 474 480 470 474 475 481 483 486 489 489 492 501 
385 383 400 377 389 397 408 413 434 460 452 442 471 461 482 473 488 477 480 487 486 486 486 488 491 497 498 
379 403 397 379 406 401 400 414 444 468 455 460 466 472 484 469 486 493 497 487 487 489 490 489 495 502 496 
370 390 385 390 415 404 417 431 456 481 471 469 458 497 490 471 485 498 498 491 491 493 494 493 498 505 512 
370 404 416 425 434 409 432 457 476 497 478 463 475 486 503 497 489 489 495 492 491 495 495 491 494 496 0.00 
383 417 420 439 432 430 431 478 479 507 517 498 489 490 504 497 493 494 493 495 497 494 492 492 494 494 0.00 
395 397 426 431 444 435 434 460 472 518 526 521 533 508 501 508 494 495 496 501 500 497 494 496 0.00 0.00 0.00 
393 401 412 407 451 441 453 484 501 536 550 518 515 543 528 529 508 503 500 500 500 499 500 502 502 0.00 0.00 
384 396 417 437 463 449 446 493 527 527 560 559 527 531 533 532 528 516 505 504 503 503 503 0.00 0.00 0.00 0.00 
391 412 429 452 461 452 447 503 527 514 554 555 567 527 532 529 522 525 514 508 508 506 0.00 0.00 0.00 0.00 0.00 
395 410 419 448 449 452 459 498 517 518 544 538 569 549 544 538 540 543 528 516 515 509 0.00 0.00 0.00 0.00 0.00 
387 400 411 439 458 471 457 478 520 508 522 546 564 546 541 543 546 548 546 528 533 0.00 0.00 0.00 0.00 0.00 0.00 
406 406 411 438 466 467 460 477 492 519 519 534 560 547 547 549 555 537 539 528 555 0.00 0.00 0.00 0.00 0.00 0.00 
415 418 415 427 446 481 479 464 506 523 519 520 547 544 547 548 542 540 526 521 0.00 0.00 0.00 0.00 0.00 0.00 0.00 
417 426 429 426 443 455 460 469 512 513 507 536 543 536 528 540 543 537 524 0.00 0.00 0.00 0.00 0.00 0.00 0.00 0.00 
418 430 450 459 472 485 466 492 516 504 512 522 534 516 518 524 528 532 530 0.00 0.00 0.00 0.00 0.00 0.00 0.00 0.00 
420 440 459 474 477 470 483 467 476 502 506 525 531 504 507 524 533 535 534 0.00 0.00 0.00 0.00 0.00 0.00 0.00 0.00 
435 464 461 467 472 481 471 479 490 473 479 503 525 494 509 509 517 514 0.00 0.00 0.00 0.00 0.00 0.00 0.00 0.00 0.00 
441 473 484 495 502 499 484 494 517 496 480 498 526 519 0.00 0.00 0.00 0.00 0.00 0.00 0.00 0.00 0.00 0.00 0.00 0.00 0.00 
452 480 497 512 499 480 487 512 521 518 519 495 513 495 475 0.00 0.00 0.00 0.00 0.00 0.00 0.00 0.00 0.00 0.00 0.00 0.00 
