2016_CCC_ARR_IFD/catchment_depth_270min_00500aep.txt.asc
ncols         27
nrows         23
xllcorner     150.975
yllcorner     -33.6
cellsize      0.025
NODATA_value  -9999
113 113 116 119 119 119 120 124 127 132 138 141 143 147 149 152 153 153 156 160 162 165 168 170 172 174 176 
115 116 117 120 122 123 124 127 131 136 141 144 147 149 152 153 152 155 159 162 164 167 169 171 173 175 177 
114 117 120 122 123 125 127 130 135 139 143 146 149 150 155 157 158 158 161 164 166 169 171 173 175 177 178 
117 118 122 121 123 126 131 133 136 141 145 148 151 154 157 158 160 161 164 166 169 171 173 175 176 178 181 
117 119 122 122 125 129 133 136 141 146 148 149 155 156 160 160 164 165 167 169 171 173 174 176 178 180 181 
117 121 123 122 128 130 132 137 144 149 151 154 157 160 163 163 167 169 171 172 173 175 177 178 180 182 182 
116 120 121 124 130 131 136 140 147 152 154 157 158 165 167 166 170 173 175 175 176 177 179 180 181 183 185 
117 122 126 129 133 132 138 145 150 155 157 158 162 167 171 172 173 175 178 178 179 180 181 181 182 183 0.00 
118 124 126 131 133 136 139 148 152 158 162 163 166 168 173 174 176 179 181 181 182 181 182 182 183 183 0.00 
119 122 127 131 135 137 139 146 151 160 165 167 171 172 173 177 178 182 184 184 184 183 183 183 0.00 0.00 0.00 
119 122 126 128 136 137 142 150 156 163 167 167 170 175 177 179 181 183 185 185 184 184 184 185 185 0.00 0.00 
118 122 126 132 138 139 141 151 159 163 170 173 171 175 178 180 183 184 184 184 184 184 185 0.00 0.00 0.00 0.00 
119 123 128 133 137 139 141 152 159 160 169 172 176 173 177 179 181 184 183 184 184 184 0.00 0.00 0.00 0.00 0.00 
119 123 126 133 136 138 142 151 157 160 167 169 175 176 177 179 182 185 184 183 184 184 0.00 0.00 0.00 0.00 0.00 
118 122 125 131 136 141 142 148 157 158 163 170 174 174 175 178 181 184 185 184 185 0.00 0.00 0.00 0.00 0.00 0.00 
119 122 125 131 137 140 142 147 152 159 162 166 173 173 174 177 181 180 182 182 187 0.00 0.00 0.00 0.00 0.00 0.00 
120 122 125 129 134 142 144 144 154 159 160 162 170 170 170 174 176 178 178 179 0.00 0.00 0.00 0.00 0.00 0.00 0.00 
120 123 127 129 133 138 140 144 154 156 157 165 168 167 166 172 175 177 176 0.00 0.00 0.00 0.00 0.00 0.00 0.00 0.00 
122 125 129 133 138 142 141 148 154 154 157 161 165 161 163 166 171 174 176 0.00 0.00 0.00 0.00 0.00 0.00 0.00 0.00 
123 127 131 136 138 140 144 142 146 153 155 161 164 158 160 167 171 173 175 0.00 0.00 0.00 0.00 0.00 0.00 0.00 0.00 
125 130 132 135 138 141 141 145 149 145 148 155 162 155 161 162 166 167 0.00 0.00 0.00 0.00 0.00 0.00 0.00 0.00 0.00 
126 132 136 139 143 144 143 147 153 151 148 153 161 161 0.00 0.00 0.00 0.00 0.00 0.00 0.00 0.00 0.00 0.00 0.00 0.00 0.00 
128 134 138 142 143 140 143 150 153 154 156 152 158 156 151 0.00 0.00 0.00 0.00 0.00 0.00 0.00 0.00 0.00 0.00 0.00 0.00 
