2016_CCC_ARR_IFD/catchment_depth_540min_20000aep.txt.asc
ncols         27
nrows         23
xllcorner     150.975
yllcorner     -33.6
cellsize      0.025
NODATA_value  -9999
69.0 69.0 71.4 73.0 72.3 71.5 71.5 73.6 75.7 79.3 83.3 84.9 85.4 88.8 89.8 91.5 90.1 88.2 89.8 91.2 92.3 93.9 95.5 96.0 96.6 97.3 98.0 
70.7 71.1 72.1 73.9 74.4 74.4 74.0 75.4 78.1 82.0 85.8 88.9 88.8 89.4 92.0 89.4 88.7 89.2 90.4 91.7 93.1 94.4 95.5 96.4 97.2 97.9 98.7 
70.0 72.0 74.3 74.9 74.9 75.7 76.3 77.2 81.2 83.6 86.5 88.6 88.6 87.9 92.0 94.2 92.2 90.8 91.8 92.7 93.9 95.0 96.0 97.0 98.0 98.7 99.4 
72.1 72.8 75.2 73.4 74.6 75.7 79.0 79.3 80.6 83.7 86.6 87.4 89.1 90.0 92.7 91.1 91.8 91.7 93.0 93.9 95.3 96.2 97.1 98.0 98.7 99.7 101 
72.5 73.0 75.5 73.8 75.9 77.6 79.6 81.2 84.4 88.0 87.6 86.5 90.7 89.4 92.5 91.3 93.3 93.3 94.5 95.8 96.6 97.3 97.9 98.8 99.6 101 101 
72.0 75.1 75.3 74.2 78.0 78.2 78.9 81.1 85.8 89.5 88.2 89.1 90.0 91.0 93.1 92.4 94.3 95.6 96.8 97.0 97.8 98.5 99.2 99.7 101 102 102 
71.3 73.9 74.1 75.5 79.2 78.7 81.1 83.5 87.3 91.3 90.2 90.4 89.7 94.7 94.2 93.9 95.8 97.4 98.3 98.8 99.2 99.8 100 101 102 103 104 
71.5 75.5 77.6 79.5 81.4 79.5 82.9 86.9 90.0 93.1 91.3 90.1 92.1 94.0 96.3 96.8 97.4 98.6 99.8 100 100 101 101 101 102 103 0.00 
72.8 76.8 78.2 81.1 81.3 82.0 82.9 89.3 90.4 94.5 96.3 94.5 94.2 95.0 97.3 98.0 99.1 100 101 102 102 102 102 102 102 103 0.00 
74.0 75.1 78.9 80.4 82.8 82.7 83.4 87.4 89.5 95.9 97.5 97.7 99.6 97.5 97.9 99.7 100 102 103 103 103 103 103 103 0.00 0.00 0.00 
74.1 75.7 77.7 78.1 83.7 83.5 85.8 90.3 93.2 98.1 100 97.5 97.7 102 101 102 102 103 104 104 104 103 104 104 104 0.00 0.00 
73.5 75.4 78.3 81.3 85.2 84.6 85.2 91.5 96.3 97.2 102 103 99.4 100 102 102 103 104 104 104 104 104 104 0.00 0.00 0.00 0.00 
74.2 77.0 79.7 83.1 85.1 85.2 85.5 92.8 96.5 95.7 101 102 104 100 102 102 103 104 104 104 104 104 0.00 0.00 0.00 0.00 0.00 
74.7 76.9 78.8 82.8 84.0 85.3 87.1 92.4 95.5 96.4 100 100 105 103 103 103 104 106 105 104 105 104 0.00 0.00 0.00 0.00 0.00 
74.3 76.3 78.3 82.0 85.1 87.5 87.3 90.6 96.0 95.7 98.1 102 104 103 102 103 104 106 106 105 106 0.00 0.00 0.00 0.00 0.00 0.00 
75.8 77.0 78.6 82.1 86.2 87.5 87.9 90.8 93.4 97.2 97.9 100 104 103 102 103 105 104 105 105 109 0.00 0.00 0.00 0.00 0.00 0.00 
76.5 77.8 79.2 81.5 84.5 89.2 90.3 89.6 95.3 97.9 98.1 98.4 103 102 101 102 103 104 104 104 0.00 0.00 0.00 0.00 0.00 0.00 0.00 
76.9 78.7 80.5 81.8 84.6 87.1 88.6 90.8 96.4 97.4 97.3 101 103 101 99.6 102 104 104 103 0.00 0.00 0.00 0.00 0.00 0.00 0.00 0.00 
77.9 79.7 82.8 85.0 87.7 90.3 89.9 93.8 97.2 97.0 98.6 100 102 98.5 99.0 100 102 104 104 0.00 0.00 0.00 0.00 0.00 0.00 0.00 0.00 
78.8 81.4 84.3 87.0 88.5 89.4 92.1 91.5 93.6 97.4 98.4 101 102 98.0 98.3 102 104 105 105 0.00 0.00 0.00 0.00 0.00 0.00 0.00 0.00 
80.6 84.2 84.9 86.7 88.6 90.8 91.1 93.6 96.1 93.9 95.1 98.9 102 97.3 100 100 102 102 0.00 0.00 0.00 0.00 0.00 0.00 0.00 0.00 0.00 
81.5 85.5 87.8 90.0 91.8 92.8 92.8 95.3 98.6 97.8 96.1 98.7 103 102 0.00 0.00 0.00 0.00 0.00 0.00 0.00 0.00 0.00 0.00 0.00 0.00 0.00 
83.1 86.7 89.4 91.9 92.0 91.2 93.2 97.1 99.1 99.9 101 98.7 101 99.5 96.1 0.00 0.00 0.00 0.00 0.00 0.00 0.00 0.00 0.00 0.00 0.00 0.00 
