2016_CCC_ARR_IFD/catchment_depth_90min_20000aep.txt.asc
ncols         27
nrows         23
xllcorner     150.975
yllcorner     -33.6
cellsize      0.025
NODATA_value  -9999
38.1 38.0 38.6 39.0 38.9 38.7 38.9 39.6 40.3 41.5 42.8 43.4 43.7 44.7 45.1 45.7 45.9 46.2 46.9 47.5 48.1 48.7 49.2 49.7 50.2 50.7 51.2 
38.4 38.5 38.7 39.3 39.4 39.5 39.6 40.1 41.0 42.3 43.4 44.2 44.5 45.0 45.7 45.6 46.0 46.7 47.3 47.9 48.5 49.0 49.5 50.0 50.5 51.0 51.5 
38.2 38.7 39.3 39.5 39.6 39.9 40.2 40.7 41.9 42.8 43.7 44.4 44.7 44.9 46.0 46.6 46.8 47.0 47.8 48.4 48.9 49.4 49.9 50.4 50.8 51.3 51.7 
38.7 38.9 39.5 39.1 39.5 40.0 41.0 41.3 41.9 42.9 43.9 44.3 45.0 45.5 46.4 46.5 47.1 47.7 48.3 48.8 49.3 49.8 50.3 50.7 51.2 51.6 52.1 
38.7 38.9 39.6 39.2 39.9 40.5 41.2 41.9 42.9 44.0 44.3 44.5 45.6 45.8 46.7 47.0 47.7 48.3 48.9 49.4 49.8 50.3 50.7 51.1 51.5 51.9 52.3 
38.7 39.4 39.5 39.3 40.5 40.7 41.3 42.1 43.4 44.5 44.6 45.2 45.8 46.4 47.1 47.8 48.3 48.9 49.4 49.9 50.3 50.7 51.1 51.4 51.8 52.2 52.6 
38.7 39.2 39.4 39.8 40.9 41.0 41.9 42.7 43.9 45.1 45.3 45.7 46.3 47.3 47.7 48.5 49.1 49.6 50.1 50.6 50.9 51.2 51.5 51.8 52.1 52.5 52.9 
39.0 39.6 40.2 40.9 41.5 41.4 42.5 43.7 44.7 45.6 45.7 46.1 46.9 47.7 48.4 49.1 49.8 50.5 50.9 51.3 51.5 51.7 51.9 52.1 52.3 52.7 0.00 
39.2 40.0 40.5 41.3 41.6 42.1 42.7 44.4 45.0 46.2 46.9 47.0 47.5 48.2 49.0 49.8 50.6 51.2 51.7 51.9 52.1 52.1 52.2 52.3 52.6 52.9 0.00 
39.5 39.9 40.8 41.3 42.1 42.5 43.1 44.2 45.0 46.7 47.4 47.9 48.6 48.8 49.6 50.3 51.2 52.0 52.5 52.6 52.6 52.5 52.5 52.6 0.00 0.00 0.00 
39.7 40.2 40.7 41.2 42.5 42.8 43.7 44.9 46.0 47.4 48.2 48.1 48.6 49.6 50.0 50.7 51.6 52.4 52.9 52.9 52.9 52.8 52.8 52.9 53.0 0.00 0.00 
39.9 40.3 41.0 41.8 42.9 43.2 43.8 45.4 46.7 47.4 48.8 49.2 49.1 49.7 50.4 51.1 51.8 52.5 52.9 53.0 53.1 53.1 53.1 0.00 0.00 0.00 0.00 
40.0 40.6 41.3 42.3 43.0 43.4 44.0 45.7 46.9 47.2 48.8 49.3 50.0 50.0 50.7 51.4 52.0 52.6 52.9 53.1 53.2 53.3 0.00 0.00 0.00 0.00 0.00 
40.2 40.7 41.3 42.3 43.0 43.6 44.4 45.8 46.8 47.4 48.6 49.1 50.2 50.4 51.0 51.6 52.2 52.7 53.0 53.1 53.4 53.4 0.00 0.00 0.00 0.00 0.00 
40.4 40.9 41.5 42.3 43.2 44.1 44.5 45.5 47.0 47.4 48.3 49.4 50.3 50.5 51.0 51.7 52.3 52.8 53.2 53.3 53.6 0.00 0.00 0.00 0.00 0.00 0.00 
40.4 41.0 41.6 42.4 43.5 44.2 44.7 45.7 46.6 47.7 48.3 49.2 50.3 50.7 51.1 51.8 52.4 52.7 53.2 53.3 53.9 0.00 0.00 0.00 0.00 0.00 0.00 
40.5 41.0 41.8 42.5 43.3 44.6 45.2 45.5 47.0 47.9 48.4 49.0 50.2 50.6 50.8 51.6 52.2 52.7 52.9 53.1 0.00 0.00 0.00 0.00 0.00 0.00 0.00 
40.7 41.2 42.0 42.7 43.5 44.3 45.0 45.8 47.2 47.9 48.3 49.5 50.2 50.5 50.6 51.6 52.3 52.7 52.8 0.00 0.00 0.00 0.00 0.00 0.00 0.00 0.00 
41.1 41.6 42.4 43.2 44.1 44.9 45.2 46.4 47.4 47.8 48.6 49.3 50.2 50.0 50.6 51.3 52.0 52.6 53.0 0.00 0.00 0.00 0.00 0.00 0.00 0.00 0.00 
41.5 42.1 42.8 43.7 44.3 44.8 45.7 45.9 46.7 47.9 48.5 49.6 50.2 49.9 50.4 51.5 52.3 52.8 53.1 0.00 0.00 0.00 0.00 0.00 0.00 0.00 0.00 
41.8 42.7 43.1 43.7 44.4 45.2 45.5 46.4 47.2 47.2 47.9 49.2 50.2 49.8 50.8 51.3 51.9 52.3 0.00 0.00 0.00 0.00 0.00 0.00 0.00 0.00 0.00 
42.1 43.0 43.7 44.5 45.1 45.6 46.0 46.8 47.9 48.0 48.2 49.2 50.5 50.8 0.00 0.00 0.00 0.00 0.00 0.00 0.00 0.00 0.00 0.00 0.00 0.00 0.00 
42.5 43.4 44.2 44.9 45.2 45.4 46.1 47.3 48.1 48.7 49.3 49.3 50.3 50.4 50.2 0.00 0.00 0.00 0.00 0.00 0.00 0.00 0.00 0.00 0.00 0.00 0.00 
