2016_CCC_ARR_IFD/catchment_depth_25min_98168aep.txt.asc
ncols         27
nrows         23
xllcorner     150.975
yllcorner     -33.6
cellsize      0.025
NODATA_value  -9999
8.69 8.66 8.76 8.83 8.76 8.69 8.68 8.79 8.91 9.13 9.38 9.48 9.52 9.74 9.81 9.93 9.89 9.94 10.1 10.2 10.3 10.4 10.5 10.6 10.8 10.9 11.0 
8.78 8.78 8.81 8.89 8.89 8.88 8.85 8.92 9.07 9.31 9.54 9.74 9.74 9.78 9.96 9.85 9.92 10.0 10.1 10.3 10.4 10.5 10.6 10.7 10.8 10.9 11.0 
8.76 8.84 8.94 8.96 8.94 8.98 9.00 9.05 9.27 9.42 9.59 9.72 9.74 9.72 9.97 10.1 10.1 10.1 10.2 10.3 10.5 10.6 10.7 10.8 10.9 11.0 11.1 
8.87 8.89 9.00 8.91 8.95 9.00 9.17 9.18 9.25 9.43 9.61 9.66 9.78 9.85 10.0 10.0 10.1 10.2 10.3 10.4 10.6 10.7 10.8 10.9 11.0 11.1 11.2 
8.90 8.92 9.03 8.96 9.05 9.12 9.22 9.30 9.48 9.70 9.67 9.62 9.88 9.84 10.0 10.0 10.2 10.3 10.4 10.5 10.6 10.7 10.8 10.9 11.0 11.1 11.2 
8.90 9.03 9.04 9.01 9.17 9.18 9.21 9.32 9.58 9.79 9.71 9.77 9.83 9.92 10.1 10.1 10.2 10.4 10.5 10.6 10.7 10.8 10.9 11.0 11.1 11.2 11.3 
8.88 9.00 9.02 9.08 9.25 9.22 9.33 9.45 9.67 9.91 9.83 9.83 9.81 10.1 10.1 10.2 10.3 10.5 10.6 10.7 10.8 10.9 11.0 11.1 11.2 11.3 11.4 
8.89 9.07 9.17 9.27 9.37 9.26 9.44 9.65 9.83 10.0 9.89 9.79 9.91 10.0 10.2 10.3 10.4 10.5 10.7 10.8 10.9 11.0 11.1 11.1 11.2 11.3 0.00 
8.95 9.14 9.21 9.36 9.37 9.40 9.43 9.80 9.86 10.1 10.2 10.1 10.0 10.1 10.2 10.3 10.5 10.6 10.7 10.8 10.9 11.0 11.1 11.2 11.3 11.4 0.00 
9.01 9.07 9.25 9.33 9.45 9.43 9.45 9.67 9.78 10.2 10.3 10.3 10.4 10.2 10.3 10.4 10.5 10.7 10.8 10.9 11.0 11.1 11.2 11.3 0.00 0.00 0.00 
9.02 9.09 9.19 9.20 9.50 9.47 9.58 9.85 10.0 10.3 10.5 10.2 10.2 10.5 10.4 10.5 10.6 10.7 10.9 11.0 11.0 11.1 11.2 11.3 11.4 0.00 0.00 
8.99 9.07 9.22 9.38 9.59 9.53 9.54 9.92 10.2 10.3 10.6 10.6 10.3 10.4 10.5 10.6 10.7 10.8 10.9 11.0 11.1 11.2 11.3 0.00 0.00 0.00 0.00 
9.03 9.17 9.30 9.48 9.59 9.55 9.54 10.0 10.2 10.1 10.5 10.6 10.7 10.4 10.5 10.6 10.7 10.8 10.9 11.0 11.1 11.2 0.00 0.00 0.00 0.00 0.00 
9.06 9.17 9.25 9.47 9.52 9.56 9.63 9.96 10.1 10.2 10.4 10.4 10.8 10.6 10.6 10.6 10.7 10.9 11.0 11.1 11.2 11.3 0.00 0.00 0.00 0.00 0.00 
9.04 9.13 9.23 9.43 9.59 9.70 9.64 9.82 10.2 10.1 10.3 10.5 10.7 10.6 10.5 10.6 10.8 11.0 11.1 11.1 11.3 0.00 0.00 0.00 0.00 0.00 0.00 
9.15 9.19 9.25 9.44 9.66 9.70 9.68 9.82 9.97 10.2 10.2 10.4 10.7 10.6 10.5 10.7 10.9 10.9 11.1 11.2 11.4 0.00 0.00 0.00 0.00 0.00 0.00 
9.23 9.28 9.30 9.40 9.55 9.82 9.84 9.79 10.1 10.3 10.3 10.3 10.6 10.6 10.6 10.7 10.9 11.0 11.1 11.2 0.00 0.00 0.00 0.00 0.00 0.00 0.00 
9.27 9.36 9.40 9.45 9.56 9.67 9.75 9.85 10.2 10.2 10.2 10.6 10.7 10.6 10.7 10.8 11.0 11.1 11.2 0.00 0.00 0.00 0.00 0.00 0.00 0.00 0.00 
9.31 9.41 9.56 9.65 9.78 9.90 9.83 10.0 10.3 10.2 10.4 10.5 10.7 10.6 10.8 10.9 11.1 11.2 11.3 0.00 0.00 0.00 0.00 0.00 0.00 0.00 0.00 
9.38 9.50 9.64 9.77 9.83 9.85 9.98 9.97 10.1 10.3 10.4 10.7 10.8 10.8 10.9 11.1 11.2 11.4 11.5 0.00 0.00 0.00 0.00 0.00 0.00 0.00 0.00 
9.49 9.66 9.69 9.77 9.86 9.97 9.99 10.1 10.2 10.3 10.4 10.6 10.9 10.9 11.1 11.2 11.3 11.4 0.00 0.00 0.00 0.00 0.00 0.00 0.00 0.00 0.00 
9.58 9.74 9.86 9.97 10.1 10.1 10.1 10.3 10.5 10.5 10.6 10.8 11.1 11.2 0.00 0.00 0.00 0.00 0.00 0.00 0.00 0.00 0.00 0.00 0.00 0.00 0.00 
9.69 9.84 9.97 10.1 10.1 10.1 10.3 10.5 10.7 10.8 10.9 11.0 11.2 11.3 11.3 0.00 0.00 0.00 0.00 0.00 0.00 0.00 0.00 0.00 0.00 0.00 0.00 
