2016_CCC_ARR_IFD/catchment_depth_720min_02000aep.txt.asc
ncols         27
nrows         23
xllcorner     150.975
yllcorner     -33.6
cellsize      0.025
NODATA_value  -9999
132 132 137 141 140 138 138 143 148 157 166 169 171 178 180 184 182 177 180 184 187 191 195 196 197 198 200 
136 137 139 143 145 145 144 147 154 162 171 177 178 180 185 180 177 178 181 184 187 191 193 195 197 198 200 
134 139 144 146 146 148 149 151 160 166 172 177 178 176 185 190 186 182 184 185 188 191 193 195 198 199 201 
139 141 146 143 145 148 155 156 159 166 173 175 179 181 187 183 184 183 185 187 190 192 194 196 198 200 204 
140 142 147 144 148 152 157 160 168 176 175 173 182 179 187 183 188 186 188 191 192 194 195 197 199 202 203 
140 146 147 145 153 154 155 160 171 179 177 179 181 183 188 184 189 191 193 192 194 195 197 198 200 203 203 
138 144 145 148 156 155 160 166 175 183 181 182 179 192 190 186 191 195 196 196 196 197 198 199 201 204 207 
139 148 152 157 161 157 165 174 181 187 184 180 185 189 195 194 194 195 197 198 198 199 200 199 201 202 0.00 
142 151 154 160 161 162 164 179 182 191 195 191 190 191 196 195 196 198 199 200 201 200 200 200 201 202 0.00 
144 147 156 159 164 164 165 174 179 194 198 198 202 196 195 199 198 200 202 203 202 201 201 201 0.00 0.00 0.00 
145 148 153 153 166 165 171 181 188 199 204 197 197 206 203 204 201 202 203 203 202 202 202 203 203 0.00 0.00 
143 148 154 161 170 168 169 184 195 196 207 209 200 202 204 205 206 204 203 203 203 203 203 0.00 0.00 0.00 0.00 
145 151 157 165 169 169 169 186 195 192 206 207 212 200 203 203 203 206 204 203 204 203 0.00 0.00 0.00 0.00 0.00 
146 151 155 164 167 169 172 185 192 193 202 202 212 207 206 205 207 209 206 204 205 204 0.00 0.00 0.00 0.00 0.00 
145 149 154 162 169 174 172 180 193 191 196 204 211 205 202 204 207 210 211 206 208 0.00 0.00 0.00 0.00 0.00 0.00 
149 151 154 162 171 174 173 179 185 194 195 200 209 205 202 205 210 205 208 205 214 0.00 0.00 0.00 0.00 0.00 0.00 
151 153 155 160 167 178 179 175 189 195 194 194 205 203 199 202 203 205 203 202 0.00 0.00 0.00 0.00 0.00 0.00 0.00 
152 156 159 160 166 171 174 178 191 193 191 201 204 199 196 201 204 204 201 0.00 0.00 0.00 0.00 0.00 0.00 0.00 0.00 
154 158 165 169 174 179 176 185 192 190 193 196 201 192 193 196 200 203 203 0.00 0.00 0.00 0.00 0.00 0.00 0.00 0.00 
156 162 168 173 176 176 181 177 181 190 191 198 200 190 191 199 203 204 205 0.00 0.00 0.00 0.00 0.00 0.00 0.00 0.00 
160 168 169 172 176 180 178 182 186 180 183 191 199 188 194 194 197 197 0.00 0.00 0.00 0.00 0.00 0.00 0.00 0.00 0.00 
162 171 176 180 184 185 182 186 194 189 184 190 200 198 0.00 0.00 0.00 0.00 0.00 0.00 0.00 0.00 0.00 0.00 0.00 0.00 0.00 
166 174 180 185 184 180 183 192 195 196 197 190 196 191 183 0.00 0.00 0.00 0.00 0.00 0.00 0.00 0.00 0.00 0.00 0.00 0.00 
