2016_CCC_ARR_IFD/catchment_depth_1800min_98168aep.txt.asc
ncols         27
nrows         23
xllcorner     150.975
yllcorner     -33.6
cellsize      0.025
NODATA_value  -9999
40.9 40.5 42.4 43.4 42.2 40.8 40.1 41.5 42.7 45.1 48.2 48.9 48.6 51.3 51.5 52.6 49.9 47.1 47.9 48.6 49.1 50.1 51.1 51.2 51.4 51.7 52.0 
42.4 42.3 42.7 43.9 43.7 43.1 42.1 42.7 44.4 47.2 50.2 52.6 51.6 51.3 53.4 49.6 48.2 47.7 48.1 48.8 49.6 50.3 50.9 51.3 51.8 52.1 52.5 
41.3 42.9 44.5 44.5 43.9 44.0 43.8 43.9 46.8 48.3 50.2 51.6 50.7 49.2 52.6 54.2 51.2 49.3 49.2 49.3 50.0 50.6 51.1 51.6 52.3 52.7 53.0 
43.3 43.4 45.2 42.8 43.2 43.5 45.9 45.3 45.8 47.9 49.8 49.7 50.5 50.6 52.6 50.3 50.4 49.3 49.8 50.1 50.9 51.3 51.8 52.3 52.7 53.3 54.3 
43.4 43.4 45.1 42.9 44.1 44.9 46.0 46.6 48.8 51.5 50.2 48.3 51.5 49.5 51.7 49.9 51.3 50.3 50.7 51.4 51.7 52.0 52.3 52.9 53.3 54.1 54.5 
42.6 45.1 44.6 42.9 45.6 45.1 44.9 46.2 49.6 52.3 50.1 50.2 50.2 50.4 51.7 50.0 51.3 51.9 52.4 52.0 52.3 52.8 53.1 53.4 54.2 54.9 54.7 
41.5 43.6 43.1 43.7 46.4 45.1 46.5 47.8 50.4 53.4 51.4 50.7 49.3 53.2 52.1 50.6 51.8 52.9 53.1 53.0 53.2 53.6 53.9 54.2 54.8 55.7 56.4 
41.3 44.8 46.0 47.0 48.0 45.4 47.7 50.4 52.3 54.4 51.8 50.0 51.0 51.9 53.4 53.1 52.6 52.8 53.5 53.6 53.8 54.3 54.6 54.5 55.0 55.3 0.00 
42.3 45.7 46.2 48.1 47.5 47.3 47.3 52.1 52.1 54.9 55.7 53.4 52.5 52.5 53.7 53.4 53.4 53.8 54.0 54.4 54.7 54.7 54.9 55.1 55.4 55.5 0.00 
43.3 43.7 46.5 47.1 48.5 47.6 47.4 50.0 51.1 55.5 56.1 55.6 56.7 54.3 53.8 54.7 53.9 54.5 54.9 55.4 55.4 55.3 55.5 55.8 0.00 0.00 0.00 
43.0 43.9 45.0 44.6 48.9 47.9 49.2 52.1 53.7 56.9 58.3 55.3 55.0 57.7 56.3 56.6 55.4 55.3 55.5 55.7 55.7 55.8 56.3 56.7 56.9 0.00 0.00 
41.9 43.2 45.3 47.3 50.0 48.6 48.4 52.9 56.0 55.9 58.8 58.8 56.2 56.6 57.0 57.1 57.2 56.5 56.1 56.2 56.3 56.4 56.8 0.00 0.00 0.00 0.00 
42.4 44.5 46.3 48.6 49.6 48.8 48.4 53.7 55.9 54.8 58.4 58.5 59.8 56.5 57.1 57.0 56.8 57.4 56.7 56.7 56.8 56.9 0.00 0.00 0.00 0.00 0.00 
42.6 44.1 45.2 48.1 48.4 48.7 49.6 53.2 55.0 55.2 57.6 57.3 60.2 58.7 58.3 57.9 58.4 59.1 58.1 57.3 57.6 57.3 0.00 0.00 0.00 0.00 0.00 
41.7 43.1 44.3 47.1 49.0 50.4 49.6 51.7 55.4 54.8 56.2 58.4 60.0 58.6 58.0 58.4 59.1 59.7 59.8 58.5 59.1 0.00 0.00 0.00 0.00 0.00 0.00 
43.2 43.5 44.3 46.9 49.8 50.2 50.0 51.7 53.4 55.9 56.1 57.6 59.9 59.0 58.5 59.1 60.1 58.9 59.3 58.6 61.3 0.00 0.00 0.00 0.00 0.00 0.00 
43.9 44.4 44.5 46.0 48.0 51.4 51.7 50.8 54.8 56.4 56.4 56.6 59.2 58.9 58.6 59.0 58.9 59.1 58.3 58.1 0.00 0.00 0.00 0.00 0.00 0.00 0.00 
43.9 45.0 45.6 46.0 47.9 49.4 50.3 51.6 55.5 56.1 55.9 58.6 59.3 58.5 57.6 59.0 59.5 59.3 58.3 0.00 0.00 0.00 0.00 0.00 0.00 0.00 0.00 
43.9 45.3 47.4 48.7 50.3 51.9 51.2 53.8 56.1 55.8 56.8 57.8 59.0 56.9 57.1 57.8 58.6 59.1 59.2 0.00 0.00 0.00 0.00 0.00 0.00 0.00 0.00 
44.3 46.3 48.3 50.0 50.7 51.0 52.7 52.1 53.4 56.0 56.7 58.4 59.1 56.5 56.5 58.6 59.5 59.9 59.9 0.00 0.00 0.00 0.00 0.00 0.00 0.00 0.00 
45.5 48.3 48.4 49.5 50.6 52.0 52.0 53.6 55.2 53.7 54.5 57.0 59.0 55.9 57.5 57.5 58.4 58.1 0.00 0.00 0.00 0.00 0.00 0.00 0.00 0.00 0.00 
45.9 48.9 50.4 51.9 53.0 53.5 53.3 54.9 57.2 56.4 55.2 56.9 59.5 58.9 0.00 0.00 0.00 0.00 0.00 0.00 0.00 0.00 0.00 0.00 0.00 0.00 0.00 
46.9 49.5 51.4 53.2 53.0 52.3 53.7 56.4 57.7 58.1 58.6 57.0 58.7 57.3 54.9 0.00 0.00 0.00 0.00 0.00 0.00 0.00 0.00 0.00 0.00 0.00 0.00 
