2016_CCC_ARR_IFD/catchment_depth_720min_00100aep.txt.asc
ncols         27
nrows         23
xllcorner     150.975
yllcorner     -33.6
cellsize      0.025
NODATA_value  -9999
210 211 220 226 225 224 225 233 242 255 268 274 278 289 294 301 303 304 312 320 326 333 339 342 345 348 351 
216 218 222 228 231 233 233 239 250 263 275 284 287 292 300 299 300 306 314 321 328 333 338 342 345 348 351 
213 221 229 232 233 237 240 245 259 268 278 285 289 290 302 309 310 309 317 324 329 334 338 342 346 348 351 
220 223 232 227 232 237 249 252 258 269 280 285 292 297 306 305 310 313 320 325 331 335 339 343 346 349 355 
221 224 233 229 236 243 251 258 269 282 283 283 297 297 307 307 315 317 323 329 333 336 339 343 346 350 353 
220 230 232 230 243 245 249 258 274 286 286 291 296 302 310 309 317 323 328 330 334 338 340 343 347 352 352 
217 226 228 233 246 246 255 265 279 292 292 295 294 312 314 312 320 328 332 334 336 339 341 344 347 352 356 
217 231 238 246 253 248 261 275 287 297 296 293 302 310 320 322 324 328 334 336 337 340 342 342 345 348 0.00 
220 235 240 250 252 256 260 282 288 302 310 307 308 311 321 323 327 332 335 338 340 340 341 342 344 345 0.00 
224 228 241 247 256 257 260 275 284 306 313 316 324 318 320 327 328 334 338 341 341 340 340 342 0.00 0.00 0.00 
223 229 236 238 258 258 267 284 295 312 321 314 316 330 328 333 332 335 338 339 340 340 341 343 344 0.00 0.00 
220 227 238 248 262 261 263 287 304 308 326 329 319 324 329 332 336 336 336 338 338 339 341 0.00 0.00 0.00 0.00 
221 232 241 253 261 261 263 289 303 301 322 326 334 320 326 328 331 336 335 336 337 338 0.00 0.00 0.00 0.00 0.00 
222 230 237 251 256 260 267 286 298 301 316 317 333 328 328 328 333 339 336 334 337 336 0.00 0.00 0.00 0.00 0.00 
219 227 234 247 258 267 266 277 298 297 306 319 329 323 322 326 332 337 340 336 340 0.00 0.00 0.00 0.00 0.00 0.00 
225 228 234 247 261 265 266 276 285 300 302 311 326 321 319 325 333 329 334 332 346 0.00 0.00 0.00 0.00 0.00 0.00 
227 231 235 243 253 270 273 269 291 300 300 302 318 316 313 319 322 326 325 325 0.00 0.00 0.00 0.00 0.00 0.00 0.00 
228 234 240 243 252 260 265 271 292 295 294 310 315 310 306 316 321 323 320 0.00 0.00 0.00 0.00 0.00 0.00 0.00 0.00 
231 237 247 254 263 271 268 281 293 291 296 302 309 298 301 306 313 319 321 0.00 0.00 0.00 0.00 0.00 0.00 0.00 0.00 
233 242 252 260 265 266 274 270 276 289 293 303 307 293 295 308 315 319 321 0.00 0.00 0.00 0.00 0.00 0.00 0.00 0.00 
239 252 253 259 264 270 269 276 283 275 279 292 304 288 298 299 306 307 0.00 0.00 0.00 0.00 0.00 0.00 0.00 0.00 0.00 
242 256 263 270 275 277 275 281 293 287 280 289 304 301 0.00 0.00 0.00 0.00 0.00 0.00 0.00 0.00 0.00 0.00 0.00 0.00 0.00 
247 260 268 276 275 270 275 288 294 295 297 287 297 291 280 0.00 0.00 0.00 0.00 0.00 0.00 0.00 0.00 0.00 0.00 0.00 0.00 
