2016_CCC_ARR_IFD/catchment_depth_2min_99752aep.txt.asc
ncols         27
nrows         23
xllcorner     150.975
yllcorner     -33.6
cellsize      0.025
NODATA_value  -9999
1.35 1.35 1.37 1.38 1.37 1.37 1.37 1.39 1.41 1.45 1.49 1.51 1.52 1.55 1.57 1.59 1.60 1.64 1.67 1.69 1.72 1.74 1.76 1.78 1.80 1.82 1.84 
1.37 1.37 1.38 1.40 1.40 1.40 1.40 1.42 1.45 1.48 1.52 1.56 1.56 1.58 1.60 1.61 1.63 1.67 1.70 1.73 1.75 1.77 1.79 1.81 1.83 1.85 1.87 
1.37 1.39 1.40 1.41 1.41 1.42 1.43 1.45 1.48 1.51 1.54 1.57 1.58 1.59 1.62 1.65 1.66 1.69 1.73 1.76 1.78 1.80 1.82 1.84 1.85 1.87 1.89 
1.40 1.40 1.42 1.41 1.42 1.44 1.47 1.48 1.50 1.53 1.56 1.58 1.60 1.62 1.65 1.66 1.69 1.73 1.76 1.79 1.81 1.83 1.85 1.86 1.88 1.89 1.91 
1.41 1.41 1.43 1.42 1.44 1.46 1.49 1.51 1.54 1.58 1.59 1.59 1.63 1.64 1.67 1.70 1.72 1.76 1.79 1.82 1.84 1.86 1.88 1.89 1.90 1.92 1.93 
1.41 1.44 1.44 1.44 1.47 1.48 1.50 1.53 1.57 1.61 1.61 1.63 1.65 1.67 1.70 1.74 1.76 1.79 1.82 1.86 1.88 1.89 1.90 1.92 1.93 1.94 1.95 
1.42 1.44 1.44 1.46 1.49 1.50 1.53 1.55 1.60 1.64 1.64 1.66 1.68 1.71 1.73 1.78 1.80 1.82 1.86 1.89 1.91 1.92 1.93 1.94 1.95 1.96 1.97 
1.43 1.45 1.48 1.50 1.53 1.52 1.55 1.60 1.64 1.67 1.67 1.67 1.70 1.73 1.76 1.79 1.84 1.87 1.90 1.92 1.94 1.95 1.96 1.96 1.97 1.98 0.00 
1.44 1.47 1.49 1.53 1.53 1.55 1.57 1.63 1.65 1.70 1.73 1.72 1.73 1.76 1.79 1.83 1.87 1.91 1.94 1.96 1.97 1.97 1.98 1.99 1.99 2.00 0.00 
1.45 1.47 1.51 1.53 1.56 1.57 1.58 1.63 1.66 1.73 1.76 1.77 1.80 1.79 1.82 1.85 1.91 1.95 1.98 1.99 1.99 2.00 2.00 2.00 0.00 0.00 0.00 
1.46 1.48 1.50 1.52 1.58 1.58 1.61 1.67 1.71 1.77 1.80 1.78 1.79 1.84 1.84 1.87 1.92 1.97 2.00 2.01 2.01 2.02 2.02 2.02 2.03 0.00 0.00 
1.46 1.48 1.52 1.55 1.60 1.60 1.62 1.69 1.75 1.77 1.83 1.85 1.82 1.84 1.87 1.90 1.93 1.98 2.00 2.02 2.03 2.04 2.04 0.00 0.00 0.00 0.00 
1.47 1.51 1.54 1.58 1.61 1.62 1.63 1.72 1.76 1.76 1.84 1.85 1.88 1.85 1.88 1.91 1.95 1.98 2.01 2.03 2.05 2.05 0.00 0.00 0.00 0.00 0.00 
1.48 1.51 1.54 1.59 1.61 1.63 1.66 1.72 1.76 1.78 1.83 1.84 1.90 1.89 1.90 1.92 1.96 1.99 2.02 2.04 2.06 2.07 0.00 0.00 0.00 0.00 0.00 
1.48 1.51 1.54 1.59 1.63 1.66 1.67 1.71 1.78 1.78 1.82 1.87 1.91 1.89 1.90 1.93 1.97 2.00 2.03 2.06 2.08 0.00 0.00 0.00 0.00 0.00 0.00 
1.52 1.53 1.56 1.61 1.66 1.67 1.69 1.72 1.76 1.81 1.83 1.86 1.92 1.91 1.90 1.94 1.99 2.01 2.04 2.06 2.08 0.00 0.00 0.00 0.00 0.00 0.00 
1.55 1.57 1.58 1.61 1.65 1.70 1.72 1.73 1.79 1.83 1.84 1.86 1.91 1.92 1.92 1.95 1.98 2.02 2.04 2.07 0.00 0.00 0.00 0.00 0.00 0.00 0.00 
1.56 1.59 1.61 1.62 1.66 1.69 1.72 1.75 1.82 1.84 1.85 1.91 1.93 1.93 1.94 1.97 2.01 2.03 2.05 0.00 0.00 0.00 0.00 0.00 0.00 0.00 0.00 
1.58 1.61 1.64 1.67 1.70 1.73 1.75 1.79 1.84 1.85 1.88 1.91 1.95 1.94 1.96 1.99 2.02 2.05 2.08 0.00 0.00 0.00 0.00 0.00 0.00 0.00 0.00 
1.60 1.63 1.66 1.69 1.72 1.74 1.78 1.80 1.83 1.87 1.90 1.94 1.97 1.97 1.99 2.03 2.06 2.08 2.10 0.00 0.00 0.00 0.00 0.00 0.00 0.00 0.00 
1.62 1.66 1.68 1.70 1.73 1.76 1.79 1.83 1.86 1.88 1.91 1.96 2.00 2.00 2.03 2.05 2.08 2.10 0.00 0.00 0.00 0.00 0.00 0.00 0.00 0.00 0.00 
1.64 1.68 1.71 1.74 1.76 1.79 1.82 1.86 1.90 1.92 1.95 1.99 2.03 2.05 0.00 0.00 0.00 0.00 0.00 0.00 0.00 0.00 0.00 0.00 0.00 0.00 0.00 
1.67 1.70 1.73 1.76 1.78 1.81 1.84 1.89 1.93 1.96 2.00 2.02 2.06 2.07 2.08 0.00 0.00 0.00 0.00 0.00 0.00 0.00 0.00 0.00 0.00 0.00 0.00 
