2016_CCC_ARR_IFD/catchment_depth_3min_39347aep.txt.asc
ncols         27
nrows         23
xllcorner     150.975
yllcorner     -33.6
cellsize      0.025
NODATA_value  -9999
5.29 5.27 5.31 5.34 5.31 5.27 5.28 5.33 5.40 5.52 5.65 5.71 5.73 5.83 5.87 5.93 5.93 6.01 6.07 6.14 6.21 6.26 6.31 6.38 6.43 6.49 6.54 
5.32 5.32 5.33 5.36 5.37 5.37 5.36 5.40 5.48 5.61 5.72 5.81 5.83 5.86 5.94 5.91 5.96 6.06 6.14 6.20 6.26 6.32 6.37 6.43 6.48 6.53 6.58 
5.32 5.34 5.38 5.39 5.39 5.41 5.43 5.47 5.58 5.66 5.75 5.82 5.83 5.84 5.95 6.02 6.02 6.07 6.18 6.26 6.32 6.37 6.42 6.47 6.52 6.57 6.62 
5.36 5.36 5.41 5.37 5.40 5.43 5.52 5.53 5.58 5.67 5.76 5.80 5.86 5.91 5.99 6.00 6.06 6.17 6.25 6.32 6.37 6.43 6.47 6.52 6.56 6.61 6.65 
5.37 5.38 5.43 5.40 5.44 5.49 5.55 5.60 5.69 5.80 5.80 5.81 5.92 5.93 6.01 6.06 6.12 6.23 6.31 6.37 6.43 6.48 6.52 6.56 6.60 6.64 6.68 
5.38 5.42 5.43 5.42 5.50 5.52 5.56 5.62 5.74 5.85 5.84 5.88 5.93 5.99 6.06 6.16 6.20 6.27 6.34 6.45 6.50 6.54 6.57 6.61 6.64 6.68 6.72 
5.40 5.42 5.44 5.47 5.55 5.56 5.63 5.69 5.80 5.91 5.90 5.93 5.99 6.07 6.11 6.25 6.30 6.35 6.43 6.51 6.56 6.59 6.62 6.65 6.68 6.71 6.75 
5.43 5.46 5.51 5.56 5.61 5.61 5.69 5.79 5.88 5.97 5.95 5.98 6.04 6.11 6.17 6.26 6.38 6.47 6.53 6.58 6.62 6.64 6.66 6.69 6.71 6.74 0.00 
5.45 5.50 5.54 5.61 5.63 5.67 5.72 5.86 5.91 6.02 6.09 6.06 6.09 6.17 6.24 6.35 6.46 6.55 6.62 6.65 6.67 6.69 6.70 6.72 6.74 6.77 0.00 
5.48 5.51 5.57 5.62 5.68 5.71 5.76 5.85 5.91 6.08 6.14 6.16 6.23 6.22 6.32 6.39 6.54 6.64 6.70 6.71 6.72 6.73 6.74 6.74 0.00 0.00 0.00 
5.50 5.54 5.59 5.63 5.72 5.75 5.82 5.93 6.02 6.15 6.22 6.18 6.21 6.32 6.34 6.42 6.56 6.68 6.74 6.75 6.76 6.76 6.77 6.77 6.79 0.00 0.00 
5.53 5.57 5.62 5.68 5.77 5.79 5.84 5.97 6.10 6.15 6.29 6.32 6.27 6.32 6.39 6.46 6.55 6.66 6.73 6.76 6.78 6.79 6.80 0.00 0.00 0.00 0.00 
5.55 5.59 5.65 5.73 5.79 5.82 5.87 6.02 6.13 6.13 6.29 6.33 6.40 6.35 6.42 6.50 6.59 6.66 6.72 6.76 6.79 6.81 0.00 0.00 0.00 0.00 0.00 
5.58 5.61 5.66 5.74 5.79 5.85 5.91 6.03 6.12 6.17 6.28 6.30 6.43 6.42 6.45 6.52 6.59 6.65 6.72 6.77 6.80 6.83 0.00 0.00 0.00 0.00 0.00 
5.62 5.64 5.69 5.75 5.83 5.90 5.94 6.02 6.15 6.17 6.25 6.35 6.44 6.43 6.46 6.53 6.60 6.67 6.72 6.77 6.82 0.00 0.00 0.00 0.00 0.00 0.00 
5.61 5.66 5.72 5.77 5.86 5.92 5.97 6.04 6.12 6.22 6.26 6.34 6.46 6.46 6.46 6.54 6.63 6.67 6.74 6.79 6.84 0.00 0.00 0.00 0.00 0.00 0.00 
5.62 5.66 5.75 5.80 5.87 5.97 6.02 6.06 6.17 6.26 6.29 6.33 6.45 6.47 6.48 6.55 6.62 6.69 6.75 6.80 0.00 0.00 0.00 0.00 0.00 0.00 0.00 
5.64 5.69 5.76 5.83 5.90 5.96 6.03 6.10 6.22 6.27 6.31 6.42 6.49 6.49 6.52 6.59 6.66 6.72 6.77 0.00 0.00 0.00 0.00 0.00 0.00 0.00 0.00 
5.70 5.73 5.80 5.87 5.95 6.02 6.07 6.16 6.26 6.29 6.36 6.43 6.51 6.50 6.56 6.62 6.69 6.75 6.81 0.00 0.00 0.00 0.00 0.00 0.00 0.00 0.00 
5.74 5.78 5.85 5.92 5.98 6.04 6.12 6.16 6.23 6.33 6.40 6.49 6.56 6.55 6.60 6.69 6.76 6.82 6.86 0.00 0.00 0.00 0.00 0.00 0.00 0.00 0.00 
5.78 5.84 5.88 5.95 6.01 6.08 6.14 6.22 6.30 6.33 6.40 6.51 6.61 6.60 6.68 6.73 6.79 6.83 0.00 0.00 0.00 0.00 0.00 0.00 0.00 0.00 0.00 
5.82 5.88 5.94 6.01 6.08 6.14 6.19 6.27 6.38 6.42 6.46 6.56 6.67 6.72 0.00 0.00 0.00 0.00 0.00 0.00 0.00 0.00 0.00 0.00 0.00 0.00 0.00 
5.86 5.92 5.99 6.06 6.10 6.15 6.23 6.34 6.43 6.50 6.58 6.63 6.72 6.75 6.75 0.00 0.00 0.00 0.00 0.00 0.00 0.00 0.00 0.00 0.00 0.00 0.00 
