2016_CCC_ARR_IFD/catchment_depth_360min_05000aep.txt.asc
ncols         27
nrows         23
xllcorner     150.975
yllcorner     -33.6
cellsize      0.025
NODATA_value  -9999
82.6 82.7 85.4 87.3 87.0 86.4 86.9 89.4 92.0 96.2 101 103 104 107 109 111 110 108 110 112 114 116 118 119 120 121 122 
84.3 85.0 86.2 88.3 89.2 89.7 89.7 91.6 94.8 99.2 103 106 107 108 111 109 108 109 111 113 115 117 118 119 121 122 123 
83.7 86.0 88.5 89.5 90.0 91.2 92.2 93.7 98.2 101 104 107 108 107 112 114 113 111 113 114 116 117 119 120 122 123 124 
85.9 86.9 89.6 88.2 89.8 91.4 95.3 96.1 98.0 102 105 106 109 110 113 112 112 113 114 116 117 119 120 121 122 124 125 
86.4 87.2 90.1 88.7 91.3 93.5 96.1 98.3 102 106 107 106 111 110 113 112 115 115 116 118 119 120 121 122 123 125 126 
86.0 89.4 90.0 89.2 93.6 94.3 95.6 98.6 104 108 108 109 111 112 115 114 116 118 119 119 120 121 122 123 124 126 126 
85.5 88.3 88.9 90.7 95.0 95.0 98.1 101 106 110 110 111 111 116 117 116 118 120 121 122 122 123 124 124 125 127 128 
85.9 90.0 92.5 95.0 97.5 96.0 100 105 109 112 112 111 114 116 119 120 120 122 123 124 124 124 125 125 126 126 0.00 
87.2 91.5 93.2 96.7 97.5 98.9 100 108 110 114 117 116 116 118 120 121 123 124 125 126 126 125 125 126 126 127 0.00 
88.4 90.0 94.1 96.2 99.2 99.7 101 106 109 116 118 119 122 120 121 123 124 126 127 128 127 127 126 126 0.00 0.00 0.00 
88.6 90.6 93.0 93.9 100 101 104 109 113 118 121 119 120 124 124 126 126 128 128 128 128 127 127 128 128 0.00 0.00 
88.1 90.3 93.7 97.3 102 102 103 110 116 118 123 124 122 123 125 126 128 128 128 128 128 128 128 0.00 0.00 0.00 0.00 
88.8 91.9 95.1 99.1 102 102 103 112 116 116 123 124 127 123 125 126 127 129 128 128 128 128 0.00 0.00 0.00 0.00 0.00 
89.3 91.8 94.2 98.8 101 102 105 111 115 117 121 122 127 126 126 126 128 130 129 128 129 128 0.00 0.00 0.00 0.00 0.00 
89.0 91.3 93.7 97.9 102 105 105 109 115 115 119 123 126 125 125 126 128 130 131 129 130 0.00 0.00 0.00 0.00 0.00 0.00 
90.2 91.9 93.9 97.9 103 104 105 109 112 117 118 121 126 125 124 126 129 128 129 129 133 0.00 0.00 0.00 0.00 0.00 0.00 
90.9 92.5 94.5 97.2 101 106 108 107 114 117 118 118 124 124 122 125 126 127 127 127 0.00 0.00 0.00 0.00 0.00 0.00 0.00 
91.3 93.3 95.7 97.3 101 103 105 108 115 116 116 121 123 122 121 124 126 127 126 0.00 0.00 0.00 0.00 0.00 0.00 0.00 0.00 
92.5 94.6 98.1 101 104 107 106 111 115 115 117 119 122 118 119 121 124 126 127 0.00 0.00 0.00 0.00 0.00 0.00 0.00 0.00 
93.5 96.5 99.7 103 105 106 109 108 110 115 116 120 122 117 118 122 125 126 127 0.00 0.00 0.00 0.00 0.00 0.00 0.00 0.00 
95.4 99.5 100 103 105 107 107 110 113 110 112 117 121 116 119 120 122 123 0.00 0.00 0.00 0.00 0.00 0.00 0.00 0.00 0.00 
96.4 101 104 106 108 110 109 112 116 114 113 116 121 121 0.00 0.00 0.00 0.00 0.00 0.00 0.00 0.00 0.00 0.00 0.00 0.00 0.00 
98.1 102 106 108 109 107 109 114 116 117 118 116 119 118 114 0.00 0.00 0.00 0.00 0.00 0.00 0.00 0.00 0.00 0.00 0.00 0.00 
