2016_CCC_ARR_IFD/catchment_depth_5min_00050aep.txt.asc
ncols         27
nrows         23
xllcorner     150.975
yllcorner     -33.6
cellsize      0.025
NODATA_value  -9999
29.8 29.8 30.3 30.7 30.8 30.9 31.3 31.9 32.7 33.5 34.3 34.8 35.5 35.8 36.5 36.9 38.2 39.7 40.4 41.0 41.6 42.1 42.5 42.9 43.3 43.6 44.0 
30.0 30.1 30.3 30.8 31.0 31.3 31.6 32.2 33.0 33.9 34.5 34.9 35.6 36.3 36.6 38.1 39.0 40.1 40.9 41.5 42.1 42.5 42.9 43.2 43.6 43.9 44.3 
29.7 30.1 30.6 30.8 31.0 31.4 31.9 32.5 33.5 34.2 34.8 35.4 36.1 37.1 37.3 37.6 39.1 40.3 41.2 42.0 42.4 42.8 43.1 43.5 43.9 44.2 44.5 
29.9 30.0 30.6 30.3 30.8 31.3 32.3 32.8 33.6 34.4 35.2 35.9 36.6 37.4 37.8 39.2 39.9 40.9 41.6 42.2 42.7 43.1 43.4 43.8 44.1 44.4 44.8 
29.8 29.9 30.5 30.1 30.8 31.5 32.3 33.1 34.0 34.8 35.5 36.5 37.0 38.3 38.7 39.9 40.4 41.3 41.9 42.4 42.9 43.2 43.6 44.0 44.3 44.6 44.9 
29.5 30.2 30.3 29.9 31.2 31.5 32.2 33.2 34.3 35.1 35.9 36.9 37.8 38.8 39.4 40.4 41.1 41.7 42.2 42.6 42.9 43.4 43.8 44.1 44.5 44.8 45.0 
29.4 29.7 29.8 30.2 31.3 31.6 32.5 33.5 34.6 35.4 36.3 37.3 38.3 38.8 40.0 40.7 41.5 42.0 42.5 42.9 43.2 43.6 43.9 44.3 44.6 44.9 45.1 
29.4 30.0 30.6 31.1 31.8 31.8 32.8 33.9 34.9 35.6 36.6 37.8 38.8 39.8 40.3 41.2 41.8 42.3 42.8 43.1 43.4 43.8 44.1 44.3 44.6 44.9 0.00 
29.5 30.3 30.6 31.4 31.7 32.2 32.9 34.3 35.1 35.9 36.7 37.9 39.1 40.0 40.8 41.4 42.0 42.6 43.0 43.4 43.7 43.9 44.1 44.4 44.7 44.9 0.00 
29.7 30.0 30.8 31.2 32.0 32.4 33.1 34.2 35.1 36.2 37.1 37.9 38.7 40.1 40.8 41.6 42.0 42.7 43.2 43.6 43.8 43.9 44.2 44.5 0.00 0.00 0.00 
29.7 30.1 30.6 31.0 32.1 32.5 33.4 34.5 35.5 36.4 37.1 38.1 39.1 39.6 40.8 41.5 42.2 42.7 43.2 43.5 43.7 43.9 44.2 44.5 44.7 0.00 0.00 
29.6 30.0 30.7 31.4 32.4 32.7 33.3 34.6 35.7 36.5 37.4 38.2 39.0 39.9 40.7 41.4 42.1 42.6 42.9 43.2 43.5 43.7 44.0 0.00 0.00 0.00 0.00 
29.6 30.2 30.9 31.7 32.3 32.7 33.3 34.7 35.7 36.3 37.4 38.1 38.7 39.7 40.6 41.2 41.8 42.4 42.6 42.9 43.2 43.5 0.00 0.00 0.00 0.00 0.00 
29.6 30.2 30.7 31.6 32.1 32.7 33.4 34.6 35.5 36.3 37.2 38.0 38.6 39.5 40.3 41.0 41.6 42.2 42.5 42.6 43.0 43.2 0.00 0.00 0.00 0.00 0.00 
29.5 30.0 30.5 31.4 32.2 32.9 33.3 34.2 35.4 36.0 36.9 37.8 38.5 39.3 40.0 40.6 41.3 41.8 42.2 42.4 42.8 0.00 0.00 0.00 0.00 0.00 0.00 
29.7 30.0 30.5 31.4 32.3 32.8 33.2 34.0 34.9 35.9 36.6 37.4 38.3 39.0 39.7 40.3 40.9 41.2 41.8 42.0 42.4 0.00 0.00 0.00 0.00 0.00 0.00 
29.8 30.2 30.5 31.1 31.8 32.9 33.4 33.6 35.0 35.7 36.3 36.9 37.9 38.5 38.8 39.7 40.2 40.8 41.0 41.3 0.00 0.00 0.00 0.00 0.00 0.00 0.00 
29.8 30.3 30.7 31.0 31.7 32.3 32.8 33.5 34.8 35.4 35.8 36.9 37.6 38.0 38.1 39.1 39.8 40.4 40.4 0.00 0.00 0.00 0.00 0.00 0.00 0.00 0.00 
29.8 30.3 31.0 31.5 32.1 32.8 32.8 33.8 34.7 34.9 35.6 36.3 37.1 37.0 37.6 38.3 39.0 39.7 40.1 0.00 0.00 0.00 0.00 0.00 0.00 0.00 0.00 
29.8 30.5 31.1 31.7 32.1 32.3 33.0 33.0 33.6 34.6 35.2 36.1 36.7 36.5 36.9 38.0 38.7 39.3 39.7 0.00 0.00 0.00 0.00 0.00 0.00 0.00 0.00 
29.9 30.8 31.0 31.4 31.9 32.4 32.5 33.1 33.8 33.6 34.2 35.3 36.3 35.9 36.8 37.2 37.9 38.3 0.00 0.00 0.00 0.00 0.00 0.00 0.00 0.00 0.00 
29.9 30.8 31.3 31.8 32.3 32.6 32.6 33.2 34.2 34.1 34.0 34.9 36.1 36.3 0.00 0.00 0.00 0.00 0.00 0.00 0.00 0.00 0.00 0.00 0.00 0.00 0.00 
30.0 30.8 31.4 32.0 32.1 32.0 32.5 33.5 34.1 34.4 34.8 34.6 35.5 35.5 35.3 0.00 0.00 0.00 0.00 0.00 0.00 0.00 0.00 0.00 0.00 0.00 0.00 
