2016_CCC_ARR_IFD/catchment_depth_1440min_00500aep.txt.asc
ncols         27
nrows         23
xllcorner     150.975
yllcorner     -33.6
cellsize      0.025
NODATA_value  -9999
228 227 238 245 242 237 236 246 255 271 289 296 298 312 317 324 320 313 320 327 332 339 346 347 349 350 351 
235 237 241 249 250 250 247 253 265 282 299 312 312 314 326 315 313 315 320 326 333 338 342 345 347 349 350 
232 241 251 253 252 255 256 260 278 288 301 310 310 307 324 334 326 322 325 328 333 337 340 343 347 349 350 
242 245 255 245 250 254 268 268 274 287 300 303 310 315 326 320 323 321 326 329 335 338 341 344 346 350 355 
244 245 256 247 255 262 270 276 290 305 303 298 316 310 324 318 328 325 329 334 337 339 341 344 347 351 353 
241 255 255 248 264 264 266 275 295 310 304 308 311 315 324 317 327 332 337 335 337 340 342 344 348 353 351 
237 249 249 254 269 265 275 284 300 317 312 311 306 330 326 319 328 336 338 338 339 341 343 345 348 354 358 
237 256 264 272 279 268 282 299 311 324 315 307 315 322 333 332 330 333 338 339 339 342 344 343 345 348 0.00 
244 262 267 279 277 279 281 309 312 329 337 326 322 324 333 332 333 336 338 340 342 341 341 342 344 345 0.00 
249 253 269 275 284 281 282 298 306 335 341 339 347 333 331 338 333 338 340 343 343 341 342 343 0.00 0.00 0.00 
249 255 263 262 287 283 292 311 323 344 353 336 335 353 345 347 339 340 341 342 342 342 343 345 346 0.00 0.00 
245 252 265 278 294 288 288 316 336 338 358 359 341 344 346 347 348 344 341 342 342 342 344 0.00 0.00 0.00 0.00 
248 261 272 286 293 289 287 321 335 329 354 355 364 339 344 343 342 346 342 342 343 343 0.00 0.00 0.00 0.00 0.00 
250 260 266 284 286 289 294 317 329 331 347 344 364 353 349 346 349 354 347 343 345 343 0.00 0.00 0.00 0.00 0.00 
247 255 263 279 291 299 294 307 331 326 335 349 361 349 343 346 350 355 356 347 352 0.00 0.00 0.00 0.00 0.00 0.00 
257 258 263 279 296 298 296 306 316 332 332 341 357 348 342 347 355 346 350 346 363 0.00 0.00 0.00 0.00 0.00 0.00 
261 264 265 274 285 306 307 299 324 333 331 331 348 344 339 343 343 345 341 340 0.00 0.00 0.00 0.00 0.00 0.00 0.00 
263 269 273 274 284 293 296 303 328 329 325 343 347 339 332 341 345 345 339 0.00 0.00 0.00 0.00 0.00 0.00 0.00 0.00 
265 272 284 291 300 309 301 316 330 324 329 335 342 327 328 332 337 341 342 0.00 0.00 0.00 0.00 0.00 0.00 0.00 0.00 
268 279 290 300 303 302 311 303 309 324 327 338 341 322 323 335 342 345 345 0.00 0.00 0.00 0.00 0.00 0.00 0.00 0.00 
276 292 292 297 302 308 304 312 319 308 311 325 338 318 327 327 333 332 0.00 0.00 0.00 0.00 0.00 0.00 0.00 0.00 0.00 
280 297 305 312 317 318 313 320 333 323 314 323 341 335 0.00 0.00 0.00 0.00 0.00 0.00 0.00 0.00 0.00 0.00 0.00 0.00 0.00 
287 302 312 321 318 309 314 329 335 335 336 323 333 323 309 0.00 0.00 0.00 0.00 0.00 0.00 0.00 0.00 0.00 0.00 0.00 0.00 
