2016_CCC_ARR_IFD/catchment_depth_5min_99752aep.txt.asc
ncols         27
nrows         23
xllcorner     150.975
yllcorner     -33.6
cellsize      0.025
NODATA_value  -9999
2.67 2.67 2.70 2.72 2.71 2.70 2.71 2.75 2.79 2.86 2.94 2.98 3.00 3.08 3.11 3.16 3.17 3.25 3.30 3.35 3.40 3.45 3.49 3.54 3.59 3.63 3.67 
2.71 2.71 2.73 2.76 2.76 2.77 2.77 2.80 2.85 2.93 3.01 3.08 3.08 3.11 3.17 3.17 3.23 3.29 3.35 3.40 3.45 3.50 3.54 3.59 3.63 3.67 3.71 
2.71 2.74 2.78 2.79 2.79 2.81 2.83 2.85 2.93 2.98 3.04 3.09 3.11 3.13 3.20 3.25 3.27 3.33 3.39 3.45 3.50 3.54 3.59 3.63 3.67 3.71 3.75 
2.76 2.77 2.81 2.78 2.81 2.83 2.89 2.91 2.94 3.01 3.07 3.10 3.15 3.19 3.24 3.27 3.32 3.39 3.45 3.50 3.55 3.59 3.63 3.67 3.71 3.75 3.79 
2.78 2.79 2.83 2.81 2.85 2.88 2.93 2.96 3.03 3.10 3.11 3.12 3.20 3.22 3.28 3.32 3.37 3.44 3.50 3.55 3.60 3.64 3.68 3.72 3.75 3.79 3.82 
2.78 2.83 2.84 2.84 2.90 2.92 2.94 2.99 3.08 3.15 3.15 3.18 3.22 3.27 3.32 3.38 3.43 3.48 3.54 3.61 3.65 3.69 3.73 3.76 3.80 3.83 3.86 
2.78 2.83 2.84 2.87 2.94 2.94 2.99 3.04 3.12 3.21 3.21 3.23 3.25 3.34 3.37 3.43 3.49 3.54 3.60 3.66 3.70 3.74 3.77 3.80 3.84 3.87 3.90 
2.80 2.87 2.91 2.95 2.99 2.97 3.04 3.12 3.19 3.26 3.25 3.25 3.30 3.36 3.42 3.47 3.54 3.60 3.66 3.71 3.75 3.78 3.82 3.84 3.87 3.91 0.00 
2.82 2.90 2.93 2.99 3.01 3.03 3.06 3.19 3.22 3.31 3.36 3.34 3.35 3.40 3.46 3.52 3.59 3.66 3.71 3.76 3.79 3.83 3.85 3.88 3.91 3.94 0.00 
2.85 2.88 2.96 2.99 3.05 3.05 3.08 3.16 3.22 3.36 3.41 3.42 3.48 3.45 3.50 3.57 3.64 3.71 3.77 3.81 3.84 3.86 3.89 3.92 0.00 0.00 0.00 
2.86 2.89 2.94 2.95 3.08 3.08 3.13 3.24 3.31 3.43 3.49 3.43 3.45 3.56 3.56 3.61 3.68 3.75 3.81 3.84 3.87 3.90 3.93 3.96 3.98 0.00 0.00 
2.85 2.89 2.96 3.03 3.12 3.11 3.13 3.28 3.40 3.42 3.55 3.57 3.50 3.55 3.59 3.65 3.71 3.77 3.83 3.87 3.90 3.94 3.97 0.00 0.00 0.00 0.00 
2.87 2.94 3.01 3.08 3.13 3.14 3.15 3.32 3.41 3.40 3.55 3.58 3.64 3.56 3.62 3.67 3.73 3.80 3.85 3.89 3.93 3.97 0.00 0.00 0.00 0.00 0.00 
2.89 2.95 2.99 3.09 3.12 3.15 3.20 3.32 3.40 3.43 3.53 3.54 3.67 3.64 3.66 3.70 3.76 3.82 3.88 3.92 3.97 4.00 0.00 0.00 0.00 0.00 0.00 
2.87 2.93 2.99 3.09 3.16 3.22 3.22 3.29 3.43 3.43 3.49 3.59 3.68 3.65 3.66 3.71 3.79 3.85 3.91 3.96 4.00 0.00 0.00 0.00 0.00 0.00 0.00 
2.96 2.97 3.01 3.11 3.20 3.23 3.24 3.31 3.38 3.48 3.51 3.58 3.69 3.67 3.67 3.74 3.83 3.86 3.93 3.98 4.04 0.00 0.00 0.00 0.00 0.00 0.00 
3.01 3.04 3.05 3.10 3.18 3.29 3.31 3.32 3.44 3.52 3.54 3.57 3.68 3.69 3.70 3.76 3.83 3.89 3.94 3.99 0.00 0.00 0.00 0.00 0.00 0.00 0.00 
3.04 3.09 3.11 3.14 3.20 3.26 3.30 3.36 3.49 3.53 3.55 3.66 3.71 3.71 3.74 3.81 3.87 3.92 3.97 0.00 0.00 0.00 0.00 0.00 0.00 0.00 0.00 
3.06 3.11 3.18 3.23 3.29 3.35 3.35 3.44 3.53 3.54 3.60 3.67 3.74 3.73 3.78 3.84 3.90 3.96 4.01 0.00 0.00 0.00 0.00 0.00 0.00 0.00 0.00 
3.10 3.16 3.22 3.28 3.32 3.35 3.42 3.44 3.49 3.58 3.64 3.73 3.79 3.78 3.83 3.91 3.97 4.03 4.07 0.00 0.00 0.00 0.00 0.00 0.00 0.00 0.00 
3.15 3.23 3.25 3.30 3.35 3.41 3.44 3.50 3.56 3.59 3.65 3.74 3.84 3.83 3.90 3.95 4.01 4.05 0.00 0.00 0.00 0.00 0.00 0.00 0.00 0.00 0.00 
3.20 3.27 3.32 3.38 3.43 3.47 3.50 3.57 3.66 3.68 3.72 3.80 3.90 3.94 0.00 0.00 0.00 0.00 0.00 0.00 0.00 0.00 0.00 0.00 0.00 0.00 0.00 
3.25 3.31 3.37 3.43 3.46 3.49 3.55 3.64 3.71 3.77 3.84 3.87 3.95 3.98 3.99 0.00 0.00 0.00 0.00 0.00 0.00 0.00 0.00 0.00 0.00 0.00 0.00 
