2016_CCC_ARR_IFD/catchment_depth_180min_00050aep.txt.asc
ncols         27
nrows         23
xllcorner     150.975
yllcorner     -33.6
cellsize      0.025
NODATA_value  -9999
139 140 143 146 147 147 150 154 158 164 169 173 176 180 183 187 192 197 202 206 210 214 217 220 223 225 228 
141 142 144 147 149 151 153 157 162 168 172 175 179 183 185 191 193 200 205 210 213 216 219 222 225 227 229 
140 143 146 149 151 153 157 160 166 171 175 178 182 187 190 192 198 201 208 213 216 219 221 224 226 229 231 
142 144 148 148 151 154 160 163 168 173 178 182 186 190 194 198 201 207 211 215 218 221 223 226 228 230 233 
142 144 148 148 152 157 162 166 172 177 181 185 190 195 198 202 206 210 214 217 220 223 225 227 229 232 234 
142 146 148 148 155 158 162 167 175 180 184 189 194 199 203 207 211 214 217 220 222 225 227 229 231 233 234 
141 145 147 150 156 159 165 170 177 183 188 193 196 202 208 210 215 218 221 223 225 227 229 230 232 234 236 
141 146 150 155 159 160 167 174 180 185 191 194 201 207 212 215 218 222 225 226 227 229 230 231 233 234 0.00 
142 147 151 156 159 163 167 177 182 188 194 199 204 209 214 217 221 225 228 229 230 230 231 232 233 234 0.00 
142 145 151 155 161 164 168 176 182 191 197 201 206 211 214 220 223 228 231 232 232 231 232 233 0.00 0.00 0.00 
142 146 150 153 161 164 170 179 185 193 198 202 206 212 216 221 224 228 231 232 231 232 232 233 234 0.00 0.00 
141 145 150 156 163 165 168 179 188 193 201 205 207 212 216 221 225 228 229 230 231 231 232 0.00 0.00 0.00 0.00 
141 145 151 157 162 164 168 180 187 191 200 204 209 210 215 219 222 226 227 228 229 230 0.00 0.00 0.00 0.00 0.00 
140 144 149 156 160 164 169 178 185 190 197 201 207 211 214 218 222 225 226 226 228 228 0.00 0.00 0.00 0.00 0.00 
139 143 147 154 160 165 167 174 184 187 193 201 206 208 211 215 220 223 226 226 228 0.00 0.00 0.00 0.00 0.00 0.00 
140 143 147 153 160 164 167 173 179 187 191 197 204 206 209 213 218 219 222 223 227 0.00 0.00 0.00 0.00 0.00 0.00 
140 143 147 151 157 165 168 169 180 186 188 192 200 203 203 209 212 216 216 218 0.00 0.00 0.00 0.00 0.00 0.00 0.00 
140 143 147 151 156 161 164 169 179 183 184 193 198 198 198 205 210 213 213 0.00 0.00 0.00 0.00 0.00 0.00 0.00 0.00 
141 144 150 154 159 164 164 172 179 179 184 188 194 191 194 199 204 209 211 0.00 0.00 0.00 0.00 0.00 0.00 0.00 0.00 
142 146 151 156 160 161 166 165 170 177 180 187 191 187 190 198 203 206 209 0.00 0.00 0.00 0.00 0.00 0.00 0.00 0.00 
144 150 152 155 159 162 163 167 172 169 173 180 188 183 189 192 197 199 0.00 0.00 0.00 0.00 0.00 0.00 0.00 0.00 0.00 
145 151 155 159 163 165 165 169 176 173 172 178 187 187 0.00 0.00 0.00 0.00 0.00 0.00 0.00 0.00 0.00 0.00 0.00 0.00 0.00 
146 153 157 162 163 161 164 172 175 177 179 176 183 181 178 0.00 0.00 0.00 0.00 0.00 0.00 0.00 0.00 0.00 0.00 0.00 0.00 
