2016_CCC_ARR_IFD/catchment_depth_720min_00200aep.txt.asc
ncols         27
nrows         23
xllcorner     150.975
yllcorner     -33.6
cellsize      0.025
NODATA_value  -9999
190 191 199 204 203 202 203 210 218 229 242 247 251 260 265 271 271 270 277 283 288 295 300 303 305 308 310 
195 197 201 207 209 210 210 216 225 237 248 257 259 263 270 268 268 273 279 285 290 295 300 303 306 308 311 
194 200 207 210 211 214 217 221 234 242 251 258 260 261 272 279 278 276 282 287 292 296 299 303 306 309 311 
200 203 210 206 210 215 225 227 233 243 253 257 263 267 276 274 277 279 284 289 294 297 301 304 307 310 315 
201 203 211 207 214 220 227 233 244 255 256 255 268 267 276 275 282 283 288 293 296 299 301 304 307 311 314 
200 209 211 208 220 222 225 233 248 259 258 263 267 272 279 277 284 289 293 294 297 300 303 305 309 313 313 
197 206 207 212 224 223 231 240 253 265 264 266 265 282 283 280 287 293 296 298 299 302 304 306 309 314 317 
197 210 217 223 230 225 237 250 260 270 267 264 272 280 289 290 291 294 298 300 301 304 305 305 308 310 0.00 
201 214 218 228 229 232 236 257 261 274 281 278 278 281 289 291 294 297 300 303 304 304 304 305 307 309 0.00 
204 208 220 225 233 234 236 250 258 278 285 286 293 288 288 295 295 300 304 306 305 304 305 306 0.00 0.00 0.00 
204 209 216 217 235 235 243 258 268 284 292 284 286 299 297 300 299 302 304 304 304 304 306 307 308 0.00 0.00 
201 207 217 227 239 238 240 261 277 281 296 299 289 294 297 300 303 303 303 303 304 304 306 0.00 0.00 0.00 0.00 
203 212 221 232 238 238 239 264 276 274 293 296 303 290 295 297 299 303 302 302 303 304 0.00 0.00 0.00 0.00 0.00 
203 211 217 230 234 238 243 261 271 275 288 288 303 298 297 297 302 306 304 302 304 303 0.00 0.00 0.00 0.00 0.00 
201 208 214 226 236 244 242 253 272 270 279 291 300 294 292 296 301 306 308 303 307 0.00 0.00 0.00 0.00 0.00 0.00 
206 209 214 226 239 243 243 252 261 274 276 284 297 292 290 295 302 298 302 300 313 0.00 0.00 0.00 0.00 0.00 0.00 
209 212 215 223 232 247 250 246 266 274 274 275 290 288 285 290 292 296 294 295 0.00 0.00 0.00 0.00 0.00 0.00 0.00 
209 215 220 222 231 238 242 248 267 270 269 283 288 283 279 287 292 294 291 0.00 0.00 0.00 0.00 0.00 0.00 0.00 0.00 
212 217 227 233 241 249 245 257 268 266 271 276 283 272 274 279 285 290 292 0.00 0.00 0.00 0.00 0.00 0.00 0.00 0.00 
214 222 231 239 243 244 251 247 253 265 268 277 281 268 269 281 287 291 292 0.00 0.00 0.00 0.00 0.00 0.00 0.00 0.00 
219 231 233 238 242 248 246 253 259 252 255 267 278 263 272 273 279 280 0.00 0.00 0.00 0.00 0.00 0.00 0.00 0.00 0.00 
222 235 242 248 253 254 252 258 269 263 256 265 279 276 0.00 0.00 0.00 0.00 0.00 0.00 0.00 0.00 0.00 0.00 0.00 0.00 0.00 
227 239 247 254 253 248 253 265 270 271 273 264 273 266 256 0.00 0.00 0.00 0.00 0.00 0.00 0.00 0.00 0.00 0.00 0.00 0.00 
