2016_CCC_ARR_IFD/catchment_depth_30min_00200aep.txt.asc
ncols         27
nrows         23
xllcorner     150.975
yllcorner     -33.6
cellsize      0.025
NODATA_value  -9999
67.9 67.8 68.9 69.8 69.6 69.5 70.2 71.6 73.2 75.4 77.2 78.4 79.6 80.6 81.9 82.9 85.2 87.4 88.8 90.1 91.2 92.2 93.2 93.9 94.7 95.5 96.3 
68.4 68.5 68.9 69.9 70.4 70.7 71.1 72.4 74.3 76.4 77.9 78.9 80.2 81.5 82.3 84.9 86.7 88.4 89.8 91.0 92.0 93.0 93.9 94.6 95.4 96.1 96.8 
67.6 68.5 69.8 70.1 70.4 71.1 72.0 73.2 75.5 77.1 78.6 79.8 81.2 82.9 83.6 84.4 87.2 89.5 90.8 91.9 92.8 93.6 94.4 95.2 96.0 96.8 97.5 
68.3 68.6 69.9 68.8 69.7 70.8 73.1 74.0 75.5 77.5 79.2 80.7 82.2 83.8 84.8 87.3 88.9 90.5 91.6 92.5 93.5 94.3 95.1 95.9 96.6 97.3 98.1 
68.2 68.3 69.7 68.4 70.0 71.4 73.2 74.8 76.8 78.7 80.0 81.8 83.1 85.4 86.5 88.8 90.1 91.4 92.4 93.3 94.1 94.8 95.5 96.4 97.1 97.9 98.5 
67.6 69.2 69.1 68.0 70.9 71.5 72.9 74.9 77.5 79.4 80.9 82.7 84.7 86.6 88.0 89.7 91.3 92.4 93.4 93.7 94.4 95.3 96.1 96.8 97.7 98.4 98.8 
67.3 68.1 68.1 68.8 71.4 71.8 73.8 75.9 78.2 80.1 81.8 83.8 85.9 86.9 89.3 90.4 92.0 93.2 94.1 94.5 95.0 95.8 96.6 97.3 98.1 98.8 99.4 
67.6 69.0 70.1 71.3 72.6 72.4 74.6 77.1 79.1 80.8 82.7 84.9 87.2 89.0 90.1 91.8 92.7 93.6 94.6 95.1 95.7 96.5 97.2 97.7 98.3 98.9 0.00 
67.9 69.7 70.4 72.1 72.5 73.5 75.0 78.1 79.6 81.6 83.2 85.4 88.1 89.9 91.3 92.4 93.3 94.3 95.1 95.8 96.4 96.9 97.5 98.0 98.6 99.0 0.00 
68.4 69.0 70.8 71.8 73.3 74.0 75.5 77.9 79.9 82.3 84.1 85.8 87.3 90.3 91.5 93.0 93.5 94.8 95.7 96.4 96.9 97.2 97.8 98.4 0.00 0.00 0.00 
68.6 69.4 70.5 71.3 73.8 74.5 76.3 78.8 80.8 82.9 84.4 86.4 88.5 89.4 91.8 93.2 94.1 95.1 95.9 96.4 96.9 97.4 98.1 98.7 99.1 0.00 0.00 
68.5 69.4 70.8 72.5 74.5 75.0 76.4 79.2 81.5 83.1 85.1 86.7 88.5 90.3 91.9 93.3 94.5 95.3 95.7 96.3 96.8 97.4 98.0 0.00 0.00 0.00 0.00 
68.7 70.0 71.5 73.2 74.5 75.3 76.4 79.6 81.6 83.0 85.1 86.7 88.0 90.2 91.8 93.1 94.0 95.2 95.5 96.0 96.6 97.1 0.00 0.00 0.00 0.00 0.00 
68.8 70.0 71.2 73.1 74.1 75.3 76.8 79.4 81.4 83.0 85.0 86.6 87.9 89.9 91.6 92.9 94.1 95.2 95.6 95.7 96.4 96.7 0.00 0.00 0.00 0.00 0.00 
68.5 69.6 70.8 72.8 74.4 75.9 76.7 78.7 81.3 82.6 84.5 86.4 87.8 89.6 91.2 92.5 93.8 94.7 95.5 95.7 96.5 0.00 0.00 0.00 0.00 0.00 0.00 
69.2 69.8 70.8 72.7 74.7 75.7 76.6 78.4 80.3 82.5 84.1 85.8 87.5 89.2 90.8 92.1 93.2 93.7 94.7 95.0 96.0 0.00 0.00 0.00 0.00 0.00 0.00 
69.6 70.3 70.8 72.1 73.7 76.1 77.1 77.5 80.5 82.2 83.5 84.9 87.0 88.5 89.3 91.0 92.0 93.0 93.3 93.8 0.00 0.00 0.00 0.00 0.00 0.00 0.00 
69.6 70.6 71.3 71.8 73.3 74.8 75.9 77.3 80.3 81.5 82.5 84.9 86.3 87.5 87.9 90.0 91.3 92.3 92.3 0.00 0.00 0.00 0.00 0.00 0.00 0.00 0.00 
69.3 70.5 72.0 73.0 74.4 75.8 75.8 78.0 80.0 80.7 82.2 83.8 85.4 85.6 86.8 88.2 89.8 91.1 91.8 0.00 0.00 0.00 0.00 0.00 0.00 0.00 0.00 
69.1 70.7 72.0 73.3 74.2 74.7 76.2 76.3 77.7 80.0 81.3 83.3 84.7 84.4 85.5 87.7 89.1 90.2 91.0 0.00 0.00 0.00 0.00 0.00 0.00 0.00 0.00 
69.4 71.3 71.7 72.7 73.6 74.8 75.1 76.5 78.0 78.0 79.4 81.7 83.8 83.2 85.2 86.1 87.6 88.3 0.00 0.00 0.00 0.00 0.00 0.00 0.00 0.00 0.00 
69.2 71.2 72.3 73.4 74.5 75.1 75.3 76.8 78.8 78.8 79.0 80.9 83.3 83.9 0.00 0.00 0.00 0.00 0.00 0.00 0.00 0.00 0.00 0.00 0.00 0.00 0.00 
69.3 71.0 72.4 73.7 73.9 73.7 74.9 77.1 78.5 79.4 80.4 80.3 82.2 82.4 82.0 0.00 0.00 0.00 0.00 0.00 0.00 0.00 0.00 0.00 0.00 0.00 0.00 
