2016_CCC_ARR_IFD/catchment_depth_1440min_00200aep.txt.asc
ncols         27
nrows         23
xllcorner     150.975
yllcorner     -33.6
cellsize      0.025
NODATA_value  -9999
263 263 275 283 280 275 274 285 297 315 335 343 346 363 368 377 374 369 378 387 393 402 410 412 413 415 416 
271 273 278 287 289 289 286 293 307 327 346 361 361 365 378 368 368 371 378 386 394 400 405 409 411 413 415 
267 278 289 292 291 295 297 301 321 334 348 359 359 358 377 388 381 378 383 388 394 399 402 406 411 413 415 
279 282 294 283 288 293 310 310 317 333 347 352 360 366 379 374 378 378 384 389 396 399 403 407 410 413 420 
280 282 294 285 294 302 312 319 335 353 351 346 367 361 377 372 383 381 387 394 397 400 402 406 409 414 417 
277 293 293 286 304 304 307 317 341 358 352 357 361 367 377 371 383 389 395 393 397 401 403 405 410 416 414 
273 286 286 292 310 305 317 328 347 366 360 361 355 382 380 373 383 393 396 396 398 401 403 405 410 416 421 
272 294 303 312 320 308 325 344 359 374 364 356 365 374 387 387 386 389 395 397 398 402 404 403 406 409 0.00 
279 300 305 319 318 320 323 355 359 379 388 377 373 375 387 386 388 392 395 398 400 400 400 401 404 405 0.00 
285 289 308 314 325 322 324 343 353 385 392 391 400 386 384 392 388 393 397 401 401 399 400 401 0.00 0.00 0.00 
285 292 300 300 329 325 335 357 370 395 405 387 386 407 398 401 394 395 397 398 398 399 401 403 404 0.00 0.00 
279 288 303 317 336 329 330 362 385 387 411 412 392 396 400 402 403 399 397 397 398 399 401 0.00 0.00 0.00 0.00 
283 297 310 326 334 331 329 367 384 377 406 408 417 391 396 396 396 401 397 397 398 399 0.00 0.00 0.00 0.00 0.00 
285 296 304 323 327 330 336 363 377 379 397 395 418 405 401 398 403 409 402 397 400 398 0.00 0.00 0.00 0.00 0.00 
281 290 299 318 331 341 336 350 378 373 383 400 413 400 394 398 404 409 410 402 407 0.00 0.00 0.00 0.00 0.00 0.00 
292 294 299 317 336 340 337 349 361 379 379 390 409 399 393 399 408 399 403 399 419 0.00 0.00 0.00 0.00 0.00 0.00 
297 300 302 311 325 348 349 341 369 380 378 378 398 394 389 394 395 397 393 392 0.00 0.00 0.00 0.00 0.00 0.00 0.00 
298 306 310 311 323 333 337 345 373 375 371 392 396 387 380 391 396 396 390 0.00 0.00 0.00 0.00 0.00 0.00 0.00 0.00 
300 309 323 331 341 351 343 360 376 370 375 382 390 373 375 380 386 391 393 0.00 0.00 0.00 0.00 0.00 0.00 0.00 0.00 
304 317 329 340 344 343 353 345 352 369 372 385 388 368 369 383 391 394 395 0.00 0.00 0.00 0.00 0.00 0.00 0.00 0.00 
313 331 331 337 343 350 346 354 363 350 354 370 385 362 373 373 380 379 0.00 0.00 0.00 0.00 0.00 0.00 0.00 0.00 0.00 
317 337 346 354 360 360 355 363 378 367 357 368 387 381 0.00 0.00 0.00 0.00 0.00 0.00 0.00 0.00 0.00 0.00 0.00 0.00 0.00 
325 342 354 364 360 351 357 373 380 380 381 367 379 367 351 0.00 0.00 0.00 0.00 0.00 0.00 0.00 0.00 0.00 0.00 0.00 0.00 
