2016_CCC_ARR_IFD/catchment_depth_2160min_39347aep.txt.asc
ncols         27
nrows         23
xllcorner     150.975
yllcorner     -33.6
cellsize      0.025
NODATA_value  -9999
99.4 98.5 104 106 104 100 98.3 102 106 112 121 123 122 129 130 133 127 119 121 122 123 125 128 127 127 128 128 
104 104 105 108 108 106 104 106 111 118 126 133 130 130 135 126 123 121 121 122 124 126 127 127 128 128 129 
101 105 110 110 109 109 108 109 117 121 127 130 128 125 134 138 131 126 124 124 125 126 127 128 129 130 130 
107 107 112 106 107 108 115 113 115 121 126 126 128 129 134 129 129 125 126 126 127 128 129 130 130 131 134 
107 107 112 106 110 112 115 117 123 130 127 122 131 126 132 128 131 127 128 129 130 130 130 131 132 133 134 
105 112 111 106 114 113 112 116 126 133 127 128 128 129 132 127 131 132 133 130 131 131 132 132 134 136 134 
103 108 107 109 116 113 117 121 128 136 131 129 125 136 133 128 131 134 134 133 133 133 134 134 135 137 139 
102 112 115 118 121 114 120 128 133 139 132 127 130 132 137 135 133 133 134 134 134 135 135 135 135 136 0.00 
105 115 116 122 120 119 119 133 133 141 144 137 134 133 137 135 134 135 135 136 136 136 136 136 136 136 0.00 
108 109 117 119 123 120 120 127 130 143 145 143 146 138 136 139 135 136 137 138 138 137 137 138 0.00 0.00 0.00 
108 110 113 112 124 121 125 133 138 148 151 142 140 149 144 144 139 138 138 138 138 138 139 140 140 0.00 0.00 
105 108 114 120 127 123 122 136 145 144 153 153 144 145 145 145 144 141 140 139 139 140 140 0.00 0.00 0.00 0.00 
107 113 118 124 127 124 122 138 144 140 152 152 155 143 145 144 143 144 141 141 141 141 0.00 0.00 0.00 0.00 0.00 
108 112 114 123 123 124 126 136 141 142 149 147 156 150 148 146 147 149 145 142 143 142 0.00 0.00 0.00 0.00 0.00 
105 109 112 120 125 129 126 131 142 140 143 150 155 149 146 147 149 150 150 146 147 0.00 0.00 0.00 0.00 0.00 0.00 
110 110 112 119 127 128 127 131 136 143 143 147 154 150 147 149 152 147 149 146 154 0.00 0.00 0.00 0.00 0.00 0.00 
112 113 113 117 122 132 132 128 140 144 143 143 151 149 147 148 148 148 145 144 0.00 0.00 0.00 0.00 0.00 0.00 0.00 
112 115 116 117 121 125 127 130 142 142 141 149 151 147 144 148 149 148 145 0.00 0.00 0.00 0.00 0.00 0.00 0.00 0.00 
112 116 122 125 129 133 129 137 143 141 143 146 149 142 143 144 146 148 148 0.00 0.00 0.00 0.00 0.00 0.00 0.00 0.00 
113 119 124 129 130 130 134 131 134 141 142 147 149 141 141 146 149 150 150 0.00 0.00 0.00 0.00 0.00 0.00 0.00 0.00 
117 125 124 127 129 133 131 135 139 134 136 142 148 139 143 143 145 144 0.00 0.00 0.00 0.00 0.00 0.00 0.00 0.00 0.00 
118 127 130 134 137 137 135 139 145 141 137 142 150 148 0.00 0.00 0.00 0.00 0.00 0.00 0.00 0.00 0.00 0.00 0.00 0.00 0.00 
121 128 133 138 136 133 136 143 147 147 148 142 147 143 136 0.00 0.00 0.00 0.00 0.00 0.00 0.00 0.00 0.00 0.00 0.00 0.00 
