2016_CCC_ARR_IFD/catchment_depth_720min_39347aep.txt.asc
ncols         27
nrows         23
xllcorner     150.975
yllcorner     -33.6
cellsize      0.025
NODATA_value  -9999
62.7 62.5 64.8 66.2 65.3 64.1 63.9 65.7 67.6 70.8 74.6 75.9 76.0 79.4 80.1 81.6 79.6 77.6 78.8 79.9 80.6 81.9 83.2 83.4 83.8 84.3 84.8 
64.4 64.6 65.4 67.0 67.2 67.0 66.3 67.5 69.8 73.4 77.1 80.1 79.5 79.8 82.4 79.2 78.6 78.6 79.4 80.4 81.6 82.6 83.4 84.0 84.6 85.1 85.6 
63.5 65.5 67.6 67.9 67.7 68.2 68.5 69.2 72.8 74.9 77.5 79.4 79.1 78.1 82.0 84.1 81.7 80.5 81.0 81.5 82.4 83.3 84.0 84.7 85.5 86.0 86.5 
65.8 66.2 68.5 66.4 67.3 68.1 71.1 71.1 72.1 74.9 77.5 78.0 79.4 80.1 82.5 80.9 81.5 81.2 82.1 82.8 83.9 84.5 85.2 85.9 86.4 87.1 88.3 
66.1 66.4 68.7 66.8 68.6 69.9 71.6 72.9 75.7 79.1 78.3 77.0 80.9 79.4 82.2 81.1 82.9 82.7 83.6 84.7 85.3 85.8 86.2 86.9 87.4 88.3 88.8 
65.6 68.5 68.5 67.1 70.6 70.5 70.9 72.8 77.1 80.4 78.8 79.5 80.1 80.9 82.7 81.9 83.6 84.8 85.8 85.9 86.5 87.1 87.5 87.9 88.7 89.6 89.4 
64.7 67.2 67.2 68.4 71.7 71.0 73.0 75.1 78.4 82.1 80.7 80.6 79.8 84.3 83.7 83.2 85.0 86.4 87.2 87.5 87.9 88.4 88.7 89.0 89.8 90.7 91.6 
64.8 68.8 70.6 72.3 73.9 71.7 74.8 78.3 80.9 83.7 81.7 80.3 82.0 83.5 85.5 86.0 86.4 87.4 88.5 88.8 89.0 89.6 89.9 89.7 90.2 90.6 0.00 
66.1 70.1 71.2 73.8 73.7 74.1 74.7 80.6 81.3 85.0 86.5 84.4 83.9 84.6 86.5 87.1 87.9 89.0 89.7 90.3 90.5 90.3 90.4 90.5 90.8 90.9 0.00 
67.3 68.3 71.8 73.1 75.2 74.8 75.3 78.7 80.5 86.2 87.5 87.4 89.1 86.9 87.1 88.7 89.0 90.4 91.3 91.7 91.6 91.3 91.3 91.5 0.00 0.00 0.00 
67.4 68.9 70.6 70.8 76.0 75.6 77.6 81.5 84.0 88.4 90.4 87.3 87.4 90.9 89.8 90.7 90.5 91.5 92.1 92.1 92.0 92.0 92.3 92.6 92.8 0.00 0.00 
66.7 68.5 71.3 74.0 77.5 76.7 77.1 82.8 87.0 87.5 91.7 92.1 89.0 89.9 90.8 91.5 92.2 92.3 92.3 92.4 92.5 92.6 92.9 0.00 0.00 0.00 0.00 
67.5 70.1 72.6 75.7 77.5 77.3 77.4 84.0 87.2 86.4 91.3 91.9 93.7 89.7 90.9 91.4 91.7 92.9 92.6 92.7 92.9 93.0 0.00 0.00 0.00 0.00 0.00 
68.0 70.0 71.8 75.5 76.5 77.5 79.0 83.7 86.4 87.1 90.5 90.4 94.3 92.6 92.3 92.1 93.2 94.4 93.6 93.0 93.6 93.3 0.00 0.00 0.00 0.00 0.00 
67.5 69.5 71.3 74.7 77.5 79.6 79.4 82.3 87.1 86.7 88.8 91.8 94.2 92.4 91.4 92.3 93.6 94.9 95.3 94.1 95.1 0.00 0.00 0.00 0.00 0.00 0.00 
69.1 70.1 71.6 74.8 78.6 79.7 80.1 82.6 84.9 88.3 88.8 90.8 94.1 92.8 91.5 92.8 94.8 93.4 94.5 94.0 97.5 0.00 0.00 0.00 0.00 0.00 0.00 
69.9 71.0 72.2 74.3 77.1 81.4 82.4 81.8 86.9 89.1 89.3 89.5 93.1 92.5 91.1 92.3 92.8 93.5 93.0 93.1 0.00 0.00 0.00 0.00 0.00 0.00 0.00 
70.3 71.9 73.5 74.7 77.3 79.6 81.1 83.1 88.0 89.0 88.9 92.4 93.5 91.9 90.3 92.4 93.6 93.7 92.8 0.00 0.00 0.00 0.00 0.00 0.00 0.00 0.00 
71.0 72.8 75.7 77.7 80.1 82.6 82.4 85.9 88.9 89.0 90.3 91.6 93.2 89.9 90.1 91.1 92.5 93.6 94.0 0.00 0.00 0.00 0.00 0.00 0.00 0.00 0.00 
71.9 74.3 77.0 79.5 80.9 81.9 84.4 84.2 86.3 89.7 90.6 92.7 93.5 89.7 89.7 92.7 94.2 94.9 95.1 0.00 0.00 0.00 0.00 0.00 0.00 0.00 0.00 
73.5 76.9 77.5 79.3 81.1 83.2 83.8 86.3 88.7 86.8 87.8 91.1 93.6 89.3 91.6 91.5 92.8 92.6 0.00 0.00 0.00 0.00 0.00 0.00 0.00 0.00 0.00 
74.4 78.0 80.1 82.1 83.8 85.0 85.4 87.8 90.7 90.5 89.0 91.2 94.4 93.7 0.00 0.00 0.00 0.00 0.00 0.00 0.00 0.00 0.00 0.00 0.00 0.00 0.00 
75.8 79.0 81.5 83.8 84.0 83.7 85.8 89.3 91.2 92.1 93.0 91.3 93.5 91.8 88.5 0.00 0.00 0.00 0.00 0.00 0.00 0.00 0.00 0.00 0.00 0.00 0.00 
