2016_CCC_ARR_IFD/catchment_depth_540min_01000aep.txt.asc
ncols         27
nrows         23
xllcorner     150.975
yllcorner     -33.6
cellsize      0.025
NODATA_value  -9999
133 133 138 142 141 140 141 146 151 159 167 171 173 179 182 186 184 180 184 188 191 195 199 200 202 204 205 
136 138 140 144 146 146 146 150 156 164 172 178 179 181 186 182 180 182 185 188 192 195 198 200 202 204 206 
135 140 145 147 147 149 151 154 162 168 174 179 180 179 187 192 189 185 188 190 193 196 198 200 203 205 206 
140 142 147 144 147 150 157 158 162 169 175 178 182 184 190 187 188 188 190 192 195 197 200 202 203 206 209 
141 143 148 145 150 154 159 163 170 177 178 177 186 184 190 188 192 191 193 196 197 199 201 203 205 207 209 
140 147 148 147 155 156 158 163 174 181 180 183 186 188 193 189 194 197 199 198 199 201 202 204 206 209 209 
139 145 146 149 158 157 163 169 177 185 185 186 185 196 196 192 197 201 202 201 202 203 204 205 207 210 213 
140 148 153 158 162 159 167 176 183 189 188 185 191 195 201 201 200 202 204 204 204 205 206 206 207 208 0.00 
143 151 155 161 162 164 167 181 184 193 197 196 195 197 202 202 203 205 206 207 207 206 206 206 207 208 0.00 
145 148 156 160 165 166 168 177 182 196 201 202 206 202 202 206 205 208 210 210 209 208 207 207 0.00 0.00 0.00 
145 149 154 155 167 167 173 183 190 201 206 201 202 211 209 211 208 210 211 210 209 209 209 209 209 0.00 0.00 
144 148 155 162 170 170 171 186 196 199 210 212 205 208 210 211 212 212 211 210 210 210 210 0.00 0.00 0.00 0.00 
146 152 158 165 170 171 171 188 196 195 208 210 215 206 209 209 210 212 211 210 210 210 0.00 0.00 0.00 0.00 0.00 
147 152 156 165 167 170 174 187 194 196 205 205 215 212 211 210 213 216 213 211 211 210 0.00 0.00 0.00 0.00 0.00 
146 150 155 163 169 175 174 181 194 193 199 207 214 209 207 210 213 216 217 213 215 0.00 0.00 0.00 0.00 0.00 0.00 
149 151 155 163 172 174 175 181 187 196 197 203 212 209 206 210 215 211 213 211 220 0.00 0.00 0.00 0.00 0.00 0.00 
151 153 156 161 167 178 180 177 190 196 196 197 207 206 203 207 208 210 208 208 0.00 0.00 0.00 0.00 0.00 0.00 0.00 
152 155 159 161 167 172 174 178 192 194 192 203 206 202 199 205 209 209 206 0.00 0.00 0.00 0.00 0.00 0.00 0.00 0.00 
153 157 164 169 174 179 176 185 193 191 194 198 203 195 196 200 204 207 208 0.00 0.00 0.00 0.00 0.00 0.00 0.00 0.00 
155 161 167 173 175 176 181 178 181 190 192 199 202 192 193 201 206 208 209 0.00 0.00 0.00 0.00 0.00 0.00 0.00 0.00 
159 167 168 172 175 179 177 182 186 180 183 192 200 189 196 196 200 200 0.00 0.00 0.00 0.00 0.00 0.00 0.00 0.00 0.00 
161 170 175 179 183 184 182 186 194 189 184 191 201 199 0.00 0.00 0.00 0.00 0.00 0.00 0.00 0.00 0.00 0.00 0.00 0.00 0.00 
164 173 178 184 183 179 182 191 195 195 196 190 197 192 185 0.00 0.00 0.00 0.00 0.00 0.00 0.00 0.00 0.00 0.00 0.00 0.00 
