2016_CCC_ARR_IFD/catchment_depth_5760min_02000aep.txt.asc
ncols         27
nrows         23
xllcorner     150.975
yllcorner     -33.6
cellsize      0.025
NODATA_value  -9999
295 292 308 316 306 294 289 302 314 336 363 370 370 393 397 407 392 375 383 390 394 403 412 411 410 410 408 
309 309 312 321 320 315 306 313 329 353 379 401 394 394 412 388 384 380 383 389 396 402 406 407 409 408 408 
303 315 328 328 322 323 321 324 348 362 380 393 388 381 407 421 404 396 392 391 396 400 402 405 409 409 409 
321 321 335 315 318 321 340 337 342 360 377 379 388 392 408 397 401 392 394 394 401 402 405 407 408 411 418 
324 322 336 317 327 334 343 349 366 388 380 371 396 386 405 395 407 397 399 404 404 405 405 408 409 414 415 
319 339 334 320 342 337 337 347 374 395 383 386 389 394 406 391 405 410 413 404 405 407 408 408 413 418 413 
312 328 324 328 350 340 351 363 383 406 395 392 382 416 409 393 404 415 414 409 408 409 410 410 415 421 426 
312 340 350 358 366 344 363 385 400 418 401 387 397 405 419 415 407 407 411 409 408 411 412 409 411 413 0.00 
323 351 354 370 364 362 362 402 403 426 434 417 409 408 420 414 410 411 410 412 413 410 410 409 411 410 0.00 
333 336 359 364 375 367 365 387 396 435 441 437 447 424 417 425 412 413 413 417 416 412 411 412 0.00 0.00 0.00 
333 340 349 344 381 371 382 407 422 451 462 434 431 455 440 441 423 418 416 416 415 414 416 417 417 0.00 0.00 
326 336 353 370 392 379 376 416 444 443 471 469 441 444 445 444 441 429 422 420 419 418 419 0.00 0.00 0.00 0.00 
332 350 364 383 391 382 377 424 444 432 466 466 476 441 444 441 436 438 428 424 423 422 0.00 0.00 0.00 0.00 0.00 
336 348 356 380 381 382 388 420 435 436 457 452 478 460 455 449 450 453 440 430 430 425 0.00 0.00 0.00 0.00 0.00 
329 341 350 373 389 398 388 405 438 429 441 460 475 458 452 453 456 458 456 441 444 0.00 0.00 0.00 0.00 0.00 0.00 
346 346 350 373 396 397 391 405 417 439 439 450 471 459 457 459 463 450 451 441 463 0.00 0.00 0.00 0.00 0.00 0.00 
354 356 353 364 380 409 407 394 429 442 438 439 460 457 458 457 453 451 441 436 0.00 0.00 0.00 0.00 0.00 0.00 0.00 
356 364 366 364 377 388 391 399 435 435 430 454 459 452 444 454 455 451 439 0.00 0.00 0.00 0.00 0.00 0.00 0.00 0.00 
356 367 384 392 403 413 398 419 439 428 435 442 452 435 436 440 445 447 445 0.00 0.00 0.00 0.00 0.00 0.00 0.00 0.00 
360 377 392 405 406 401 412 398 406 427 430 446 450 427 427 443 449 451 449 0.00 0.00 0.00 0.00 0.00 0.00 0.00 0.00 
372 397 393 399 404 411 401 410 419 403 408 427 446 419 431 430 436 433 0.00 0.00 0.00 0.00 0.00 0.00 0.00 0.00 0.00 
377 404 414 423 428 425 414 423 442 424 410 424 448 440 0.00 0.00 0.00 0.00 0.00 0.00 0.00 0.00 0.00 0.00 0.00 0.00 0.00 
388 410 424 436 427 411 417 437 445 442 443 423 437 423 404 0.00 0.00 0.00 0.00 0.00 0.00 0.00 0.00 0.00 0.00 0.00 0.00 
