2016_CCC_ARR_IFD/catchment_depth_25min_00050aep.txt.asc
ncols         27
nrows         23
xllcorner     150.975
yllcorner     -33.6
cellsize      0.025
NODATA_value  -9999
77.3 77.2 78.5 79.5 79.4 79.5 80.4 82.1 84.0 86.4 88.2 89.7 91.4 92.2 93.8 94.9 98.5 103 105 106 108 109 110 111 112 113 114 
77.6 77.8 78.3 79.5 80.1 80.6 81.2 82.8 84.9 87.2 88.8 89.7 91.5 93.2 94.0 98.0 101 104 106 107 109 110 111 112 112 113 114 
76.7 77.7 79.0 79.5 79.9 80.8 81.9 83.4 85.9 87.8 89.4 90.8 92.7 95.2 95.6 96.4 101 104 106 108 109 110 111 112 113 114 115 
77.3 77.5 79.1 77.9 79.0 80.3 82.9 84.1 85.9 88.2 90.1 92.0 93.8 95.9 96.9 101 103 105 107 108 110 111 112 113 113 114 115 
76.9 77.1 78.7 77.3 79.1 80.8 82.8 84.7 87.1 89.0 90.8 93.3 94.6 97.9 98.9 102 104 106 108 109 110 111 112 113 114 115 115 
76.2 77.9 77.9 76.7 80.0 80.7 82.5 84.8 87.6 89.6 91.7 94.0 96.5 98.9 101 103 105 107 108 109 110 111 112 113 114 115 115 
75.8 76.6 76.6 77.4 80.3 80.9 83.2 85.6 88.2 90.2 92.4 95.0 97.9 98.6 102 104 106 107 108 109 110 111 112 113 114 115 115 
75.9 77.4 78.7 80.0 81.5 81.5 83.9 86.7 88.9 90.8 93.2 96.3 98.9 101 102 105 106 107 109 110 110 111 112 113 114 115 0.00 
76.1 78.1 78.8 80.7 81.2 82.4 84.2 87.5 89.3 91.5 93.3 96.2 99.5 102 103 105 106 108 109 110 111 112 112 113 114 115 0.00 
76.6 77.2 79.2 80.3 81.9 82.9 84.7 87.2 89.6 92.1 94.1 96.3 98.0 102 104 105 106 108 109 110 111 112 112 113 0.00 0.00 0.00 
76.6 77.5 78.7 79.6 82.3 83.3 85.3 88.0 90.2 92.4 94.1 96.8 99.4 100 103 105 107 108 109 110 111 111 112 113 114 0.00 0.00 
76.4 77.4 79.0 80.8 83.0 83.7 85.3 88.3 90.7 92.7 94.7 96.6 99.1 101 103 105 107 108 108 109 110 111 112 0.00 0.00 0.00 0.00 
76.5 78.0 79.6 81.4 82.9 83.8 85.3 88.5 90.7 92.4 94.7 96.5 98.1 101 103 105 106 107 108 109 110 110 0.00 0.00 0.00 0.00 0.00 
76.5 77.8 79.1 81.3 82.4 83.7 85.5 88.2 90.4 92.3 94.4 96.4 97.7 100 102 104 106 107 108 108 109 110 0.00 0.00 0.00 0.00 0.00 
76.0 77.3 78.7 80.8 82.6 84.2 85.2 87.4 90.2 91.8 93.9 95.9 97.5 99.8 102 103 105 106 107 108 109 0.00 0.00 0.00 0.00 0.00 0.00 
76.8 77.5 78.5 80.7 82.8 83.9 85.0 87.0 89.1 91.5 93.3 95.3 97.0 99.1 101 103 104 105 106 107 108 0.00 0.00 0.00 0.00 0.00 0.00 
77.2 78.0 78.5 79.9 81.7 84.2 85.4 86.1 89.1 91.0 92.5 94.3 96.4 98.2 99.4 101 103 104 104 105 0.00 0.00 0.00 0.00 0.00 0.00 0.00 
77.2 78.3 79.0 79.5 81.2 82.8 84.1 85.7 88.7 90.2 91.5 93.9 95.6 97.0 97.7 100 102 103 103 0.00 0.00 0.00 0.00 0.00 0.00 0.00 0.00 
76.7 78.1 79.7 80.8 82.2 83.7 83.9 86.2 88.3 89.2 90.9 92.7 94.5 95.0 96.4 98.0 99.8 101 102 0.00 0.00 0.00 0.00 0.00 0.00 0.00 0.00 
76.5 78.2 79.6 81.0 82.0 82.5 84.2 84.5 86.0 88.4 89.9 92.0 93.5 93.6 94.9 97.2 98.8 100 101 0.00 0.00 0.00 0.00 0.00 0.00 0.00 0.00 
76.7 78.7 79.2 80.2 81.2 82.5 82.9 84.5 86.2 86.3 87.8 90.3 92.5 92.2 94.2 95.4 97.0 98.0 0.00 0.00 0.00 0.00 0.00 0.00 0.00 0.00 0.00 
76.5 78.6 79.7 80.9 82.0 82.8 83.1 84.6 86.8 86.9 87.3 89.3 91.7 92.6 0.00 0.00 0.00 0.00 0.00 0.00 0.00 0.00 0.00 0.00 0.00 0.00 0.00 
76.5 78.3 79.6 81.0 81.3 81.2 82.6 84.8 86.3 87.3 88.4 88.5 90.5 90.8 90.7 0.00 0.00 0.00 0.00 0.00 0.00 0.00 0.00 0.00 0.00 0.00 0.00 
