2016_CCC_ARR_IFD/catchment_depth_540min_00100aep.txt.asc
ncols         27
nrows         23
xllcorner     150.975
yllcorner     -33.6
cellsize      0.025
NODATA_value  -9999
186 187 193 198 199 198 200 207 214 224 235 240 245 252 257 263 266 268 275 282 287 293 299 302 305 308 311 
190 192 195 201 204 206 206 212 220 231 241 248 251 256 262 263 264 271 277 284 289 294 299 302 305 308 311 
188 194 201 204 206 209 213 217 228 236 244 250 254 256 265 271 273 273 280 287 291 295 299 303 306 309 312 
194 196 203 201 205 210 220 223 228 238 246 251 257 262 269 270 274 277 283 289 294 297 301 304 307 310 315 
195 197 204 202 209 215 222 228 237 247 250 251 262 263 272 272 278 282 287 292 296 299 301 305 308 312 314 
193 202 204 203 214 216 220 228 242 252 253 258 263 268 275 275 282 287 292 294 297 300 303 305 309 313 314 
191 199 201 206 217 217 226 234 246 256 258 262 262 277 280 279 286 292 295 298 300 302 305 307 310 314 317 
191 203 209 215 222 219 230 242 252 261 262 261 269 277 285 287 290 294 298 300 302 304 306 306 309 311 0.00 
194 206 210 219 222 225 229 248 254 265 272 272 274 278 286 289 293 297 301 303 304 305 305 306 308 309 0.00 
196 201 212 217 225 226 230 243 251 269 276 279 286 284 286 293 294 300 304 306 306 305 305 307 0.00 0.00 0.00 
196 201 208 210 226 227 236 250 260 274 282 278 281 292 292 297 297 301 304 305 305 305 306 307 308 0.00 0.00 
193 199 208 218 230 229 232 252 267 271 286 290 283 288 293 297 300 302 302 303 304 305 306 0.00 0.00 0.00 0.00 
194 203 211 222 229 230 232 254 266 266 283 287 294 285 290 293 296 301 300 301 303 304 0.00 0.00 0.00 0.00 0.00 
195 202 208 220 224 228 235 251 262 266 278 280 293 290 291 293 298 303 301 300 302 302 0.00 0.00 0.00 0.00 0.00 
193 199 205 216 226 234 234 244 261 261 270 281 290 287 286 290 296 301 304 301 304 0.00 0.00 0.00 0.00 0.00 0.00 
197 200 205 216 228 232 234 243 251 264 267 274 287 284 284 289 296 294 298 297 308 0.00 0.00 0.00 0.00 0.00 0.00 
198 202 206 213 222 236 239 237 255 263 264 266 280 280 278 284 287 290 290 291 0.00 0.00 0.00 0.00 0.00 0.00 0.00 
199 204 209 212 220 228 232 238 256 259 259 273 278 274 271 280 286 288 286 0.00 0.00 0.00 0.00 0.00 0.00 0.00 0.00 
201 206 215 221 229 237 234 246 256 255 260 266 272 264 267 272 278 284 286 0.00 0.00 0.00 0.00 0.00 0.00 0.00 0.00 
203 211 219 226 231 232 239 236 242 253 257 266 270 259 261 272 279 283 285 0.00 0.00 0.00 0.00 0.00 0.00 0.00 0.00 
208 218 220 225 230 235 234 241 247 241 245 256 267 254 263 265 271 272 0.00 0.00 0.00 0.00 0.00 0.00 0.00 0.00 0.00 
210 222 228 234 239 241 239 245 256 250 245 253 267 265 0.00 0.00 0.00 0.00 0.00 0.00 0.00 0.00 0.00 0.00 0.00 0.00 0.00 
214 225 232 239 239 235 240 251 256 257 260 252 261 256 247 0.00 0.00 0.00 0.00 0.00 0.00 0.00 0.00 0.00 0.00 0.00 0.00 
