2016_CCC_ARR_IFD/catchment_depth_1min_99999aep.txt.asc
ncols         27
nrows         23
xllcorner     150.975
yllcorner     -33.6
cellsize      0.025
NODATA_value  -9999
0.684 0.684 0.689 0.694 0.692 0.691 0.694 0.703 0.713 0.727 0.744 0.753 0.760 0.774 0.783 0.794 0.802 0.825 0.837 0.848 0.860 0.869 0.878 0.889 0.899 0.909 0.919 
0.694 0.695 0.698 0.704 0.707 0.709 0.711 0.719 0.730 0.746 0.761 0.775 0.780 0.788 0.800 0.807 0.822 0.840 0.853 0.864 0.875 0.885 0.894 0.904 0.913 0.923 0.933 
0.699 0.704 0.711 0.715 0.717 0.722 0.727 0.734 0.750 0.761 0.774 0.785 0.792 0.800 0.813 0.824 0.834 0.850 0.866 0.880 0.890 0.900 0.910 0.919 0.928 0.937 0.946 
0.709 0.713 0.721 0.720 0.726 0.732 0.745 0.751 0.760 0.773 0.787 0.796 0.807 0.817 0.829 0.839 0.852 0.869 0.883 0.895 0.906 0.916 0.925 0.934 0.942 0.951 0.958 
0.716 0.720 0.729 0.730 0.738 0.747 0.757 0.766 0.781 0.796 0.802 0.807 0.824 0.831 0.844 0.856 0.868 0.885 0.898 0.910 0.922 0.932 0.941 0.949 0.957 0.965 0.973 
0.721 0.731 0.736 0.740 0.752 0.758 0.765 0.777 0.796 0.812 0.815 0.825 0.835 0.846 0.860 0.874 0.886 0.898 0.912 0.928 0.939 0.948 0.956 0.964 0.971 0.979 0.986 
0.724 0.735 0.741 0.749 0.763 0.768 0.780 0.793 0.811 0.828 0.832 0.839 0.846 0.866 0.874 0.890 0.903 0.915 0.930 0.944 0.955 0.964 0.972 0.979 0.986 0.992 0.999 
0.729 0.744 0.754 0.765 0.777 0.776 0.793 0.812 0.829 0.845 0.846 0.847 0.860 0.874 0.890 0.903 0.920 0.935 0.948 0.960 0.970 0.979 0.986 0.993 1.00 1.01 0.00 
0.736 0.752 0.762 0.776 0.783 0.791 0.799 0.830 0.840 0.861 0.874 0.872 0.875 0.887 0.903 0.918 0.935 0.951 0.965 0.976 0.986 0.993 1.00 1.01 1.01 1.02 0.00 
0.743 0.751 0.769 0.779 0.794 0.798 0.806 0.827 0.842 0.877 0.890 0.895 0.908 0.903 0.916 0.932 0.950 0.967 0.981 0.992 1.00 1.01 1.01 1.02 0.00 0.00 0.00 
0.746 0.756 0.768 0.774 0.802 0.806 0.821 0.847 0.866 0.894 0.909 0.899 0.905 0.930 0.932 0.946 0.962 0.980 0.994 1.00 1.01 1.02 1.03 1.03 1.04 0.00 0.00 
0.746 0.757 0.774 0.791 0.813 0.815 0.822 0.857 0.886 0.896 0.927 0.934 0.919 0.931 0.944 0.957 0.973 0.990 1.00 1.02 1.03 1.03 1.04 0.00 0.00 0.00 0.00 
0.751 0.767 0.784 0.803 0.817 0.821 0.827 0.868 0.892 0.891 0.928 0.936 0.951 0.936 0.951 0.966 0.983 1.00 1.01 1.03 1.04 1.05 0.00 0.00 0.00 0.00 0.00 
0.756 0.770 0.782 0.806 0.815 0.825 0.838 0.869 0.890 0.899 0.925 0.929 0.959 0.956 0.963 0.975 0.993 1.01 1.03 1.04 1.05 1.06 0.00 0.00 0.00 0.00 0.00 
0.756 0.769 0.783 0.805 0.824 0.840 0.842 0.862 0.896 0.898 0.916 0.942 0.962 0.959 0.965 0.982 1.00 1.02 1.03 1.05 1.06 0.00 0.00 0.00 0.00 0.00 0.00 
0.771 0.777 0.788 0.810 0.833 0.843 0.849 0.867 0.885 0.910 0.919 0.938 0.966 0.966 0.970 0.989 1.01 1.02 1.04 1.06 1.06 0.00 0.00 0.00 0.00 0.00 0.00 
0.780 0.789 0.796 0.810 0.828 0.856 0.864 0.868 0.899 0.918 0.925 0.935 0.965 0.970 0.978 0.995 1.01 1.03 1.04 1.06 0.00 0.00 0.00 0.00 0.00 0.00 0.00 
0.787 0.799 0.808 0.818 0.833 0.849 0.862 0.877 0.909 0.920 0.927 0.957 0.972 0.975 0.986 1.01 1.02 1.04 1.05 0.00 0.00 0.00 0.00 0.00 0.00 0.00 0.00 
0.794 0.806 0.823 0.837 0.852 0.869 0.872 0.894 0.918 0.922 0.939 0.957 0.977 0.980 0.996 1.01 1.03 1.05 1.06 0.00 0.00 0.00 0.00 0.00 0.00 0.00 0.00 
0.804 0.817 0.833 0.849 0.860 0.869 0.886 0.893 0.907 0.930 0.946 0.971 0.988 0.991 1.01 1.03 1.04 1.06 1.07 0.00 0.00 0.00 0.00 0.00 0.00 0.00 0.00 
0.816 0.833 0.841 0.854 0.867 0.882 0.891 0.906 0.922 0.933 0.950 0.973 0.999 1.00 1.02 1.04 1.05 1.06 0.00 0.00 0.00 0.00 0.00 0.00 0.00 0.00 0.00 
0.826 0.843 0.857 0.872 0.885 0.897 0.905 0.922 0.946 0.951 0.963 0.986 1.01 1.03 0.00 0.00 0.00 0.00 0.00 0.00 0.00 0.00 0.00 0.00 0.00 0.00 0.00 
0.838 0.854 0.869 0.885 0.893 0.902 0.918 0.940 0.959 0.975 0.993 1.00 1.02 1.04 1.04 0.00 0.00 0.00 0.00 0.00 0.00 0.00 0.00 0.00 0.00 0.00 0.00 
