2016_CCC_ARR_IFD/catchment_depth_25min_05000aep.txt.asc
ncols         27
nrows         23
xllcorner     150.975
yllcorner     -33.6
cellsize      0.025
NODATA_value  -9999
35.5 35.3 35.9 36.3 36.0 35.8 35.9 36.5 37.2 38.3 39.4 39.9 40.3 40.9 41.4 41.8 42.3 42.6 43.1 43.6 44.0 44.5 44.9 45.2 45.6 45.9 46.3 
35.8 35.8 35.9 36.4 36.5 36.5 36.4 37.0 37.8 38.9 39.9 40.5 40.8 41.2 41.7 42.1 42.6 42.9 43.3 43.7 44.2 44.6 45.0 45.4 45.8 46.1 46.5 
35.5 35.9 36.4 36.5 36.5 36.7 37.0 37.4 38.5 39.3 40.0 40.6 41.0 41.3 42.0 42.5 43.0 43.5 43.7 44.0 44.4 44.8 45.2 45.6 46.0 46.3 46.7 
36.0 36.0 36.6 35.9 36.2 36.6 37.6 37.8 38.4 39.3 40.2 40.6 41.2 41.8 42.4 42.9 43.5 43.7 44.0 44.3 44.7 45.0 45.4 45.8 46.1 46.5 46.9 
36.0 35.9 36.6 35.8 36.5 37.0 37.7 38.3 39.2 40.2 40.4 40.8 41.7 42.1 42.8 43.3 43.9 44.0 44.3 44.7 44.9 45.2 45.6 45.9 46.3 46.7 47.0 
35.8 36.5 36.4 35.8 37.0 37.1 37.6 38.3 39.6 40.5 40.7 41.3 41.9 42.6 43.2 43.5 44.2 44.6 44.9 44.9 45.1 45.5 45.8 46.1 46.5 46.9 47.1 
35.8 36.1 36.0 36.2 37.3 37.3 38.1 38.9 40.0 40.9 41.2 41.7 42.2 43.1 43.6 43.8 44.4 44.9 45.2 45.3 45.4 45.7 46.0 46.3 46.7 47.1 47.5 
36.1 36.6 37.1 37.5 38.0 37.7 38.6 39.7 40.6 41.4 41.6 42.1 42.8 43.5 44.1 44.5 44.7 45.0 45.4 45.6 45.7 46.0 46.3 46.5 46.8 47.1 0.00 
36.4 37.1 37.3 38.0 38.1 38.4 38.8 40.3 40.8 41.7 42.3 42.7 43.3 43.9 44.5 44.8 45.1 45.4 45.7 45.9 46.1 46.2 46.4 46.6 46.9 47.2 0.00 
36.7 36.9 37.6 38.0 38.6 38.7 39.2 40.1 40.8 42.1 42.7 43.2 43.8 44.3 44.6 45.2 45.3 45.8 46.1 46.3 46.4 46.5 46.6 46.8 0.00 0.00 0.00 
37.0 37.2 37.6 37.9 38.9 39.1 39.7 40.8 41.6 42.6 43.2 43.4 44.0 44.6 45.1 45.6 45.8 46.1 46.3 46.5 46.6 46.7 46.9 47.0 47.2 0.00 0.00 
37.1 37.4 37.9 38.6 39.4 39.5 39.9 41.1 42.1 42.6 43.6 44.1 44.3 44.8 45.4 45.8 46.2 46.4 46.5 46.6 46.8 46.9 47.1 0.00 0.00 0.00 0.00 
37.4 37.8 38.4 39.0 39.5 39.7 40.1 41.4 42.3 42.6 43.7 44.2 44.7 45.0 45.5 45.9 46.2 46.6 46.6 46.8 46.9 47.1 0.00 0.00 0.00 0.00 0.00 
37.6 38.0 38.4 39.2 39.5 39.9 40.4 41.5 42.3 42.8 43.6 44.1 44.8 45.2 45.7 46.1 46.5 46.9 46.9 46.9 47.1 47.2 0.00 0.00 0.00 0.00 0.00 
37.7 38.1 38.5 39.2 39.8 40.4 40.6 41.3 42.4 42.8 43.5 44.3 44.9 45.3 45.8 46.2 46.7 47.0 47.2 47.2 47.5 0.00 0.00 0.00 0.00 0.00 0.00 
38.0 38.3 38.6 39.3 40.1 40.5 40.7 41.4 42.1 43.0 43.5 44.2 44.9 45.4 45.9 46.4 46.8 46.8 47.2 47.2 47.7 0.00 0.00 0.00 0.00 0.00 0.00 
38.3 38.6 38.8 39.2 39.9 40.8 41.1 41.2 42.4 43.1 43.5 44.0 44.9 45.3 45.6 46.2 46.5 46.9 46.9 47.0 0.00 0.00 0.00 0.00 0.00 0.00 0.00 
38.5 38.8 39.1 39.3 39.9 40.4 40.8 41.3 42.6 43.0 43.3 44.3 44.9 45.2 45.3 46.1 46.6 46.9 46.8 0.00 0.00 0.00 0.00 0.00 0.00 0.00 0.00 
38.5 39.0 39.6 40.0 40.5 41.0 40.9 41.8 42.7 42.8 43.4 44.0 44.7 44.7 45.1 45.7 46.3 46.7 47.0 0.00 0.00 0.00 0.00 0.00 0.00 0.00 0.00 
38.6 39.2 39.8 40.3 40.6 40.7 41.3 41.3 41.8 42.7 43.2 44.1 44.7 44.5 44.9 45.8 46.3 46.7 46.9 0.00 0.00 0.00 0.00 0.00 0.00 0.00 0.00 
38.9 39.6 39.8 40.1 40.5 41.0 41.0 41.5 42.1 42.1 42.7 43.7 44.6 44.3 45.1 45.5 46.0 46.2 0.00 0.00 0.00 0.00 0.00 0.00 0.00 0.00 0.00 
39.0 39.8 40.2 40.7 41.1 41.3 41.3 41.9 42.8 42.7 42.8 43.6 44.6 44.9 0.00 0.00 0.00 0.00 0.00 0.00 0.00 0.00 0.00 0.00 0.00 0.00 0.00 
39.1 39.9 40.4 40.9 41.0 40.9 41.4 42.3 42.9 43.2 43.7 43.7 44.5 44.6 44.4 0.00 0.00 0.00 0.00 0.00 0.00 0.00 0.00 0.00 0.00 0.00 0.00 
