2016_CCC_ARR_IFD/catchment_depth_90min_10000aep.txt.asc
ncols         27
nrows         23
xllcorner     150.975
yllcorner     -33.6
cellsize      0.025
NODATA_value  -9999
45.7 45.6 46.4 47.0 46.8 46.6 46.9 47.8 48.8 50.3 51.9 52.7 53.2 54.3 55.0 55.7 56.0 56.3 57.2 58.0 58.7 59.5 60.2 60.8 61.4 62.0 62.6 
46.1 46.2 46.6 47.3 47.5 47.7 47.8 48.6 49.7 51.3 52.7 53.7 54.2 54.8 55.6 55.8 56.1 56.9 57.7 58.5 59.2 59.9 60.6 61.2 61.8 62.4 63.0 
45.9 46.5 47.3 47.6 47.8 48.2 48.7 49.3 50.9 52.0 53.1 54.0 54.5 54.9 56.1 56.9 57.2 57.5 58.4 59.1 59.7 60.4 61.0 61.6 62.2 62.8 63.3 
46.5 46.7 47.6 47.1 47.6 48.3 49.7 50.1 50.9 52.2 53.4 54.1 55.0 55.7 56.7 57.0 57.7 58.3 59.1 59.7 60.3 60.9 61.5 62.1 62.6 63.2 63.8 
46.5 46.8 47.7 47.2 48.1 48.9 50.0 50.8 52.2 53.6 54.0 54.4 55.8 56.2 57.2 57.7 58.5 59.2 59.8 60.4 60.9 61.4 62.0 62.5 63.0 63.6 64.1 
46.4 47.4 47.6 47.3 48.9 49.2 50.0 51.1 52.8 54.2 54.5 55.4 56.2 57.1 58.0 58.6 59.4 60.1 60.7 61.1 61.5 62.0 62.5 62.9 63.5 64.0 64.4 
46.5 47.1 47.3 47.9 49.4 49.6 50.8 52.0 53.5 54.9 55.4 56.1 56.8 58.1 58.9 59.5 60.4 61.0 61.6 62.0 62.3 62.7 63.0 63.4 63.9 64.4 64.9 
46.8 47.7 48.5 49.3 50.2 50.2 51.5 53.1 54.5 55.7 56.1 56.7 57.8 58.8 59.8 60.5 61.3 62.0 62.5 62.9 63.1 63.3 63.6 63.8 64.1 64.5 0.00 
47.1 48.1 48.8 49.9 50.4 51.0 51.8 54.0 54.9 56.4 57.4 57.8 58.6 59.5 60.5 61.4 62.2 63.0 63.5 63.8 63.9 63.9 64.0 64.1 64.4 64.8 0.00 
47.4 48.0 49.1 49.9 51.0 51.5 52.3 53.8 55.0 57.1 58.1 58.8 59.8 60.3 61.2 62.1 63.0 63.9 64.5 64.6 64.5 64.4 64.4 64.5 0.00 0.00 0.00 
47.6 48.3 49.1 49.7 51.4 51.9 53.1 54.8 56.1 57.9 58.9 59.1 59.9 61.1 61.8 62.6 63.6 64.5 65.0 65.0 64.9 64.8 64.9 64.9 65.0 0.00 0.00 
47.8 48.5 49.4 50.5 51.9 52.4 53.2 55.3 57.0 58.0 59.7 60.5 60.5 61.4 62.3 63.1 64.0 64.7 65.0 65.2 65.2 65.2 65.2 0.00 0.00 0.00 0.00 
48.0 48.8 49.8 51.0 52.0 52.7 53.4 55.7 57.3 57.8 59.7 60.5 61.4 61.6 62.6 63.4 64.1 64.9 65.1 65.2 65.4 65.4 0.00 0.00 0.00 0.00 0.00 
48.2 48.9 49.7 51.1 51.9 52.8 53.9 55.7 57.1 58.0 59.5 60.2 61.6 62.1 62.9 63.7 64.4 65.0 65.3 65.3 65.6 65.6 0.00 0.00 0.00 0.00 0.00 
48.4 49.0 49.8 51.0 52.2 53.4 54.0 55.3 57.3 57.9 59.1 60.5 61.6 62.2 62.9 63.8 64.5 65.1 65.6 65.6 66.0 0.00 0.00 0.00 0.00 0.00 0.00 
48.4 49.2 50.0 51.1 52.6 53.5 54.1 55.4 56.7 58.2 59.1 60.3 61.6 62.2 63.0 63.8 64.6 64.9 65.4 65.5 66.3 0.00 0.00 0.00 0.00 0.00 0.00 
48.5 49.2 50.2 51.1 52.3 53.9 54.7 55.1 57.1 58.4 59.1 59.8 61.4 62.1 62.4 63.5 64.1 64.8 64.9 65.1 0.00 0.00 0.00 0.00 0.00 0.00 0.00 
48.7 49.4 50.4 51.3 52.3 53.4 54.3 55.3 57.3 58.2 58.7 60.4 61.4 61.7 61.9 63.2 64.2 64.7 64.6 0.00 0.00 0.00 0.00 0.00 0.00 0.00 0.00 
49.2 49.9 51.0 52.0 53.1 54.2 54.5 56.0 57.5 57.9 58.9 59.9 61.1 60.8 61.6 62.5 63.5 64.4 64.8 0.00 0.00 0.00 0.00 0.00 0.00 0.00 0.00 
49.6 50.4 51.5 52.6 53.4 53.9 55.1 55.2 56.2 57.8 58.7 60.1 61.0 60.5 61.2 62.7 63.6 64.3 64.8 0.00 0.00 0.00 0.00 0.00 0.00 0.00 0.00 
50.0 51.2 51.7 52.6 53.4 54.3 54.6 55.7 56.8 56.7 57.6 59.3 60.8 60.1 61.5 62.1 63.0 63.4 0.00 0.00 0.00 0.00 0.00 0.00 0.00 0.00 0.00 
50.3 51.6 52.6 53.5 54.3 54.9 55.2 56.2 57.7 57.7 57.7 59.1 60.9 61.2 0.00 0.00 0.00 0.00 0.00 0.00 0.00 0.00 0.00 0.00 0.00 0.00 0.00 
50.7 52.0 53.0 54.1 54.4 54.3 55.2 56.8 57.8 58.5 59.2 59.1 60.4 60.5 60.1 0.00 0.00 0.00 0.00 0.00 0.00 0.00 0.00 0.00 0.00 0.00 0.00 
