2016_CCC_ARR_IFD/catchment_depth_1min_98168aep.txt.asc
ncols         27
nrows         23
xllcorner     150.975
yllcorner     -33.6
cellsize      0.025
NODATA_value  -9999
1.03 1.03 1.03 1.04 1.03 1.03 1.03 1.04 1.05 1.07 1.10 1.11 1.11 1.13 1.14 1.16 1.16 1.18 1.20 1.21 1.23 1.24 1.25 1.26 1.28 1.29 1.30 
1.04 1.04 1.04 1.05 1.05 1.05 1.05 1.06 1.07 1.10 1.12 1.14 1.14 1.15 1.16 1.17 1.18 1.20 1.22 1.23 1.24 1.26 1.27 1.28 1.29 1.30 1.31 
1.05 1.05 1.06 1.06 1.06 1.07 1.07 1.08 1.10 1.12 1.13 1.15 1.15 1.16 1.18 1.19 1.20 1.21 1.23 1.25 1.26 1.27 1.29 1.30 1.31 1.32 1.33 
1.06 1.06 1.07 1.07 1.07 1.08 1.10 1.10 1.11 1.13 1.14 1.15 1.17 1.18 1.19 1.20 1.22 1.23 1.25 1.27 1.28 1.29 1.30 1.31 1.32 1.33 1.34 
1.07 1.07 1.08 1.08 1.09 1.10 1.11 1.12 1.14 1.16 1.16 1.16 1.19 1.19 1.21 1.22 1.23 1.25 1.27 1.28 1.30 1.31 1.32 1.33 1.34 1.35 1.36 
1.07 1.08 1.09 1.09 1.10 1.11 1.12 1.13 1.15 1.18 1.17 1.18 1.20 1.21 1.22 1.24 1.25 1.27 1.28 1.30 1.32 1.33 1.34 1.35 1.35 1.36 1.37 
1.07 1.09 1.09 1.10 1.12 1.12 1.13 1.15 1.17 1.19 1.19 1.20 1.20 1.23 1.24 1.26 1.27 1.29 1.30 1.32 1.33 1.34 1.35 1.36 1.37 1.38 1.39 
1.08 1.10 1.11 1.12 1.13 1.13 1.15 1.17 1.19 1.21 1.21 1.21 1.22 1.24 1.26 1.27 1.29 1.31 1.32 1.34 1.35 1.36 1.37 1.38 1.38 1.39 0.00 
1.09 1.11 1.12 1.13 1.14 1.15 1.16 1.19 1.21 1.23 1.25 1.24 1.24 1.25 1.27 1.29 1.31 1.32 1.34 1.35 1.37 1.37 1.38 1.39 1.40 1.41 0.00 
1.10 1.10 1.13 1.14 1.15 1.16 1.16 1.19 1.20 1.25 1.26 1.27 1.28 1.27 1.28 1.30 1.32 1.34 1.36 1.37 1.38 1.39 1.40 1.40 0.00 0.00 0.00 
1.10 1.11 1.12 1.13 1.16 1.16 1.18 1.21 1.23 1.27 1.29 1.27 1.27 1.31 1.30 1.32 1.33 1.36 1.37 1.38 1.39 1.40 1.41 1.42 1.43 0.00 0.00 
1.10 1.11 1.13 1.15 1.17 1.17 1.18 1.22 1.26 1.27 1.31 1.31 1.29 1.30 1.31 1.33 1.35 1.37 1.38 1.39 1.40 1.41 1.42 0.00 0.00 0.00 0.00 
1.10 1.12 1.14 1.16 1.18 1.18 1.18 1.24 1.26 1.26 1.31 1.31 1.33 1.30 1.32 1.34 1.35 1.37 1.39 1.40 1.42 1.43 0.00 0.00 0.00 0.00 0.00 
1.11 1.12 1.14 1.16 1.17 1.18 1.20 1.24 1.26 1.27 1.30 1.30 1.34 1.33 1.33 1.34 1.36 1.38 1.40 1.41 1.43 1.44 0.00 0.00 0.00 0.00 0.00 
1.11 1.12 1.14 1.16 1.18 1.20 1.20 1.22 1.27 1.26 1.28 1.32 1.34 1.33 1.33 1.35 1.37 1.39 1.41 1.43 1.44 0.00 0.00 0.00 0.00 0.00 0.00 
1.12 1.13 1.14 1.17 1.19 1.20 1.21 1.23 1.25 1.28 1.29 1.31 1.34 1.34 1.34 1.36 1.39 1.40 1.42 1.43 1.45 0.00 0.00 0.00 0.00 0.00 0.00 
1.13 1.14 1.15 1.17 1.18 1.22 1.23 1.23 1.26 1.29 1.29 1.30 1.34 1.34 1.34 1.36 1.38 1.40 1.42 1.44 0.00 0.00 0.00 0.00 0.00 0.00 0.00 
1.14 1.15 1.16 1.17 1.19 1.21 1.22 1.24 1.28 1.29 1.29 1.33 1.35 1.34 1.35 1.38 1.40 1.41 1.43 0.00 0.00 0.00 0.00 0.00 0.00 0.00 0.00 
1.15 1.16 1.18 1.19 1.21 1.23 1.23 1.26 1.29 1.29 1.31 1.33 1.35 1.35 1.37 1.38 1.40 1.42 1.44 0.00 0.00 0.00 0.00 0.00 0.00 0.00 0.00 
1.16 1.17 1.19 1.21 1.22 1.23 1.25 1.25 1.27 1.29 1.31 1.34 1.36 1.36 1.38 1.40 1.42 1.44 1.46 0.00 0.00 0.00 0.00 0.00 0.00 0.00 0.00 
1.17 1.19 1.20 1.21 1.23 1.24 1.25 1.27 1.29 1.29 1.31 1.34 1.38 1.37 1.40 1.41 1.43 1.45 0.00 0.00 0.00 0.00 0.00 0.00 0.00 0.00 0.00 
1.18 1.20 1.22 1.23 1.25 1.26 1.27 1.29 1.32 1.32 1.33 1.36 1.39 1.41 0.00 0.00 0.00 0.00 0.00 0.00 0.00 0.00 0.00 0.00 0.00 0.00 0.00 
1.20 1.21 1.23 1.25 1.26 1.26 1.28 1.31 1.33 1.35 1.37 1.38 1.41 1.42 1.42 0.00 0.00 0.00 0.00 0.00 0.00 0.00 0.00 0.00 0.00 0.00 0.00 
