2016_CCC_ARR_IFD/catchment_depth_3min_63212aep.txt.asc
ncols         27
nrows         23
xllcorner     150.975
yllcorner     -33.6
cellsize      0.025
NODATA_value  -9999
4.23 4.21 4.24 4.26 4.23 4.20 4.20 4.24 4.29 4.37 4.48 4.51 4.53 4.61 4.64 4.68 4.67 4.73 4.78 4.83 4.88 4.92 4.96 5.01 5.05 5.09 5.13 
4.26 4.25 4.25 4.28 4.28 4.28 4.27 4.30 4.35 4.44 4.53 4.60 4.61 4.63 4.69 4.66 4.69 4.78 4.84 4.89 4.93 4.97 5.01 5.05 5.09 5.13 5.17 
4.26 4.27 4.30 4.31 4.30 4.32 4.33 4.35 4.43 4.49 4.55 4.60 4.61 4.61 4.70 4.75 4.74 4.78 4.87 4.94 4.98 5.02 5.06 5.10 5.13 5.17 5.20 
4.29 4.29 4.32 4.30 4.31 4.33 4.40 4.40 4.44 4.50 4.57 4.59 4.63 4.66 4.73 4.73 4.77 4.87 4.93 4.99 5.03 5.07 5.11 5.14 5.17 5.20 5.23 
4.30 4.31 4.34 4.32 4.35 4.38 4.42 4.46 4.52 4.60 4.60 4.60 4.68 4.68 4.74 4.78 4.82 4.92 4.98 5.03 5.08 5.12 5.15 5.18 5.21 5.23 5.26 
4.31 4.34 4.35 4.35 4.40 4.42 4.44 4.48 4.57 4.64 4.63 4.66 4.69 4.73 4.78 4.86 4.89 4.94 5.00 5.10 5.14 5.17 5.20 5.22 5.24 5.27 5.30 
4.33 4.35 4.36 4.39 4.44 4.45 4.49 4.54 4.61 4.69 4.68 4.69 4.73 4.80 4.82 4.93 4.97 5.00 5.07 5.15 5.19 5.22 5.24 5.26 5.28 5.30 5.32 
4.35 4.38 4.41 4.45 4.49 4.48 4.54 4.61 4.67 4.74 4.71 4.72 4.77 4.82 4.86 4.93 5.04 5.11 5.16 5.21 5.24 5.26 5.27 5.29 5.31 5.33 0.00 
4.37 4.40 4.43 4.48 4.50 4.53 4.56 4.67 4.70 4.78 4.83 4.80 4.81 4.86 4.91 5.00 5.10 5.17 5.23 5.26 5.28 5.29 5.31 5.32 5.34 5.36 0.00 
4.39 4.41 4.46 4.49 4.54 4.56 4.59 4.65 4.70 4.82 4.87 4.87 4.92 4.90 4.97 5.03 5.15 5.23 5.29 5.30 5.32 5.33 5.33 5.34 0.00 0.00 0.00 
4.40 4.43 4.47 4.50 4.57 4.59 4.63 4.71 4.78 4.88 4.94 4.88 4.90 4.99 4.99 5.05 5.17 5.26 5.32 5.33 5.34 5.35 5.36 5.36 5.38 0.00 0.00 
4.42 4.45 4.49 4.54 4.60 4.62 4.64 4.75 4.85 4.88 4.99 5.00 4.94 4.98 5.03 5.08 5.15 5.25 5.31 5.34 5.35 5.37 5.38 0.00 0.00 0.00 0.00 
4.44 4.47 4.51 4.57 4.62 4.64 4.67 4.78 4.86 4.86 4.98 5.01 5.06 4.99 5.05 5.11 5.18 5.24 5.30 5.33 5.36 5.38 0.00 0.00 0.00 0.00 0.00 
4.45 4.48 4.52 4.58 4.62 4.66 4.70 4.79 4.86 4.88 4.97 4.98 5.08 5.05 5.07 5.11 5.17 5.22 5.28 5.33 5.36 5.39 0.00 0.00 0.00 0.00 0.00 
4.48 4.51 4.54 4.59 4.64 4.70 4.72 4.78 4.88 4.88 4.94 5.02 5.09 5.06 5.06 5.11 5.18 5.23 5.28 5.33 5.37 0.00 0.00 0.00 0.00 0.00 0.00 
4.48 4.52 4.56 4.60 4.67 4.71 4.74 4.80 4.85 4.93 4.95 5.01 5.10 5.08 5.06 5.12 5.20 5.24 5.29 5.34 5.39 0.00 0.00 0.00 0.00 0.00 0.00 
4.49 4.52 4.58 4.62 4.67 4.75 4.79 4.81 4.90 4.96 4.98 5.00 5.09 5.09 5.08 5.14 5.19 5.25 5.31 5.35 0.00 0.00 0.00 0.00 0.00 0.00 0.00 
4.50 4.54 4.59 4.65 4.70 4.75 4.80 4.84 4.93 4.97 4.99 5.08 5.12 5.11 5.13 5.18 5.23 5.28 5.33 0.00 0.00 0.00 0.00 0.00 0.00 0.00 0.00 
4.55 4.57 4.63 4.68 4.74 4.80 4.83 4.90 4.97 4.99 5.04 5.09 5.15 5.13 5.17 5.22 5.27 5.32 5.37 0.00 0.00 0.00 0.00 0.00 0.00 0.00 0.00 
4.59 4.61 4.66 4.72 4.76 4.81 4.87 4.91 4.96 5.03 5.08 5.15 5.20 5.18 5.22 5.28 5.34 5.38 5.42 0.00 0.00 0.00 0.00 0.00 0.00 0.00 0.00 
4.61 4.66 4.69 4.74 4.79 4.85 4.90 4.95 5.02 5.05 5.10 5.17 5.25 5.24 5.30 5.33 5.38 5.41 0.00 0.00 0.00 0.00 0.00 0.00 0.00 0.00 0.00 
4.65 4.69 4.74 4.79 4.84 4.89 4.94 5.00 5.08 5.12 5.16 5.23 5.31 5.35 0.00 0.00 0.00 0.00 0.00 0.00 0.00 0.00 0.00 0.00 0.00 0.00 0.00 
4.68 4.72 4.77 4.83 4.87 4.92 4.98 5.06 5.13 5.19 5.26 5.30 5.36 5.39 5.39 0.00 0.00 0.00 0.00 0.00 0.00 0.00 0.00 0.00 0.00 0.00 0.00 
