2016_CCC_ARR_IFD/catchment_depth_45min_99999aep.txt.asc
ncols         27
nrows         23
xllcorner     150.975
yllcorner     -33.6
cellsize      0.025
NODATA_value  -9999
7.47 7.45 7.58 7.67 7.60 7.52 7.52 7.64 7.77 8.02 8.30 8.40 8.43 8.67 8.74 8.86 8.76 8.73 8.85 8.96 9.07 9.19 9.31 9.41 9.50 9.60 9.70 
7.57 7.57 7.61 7.71 7.72 7.71 7.67 7.75 7.92 8.18 8.45 8.67 8.65 8.69 8.88 8.70 8.73 8.80 8.91 9.02 9.14 9.25 9.36 9.46 9.56 9.65 9.74 
7.51 7.61 7.74 7.76 7.75 7.78 7.81 7.86 8.11 8.27 8.47 8.61 8.61 8.56 8.84 9.01 8.89 8.90 8.99 9.09 9.21 9.31 9.41 9.51 9.61 9.71 9.80 
7.62 7.65 7.79 7.65 7.71 7.77 7.97 7.97 8.05 8.25 8.45 8.49 8.61 8.67 8.87 8.80 8.89 8.95 9.07 9.17 9.29 9.39 9.48 9.58 9.67 9.76 9.88 
7.64 7.65 7.79 7.68 7.79 7.87 7.99 8.08 8.28 8.53 8.48 8.40 8.69 8.61 8.83 8.81 8.96 9.03 9.15 9.27 9.37 9.46 9.54 9.64 9.72 9.83 9.91 
7.60 7.77 7.77 7.69 7.90 7.90 7.93 8.05 8.35 8.60 8.48 8.54 8.59 8.68 8.84 8.84 9.00 9.12 9.24 9.34 9.45 9.53 9.61 9.69 9.79 9.89 9.95 
7.55 7.69 7.69 7.76 7.96 7.92 8.05 8.18 8.42 8.70 8.59 8.58 8.54 8.89 8.86 8.91 9.06 9.20 9.31 9.42 9.52 9.60 9.67 9.75 9.84 9.94 10.0 
7.55 7.77 7.88 7.99 8.09 7.94 8.15 8.39 8.59 8.80 8.63 8.52 8.64 8.77 8.95 9.02 9.12 9.25 9.38 9.48 9.56 9.65 9.72 9.78 9.87 9.95 0.00 
7.61 7.84 7.91 8.08 8.07 8.09 8.12 8.54 8.58 8.86 8.98 8.79 8.73 8.80 8.97 9.06 9.19 9.33 9.44 9.54 9.62 9.68 9.75 9.82 9.90 9.97 0.00 
7.67 7.72 7.94 8.02 8.15 8.11 8.13 8.36 8.48 8.93 9.03 9.00 9.14 8.92 8.98 9.13 9.24 9.39 9.52 9.60 9.67 9.72 9.79 9.86 0.00 0.00 0.00 
7.67 7.75 7.85 7.85 8.20 8.14 8.27 8.55 8.73 9.08 9.24 8.93 8.92 9.25 9.14 9.23 9.29 9.43 9.55 9.62 9.68 9.75 9.83 9.91 9.99 0.00 0.00 
7.62 7.71 7.88 8.06 8.29 8.21 8.20 8.62 8.94 8.96 9.31 9.33 9.02 9.09 9.17 9.25 9.35 9.44 9.54 9.62 9.70 9.78 9.86 0.00 0.00 0.00 0.00 
7.66 7.82 7.98 8.17 8.27 8.23 8.21 8.70 8.94 8.82 9.24 9.27 9.44 9.04 9.15 9.22 9.32 9.45 9.54 9.63 9.72 9.80 0.00 0.00 0.00 0.00 0.00 
7.69 7.82 7.91 8.15 8.19 8.23 8.30 8.65 8.84 8.86 9.14 9.09 9.47 9.27 9.23 9.25 9.38 9.53 9.57 9.64 9.75 9.83 0.00 0.00 0.00 0.00 0.00 
7.64 7.75 7.87 8.10 8.27 8.39 8.32 8.50 8.87 8.79 8.94 9.21 9.44 9.22 9.14 9.25 9.41 9.57 9.68 9.69 9.82 0.00 0.00 0.00 0.00 0.00 0.00 
7.80 7.82 7.89 8.11 8.35 8.38 8.36 8.51 8.65 8.91 8.92 9.08 9.41 9.25 9.14 9.30 9.53 9.52 9.66 9.73 10.0 0.00 0.00 0.00 0.00 0.00 0.00 
7.90 7.95 7.94 8.05 8.22 8.51 8.52 8.46 8.80 8.97 8.95 8.97 9.30 9.24 9.18 9.32 9.44 9.57 9.66 9.76 0.00 0.00 0.00 0.00 0.00 0.00 0.00 
7.94 8.03 8.06 8.09 8.23 8.35 8.43 8.54 8.89 8.94 8.93 9.25 9.36 9.25 9.26 9.41 9.56 9.65 9.72 0.00 0.00 0.00 0.00 0.00 0.00 0.00 0.00 
7.95 8.06 8.23 8.32 8.45 8.58 8.52 8.74 8.98 8.93 9.06 9.19 9.37 9.25 9.35 9.48 9.62 9.75 9.86 0.00 0.00 0.00 0.00 0.00 0.00 0.00 0.00 
8.01 8.15 8.30 8.43 8.50 8.52 8.67 8.66 8.78 9.00 9.11 9.34 9.47 9.36 9.46 9.66 9.82 9.94 10.0 0.00 0.00 0.00 0.00 0.00 0.00 0.00 0.00 
8.11 8.30 8.33 8.42 8.51 8.64 8.67 8.80 8.94 8.96 9.10 9.32 9.58 9.48 9.66 9.75 9.89 9.96 0.00 0.00 0.00 0.00 0.00 0.00 0.00 0.00 0.00 
8.19 8.37 8.48 8.60 8.71 8.77 8.81 8.96 9.20 9.19 9.24 9.46 9.75 9.81 0.00 0.00 0.00 0.00 0.00 0.00 0.00 0.00 0.00 0.00 0.00 0.00 0.00 
8.29 8.44 8.58 8.72 8.75 8.78 8.91 9.14 9.32 9.45 9.60 9.62 9.84 9.88 9.85 0.00 0.00 0.00 0.00 0.00 0.00 0.00 0.00 0.00 0.00 0.00 0.00 
