2016_CCC_ARR_IFD/catchment_depth_360min_00500aep.txt.asc
ncols         27
nrows         23
xllcorner     150.975
yllcorner     -33.6
cellsize      0.025
NODATA_value  -9999
125 125 129 132 132 132 133 137 141 148 154 158 160 165 168 171 172 171 175 179 182 185 189 191 192 194 196 
127 129 130 134 136 137 137 141 146 152 158 162 165 167 171 171 170 173 177 180 184 187 189 192 194 196 197 
127 130 134 136 137 139 142 144 151 156 161 164 167 168 173 177 177 176 180 183 186 188 190 193 195 197 199 
130 132 136 134 137 140 146 148 152 157 163 165 169 172 176 176 178 179 183 185 188 190 192 195 197 199 201 
131 132 137 135 140 143 148 152 158 164 165 166 173 173 179 178 182 183 186 188 190 192 194 196 198 200 202 
130 135 137 136 143 145 147 152 161 167 168 171 174 178 182 181 185 188 190 191 193 194 196 198 200 202 203 
129 134 135 138 145 146 151 156 164 170 172 174 175 183 186 184 189 192 194 194 195 197 198 199 201 204 206 
129 136 140 144 149 147 154 162 168 174 175 175 180 185 190 191 192 194 197 197 198 199 200 200 202 203 0.00 
131 138 141 147 149 151 154 166 170 177 181 182 184 186 191 193 195 198 200 201 201 201 201 201 202 203 0.00 
133 136 142 146 151 152 155 163 169 180 184 187 191 190 192 196 197 201 203 204 203 202 202 203 0.00 0.00 0.00 
133 136 140 142 152 153 159 168 174 183 188 186 189 196 196 199 200 202 204 204 203 203 204 204 204 0.00 0.00 
132 135 141 147 155 155 157 169 179 182 191 194 191 194 197 200 202 203 203 203 203 204 204 0.00 0.00 0.00 0.00 
132 138 143 149 154 155 157 171 178 179 190 193 197 192 196 198 200 203 202 203 203 203 0.00 0.00 0.00 0.00 0.00 
133 137 141 149 152 155 159 169 176 179 187 189 197 196 197 198 201 204 203 202 203 203 0.00 0.00 0.00 0.00 0.00 
132 136 140 147 153 158 158 165 176 177 182 190 195 194 194 197 200 204 205 203 205 0.00 0.00 0.00 0.00 0.00 0.00 
134 136 140 146 154 157 158 164 170 178 180 186 194 193 192 196 201 199 202 201 208 0.00 0.00 0.00 0.00 0.00 0.00 
134 137 140 145 150 159 162 161 172 178 179 181 190 190 188 193 195 197 197 197 0.00 0.00 0.00 0.00 0.00 0.00 0.00 
135 138 142 144 150 154 157 161 173 175 175 185 188 186 184 191 194 196 194 0.00 0.00 0.00 0.00 0.00 0.00 0.00 0.00 
136 140 146 150 155 160 159 166 173 173 176 180 185 179 181 185 189 193 195 0.00 0.00 0.00 0.00 0.00 0.00 0.00 0.00 
138 143 148 153 156 157 162 160 164 172 174 180 183 176 178 186 190 193 194 0.00 0.00 0.00 0.00 0.00 0.00 0.00 0.00 
140 147 149 152 155 159 159 163 167 163 166 174 181 173 179 181 185 186 0.00 0.00 0.00 0.00 0.00 0.00 0.00 0.00 0.00 
142 149 154 158 161 163 162 166 173 169 166 172 181 180 0.00 0.00 0.00 0.00 0.00 0.00 0.00 0.00 0.00 0.00 0.00 0.00 0.00 
144 151 156 161 161 159 162 169 173 174 176 171 177 174 169 0.00 0.00 0.00 0.00 0.00 0.00 0.00 0.00 0.00 0.00 0.00 0.00 
