2016_CCC_ARR_IFD/catchment_depth_1080min_86466aep.txt.asc
ncols         27
nrows         23
xllcorner     150.975
yllcorner     -33.6
cellsize      0.025
NODATA_value  -9999
46.1 45.8 47.7 48.8 47.8 46.6 46.2 47.6 48.9 51.5 54.5 55.4 55.3 58.0 58.4 59.6 57.4 55.2 56.0 56.8 57.2 58.2 59.2 59.3 59.5 59.8 60.2 
47.6 47.6 48.1 49.4 49.4 49.0 48.1 48.9 50.7 53.6 56.5 59.0 58.2 58.2 60.3 57.1 56.2 55.9 56.4 57.1 57.9 58.6 59.2 59.6 60.0 60.4 60.7 
46.7 48.3 49.9 50.1 49.6 49.9 49.9 50.2 53.1 54.7 56.8 58.2 57.6 56.5 59.7 61.4 58.9 57.5 57.6 57.8 58.5 59.1 59.6 60.1 60.7 61.1 61.4 
48.6 48.8 50.6 48.5 49.1 49.6 52.0 51.7 52.4 54.5 56.5 56.7 57.6 58.0 59.9 58.2 58.5 57.8 58.4 58.7 59.5 60.0 60.5 60.9 61.3 61.9 62.8 
48.8 48.9 50.7 48.8 50.1 51.0 52.3 53.1 55.3 58.0 57.0 55.6 58.7 57.2 59.4 58.1 59.5 58.9 59.5 60.2 60.6 60.9 61.1 61.7 62.1 62.8 63.1 
48.1 50.6 50.3 48.9 51.7 51.4 51.4 52.8 56.3 58.9 57.2 57.5 57.8 58.2 59.6 58.4 59.8 60.6 61.2 61.0 61.4 61.8 62.1 62.4 63.0 63.8 63.5 
47.2 49.3 49.1 49.8 52.5 51.6 53.1 54.6 57.2 60.1 58.6 58.2 57.2 61.0 60.2 59.3 60.6 61.7 62.1 62.2 62.4 62.7 63.0 63.2 63.8 64.6 65.3 
47.1 50.5 51.9 53.1 54.2 52.0 54.4 57.1 59.1 61.3 59.2 57.8 59.0 60.1 61.6 61.6 61.5 62.1 62.8 63.0 63.1 63.6 63.8 63.7 64.1 64.4 0.00 
48.2 51.5 52.2 54.2 53.9 54.0 54.2 58.9 59.2 62.1 63.1 61.1 60.5 60.8 62.1 62.2 62.5 63.2 63.6 64.0 64.2 64.1 64.2 64.3 64.6 64.6 0.00 
49.1 49.8 52.6 53.5 54.9 54.4 54.5 57.1 58.4 62.9 63.7 63.4 64.6 62.6 62.4 63.5 63.2 64.1 64.6 65.0 65.0 64.8 64.8 65.1 0.00 0.00 0.00 
49.1 50.1 51.4 51.2 55.5 54.9 56.3 59.3 61.1 64.5 65.9 63.2 63.1 65.9 64.8 65.2 64.6 64.9 65.2 65.3 65.3 65.3 65.7 66.0 66.1 0.00 0.00 
48.2 49.6 51.8 53.9 56.7 55.7 55.7 60.2 63.4 63.6 66.7 66.9 64.4 65.0 65.5 65.8 66.1 65.9 65.6 65.7 65.8 65.8 66.1 0.00 0.00 0.00 0.00 
48.7 50.9 52.9 55.3 56.5 56.0 55.9 61.1 63.5 62.6 66.4 66.7 68.0 64.8 65.6 65.7 65.8 66.5 66.0 66.0 66.2 66.2 0.00 0.00 0.00 0.00 0.00 
49.0 50.7 51.9 54.9 55.5 56.1 57.1 60.8 62.8 63.2 65.7 65.6 68.5 67.1 66.7 66.4 67.1 67.9 67.1 66.5 66.8 66.5 0.00 0.00 0.00 0.00 0.00 
48.4 49.9 51.3 54.1 56.2 57.8 57.3 59.5 63.3 62.9 64.4 66.7 68.4 67.0 66.3 66.8 67.6 68.4 68.7 67.5 68.2 0.00 0.00 0.00 0.00 0.00 0.00 
49.9 50.4 51.4 54.1 57.1 57.8 57.8 59.7 61.5 64.1 64.4 65.9 68.4 67.4 66.5 67.3 68.7 67.4 68.1 67.5 70.3 0.00 0.00 0.00 0.00 0.00 0.00 
50.6 51.3 51.8 53.5 55.6 59.1 59.6 59.0 63.0 64.7 64.8 65.0 67.7 67.2 66.4 67.1 67.2 67.6 67.0 66.9 0.00 0.00 0.00 0.00 0.00 0.00 0.00 
50.8 52.0 52.9 53.6 55.6 57.4 58.5 60.0 63.9 64.6 64.5 67.2 67.9 66.8 65.7 67.1 67.9 67.8 66.9 0.00 0.00 0.00 0.00 0.00 0.00 0.00 0.00 
51.1 52.5 54.8 56.2 58.0 59.8 59.5 62.2 64.5 64.5 65.5 66.5 67.7 65.2 65.4 66.1 67.0 67.7 67.9 0.00 0.00 0.00 0.00 0.00 0.00 0.00 0.00 
51.6 53.6 55.7 57.6 58.6 59.2 61.1 60.8 62.3 65.0 65.7 67.3 67.9 65.0 65.0 67.2 68.2 68.7 68.7 0.00 0.00 0.00 0.00 0.00 0.00 0.00 0.00 
52.9 55.7 56.0 57.3 58.6 60.2 60.5 62.4 64.2 62.7 63.5 66.1 68.0 64.6 66.3 66.2 67.1 66.9 0.00 0.00 0.00 0.00 0.00 0.00 0.00 0.00 0.00 
53.5 56.5 58.1 59.6 60.9 61.6 61.8 63.6 65.9 65.6 64.4 66.1 68.6 67.9 0.00 0.00 0.00 0.00 0.00 0.00 0.00 0.00 0.00 0.00 0.00 0.00 0.00 
54.6 57.2 59.1 60.9 61.0 60.6 62.2 64.9 66.4 67.0 67.6 66.2 67.8 66.4 63.8 0.00 0.00 0.00 0.00 0.00 0.00 0.00 0.00 0.00 0.00 0.00 0.00 
