2016_CCC_ARR_IFD/catchment_depth_60min_00100aep.txt.asc
ncols         27
nrows         23
xllcorner     150.975
yllcorner     -33.6
cellsize      0.025
NODATA_value  -9999
93.7 93.7 95.3 96.7 96.9 97.1 98.3 101 103 106 109 110 113 114 116 118 121 125 127 129 131 133 135 136 137 139 140 
94.3 94.7 95.6 97.2 98.1 99.0 100 102 105 108 110 111 114 116 117 121 123 127 129 131 133 135 136 137 139 140 141 
93.6 95.0 96.8 97.7 98.5 99.9 101 103 107 109 111 113 116 118 119 120 125 128 131 133 135 136 137 138 140 141 142 
94.5 95.2 97.2 96.5 98.1 99.9 103 105 107 110 113 115 118 120 121 125 128 130 132 134 136 137 138 140 141 142 143 
94.4 95.0 97.2 96.2 98.7 101 104 106 109 112 114 117 119 123 125 128 130 132 134 136 137 138 139 141 142 143 144 
93.8 96.2 96.7 96.0 100 101 104 107 111 113 116 119 122 125 127 130 132 134 136 137 138 139 140 142 143 144 145 
93.5 95.0 95.6 97.0 101 102 105 108 112 115 118 121 124 126 130 132 134 136 138 138 139 140 142 143 144 145 145 
93.7 96.0 98.0 100 102 103 106 110 113 116 119 123 126 130 132 134 136 137 139 140 141 142 143 143 144 145 0.00 
94.0 96.8 98.3 101 102 104 107 112 114 117 120 124 128 131 134 135 137 139 140 141 142 142 143 144 145 145 0.00 
94.6 95.9 98.8 101 103 105 107 111 115 119 122 125 127 132 134 136 138 140 142 143 143 143 144 144 0.00 0.00 0.00 
94.5 96.2 98.2 99.7 104 105 109 113 116 120 122 126 129 131 134 137 139 141 142 143 143 143 144 145 145 0.00 0.00 
94.2 96.0 98.4 101 105 106 108 113 117 120 123 126 129 132 134 137 139 141 141 142 143 143 144 0.00 0.00 0.00 0.00 
94.2 96.5 99.0 102 104 106 108 113 117 119 123 126 128 131 134 136 138 140 141 142 142 143 0.00 0.00 0.00 0.00 0.00 
94.2 96.2 98.3 102 104 106 108 113 116 119 123 125 128 131 134 136 138 140 141 141 142 142 0.00 0.00 0.00 0.00 0.00 
93.7 95.5 97.6 101 104 106 108 111 116 118 121 125 127 130 133 135 137 139 140 140 142 0.00 0.00 0.00 0.00 0.00 0.00 
94.1 95.5 97.4 100 104 106 108 111 114 118 120 123 126 129 132 134 136 137 139 139 141 0.00 0.00 0.00 0.00 0.00 0.00 
94.2 95.7 97.3 99.5 102 106 108 109 114 117 119 121 125 128 129 132 133 135 136 137 0.00 0.00 0.00 0.00 0.00 0.00 0.00 
94.1 95.8 97.7 99.0 102 104 106 109 114 116 117 121 124 125 126 130 132 134 134 0.00 0.00 0.00 0.00 0.00 0.00 0.00 0.00 
94.2 96.1 98.6 101 103 106 106 110 113 114 116 119 122 122 124 127 129 132 133 0.00 0.00 0.00 0.00 0.00 0.00 0.00 0.00 
94.3 96.6 99.0 101 103 104 107 107 109 113 115 118 121 120 122 126 128 130 131 0.00 0.00 0.00 0.00 0.00 0.00 0.00 0.00 
94.8 97.8 98.7 101 102 104 105 107 109 109 111 115 119 118 121 123 125 126 0.00 0.00 0.00 0.00 0.00 0.00 0.00 0.00 0.00 
94.7 98.1 100 102 104 105 105 107 111 110 110 114 118 119 0.00 0.00 0.00 0.00 0.00 0.00 0.00 0.00 0.00 0.00 0.00 0.00 0.00 
95.2 98.2 100 103 103 103 105 108 110 112 113 113 116 116 115 0.00 0.00 0.00 0.00 0.00 0.00 0.00 0.00 0.00 0.00 0.00 0.00 
