2016_CCC_ARR_IFD/catchment_depth_60min_10000aep.txt.asc
ncols         27
nrows         23
xllcorner     150.975
yllcorner     -33.6
cellsize      0.025
NODATA_value  -9999
40.6 40.5 41.1 41.6 41.4 41.2 41.4 42.1 42.9 44.2 45.5 46.1 46.6 47.5 48.0 48.6 48.9 49.3 50.0 50.6 51.2 51.8 52.4 52.9 53.4 53.9 54.4 
41.0 41.0 41.3 41.8 42.0 42.1 42.1 42.7 43.7 45.0 46.1 46.9 47.3 47.8 48.5 48.7 49.1 49.8 50.4 51.0 51.6 52.2 52.7 53.2 53.7 54.2 54.7 
40.8 41.2 41.8 42.1 42.1 42.5 42.8 43.3 44.6 45.5 46.4 47.2 47.6 47.9 48.9 49.5 49.9 50.3 50.9 51.4 52.0 52.5 53.0 53.5 54.0 54.5 54.9 
41.2 41.4 42.1 41.5 42.0 42.5 43.6 43.9 44.6 45.7 46.7 47.2 48.0 48.6 49.4 49.8 50.4 50.9 51.4 51.9 52.4 52.9 53.4 53.8 54.3 54.8 55.3 
41.3 41.4 42.1 41.6 42.3 43.0 43.8 44.5 45.6 46.8 47.1 47.5 48.6 49.0 49.8 50.4 51.0 51.5 52.0 52.5 52.9 53.3 53.7 54.2 54.6 55.1 55.5 
41.2 42.0 42.0 41.7 43.0 43.2 43.8 44.7 46.1 47.2 47.5 48.2 49.0 49.7 50.4 51.0 51.6 52.2 52.7 53.0 53.3 53.7 54.1 54.5 54.9 55.4 55.7 
41.3 41.7 41.8 42.2 43.4 43.5 44.5 45.4 46.7 47.8 48.2 48.8 49.4 50.5 51.1 51.6 52.3 52.9 53.3 53.6 53.8 54.2 54.5 54.8 55.2 55.7 56.1 
41.5 42.2 42.8 43.4 44.1 44.0 45.1 46.4 47.4 48.4 48.7 49.2 50.2 51.0 51.8 52.4 53.0 53.5 54.0 54.2 54.4 54.7 54.9 55.1 55.4 55.8 0.00 
41.8 42.6 43.0 43.9 44.2 44.7 45.4 47.1 47.8 49.0 49.8 50.1 50.8 51.6 52.4 53.0 53.6 54.2 54.6 54.9 55.0 55.1 55.2 55.4 55.6 55.9 0.00 
42.1 42.5 43.3 43.9 44.7 45.1 45.8 46.9 47.9 49.5 50.3 50.9 51.7 52.2 52.8 53.6 54.2 54.9 55.4 55.5 55.5 55.5 55.5 55.6 0.00 0.00 0.00 
42.3 42.8 43.3 43.8 45.1 45.5 46.4 47.7 48.8 50.1 51.0 51.2 51.8 52.8 53.3 54.0 54.7 55.4 55.8 55.8 55.8 55.8 55.9 55.9 56.1 0.00 0.00 
42.5 42.9 43.6 44.5 45.6 45.9 46.5 48.1 49.5 50.2 51.5 52.2 52.3 53.0 53.7 54.4 55.0 55.6 55.8 56.0 56.0 56.1 56.2 0.00 0.00 0.00 0.00 
42.7 43.3 44.0 44.9 45.7 46.2 46.7 48.5 49.7 50.1 51.6 52.2 53.0 53.2 54.0 54.7 55.2 55.7 55.9 56.1 56.2 56.3 0.00 0.00 0.00 0.00 0.00 
42.9 43.4 44.0 45.0 45.6 46.3 47.1 48.5 49.6 50.3 51.5 52.1 53.1 53.6 54.3 54.9 55.5 56.0 56.2 56.2 56.4 56.5 0.00 0.00 0.00 0.00 0.00 
43.0 43.5 44.1 45.0 45.9 46.8 47.2 48.3 49.8 50.3 51.2 52.3 53.2 53.7 54.3 55.0 55.6 56.1 56.4 56.5 56.8 0.00 0.00 0.00 0.00 0.00 0.00 
43.1 43.7 44.3 45.1 46.2 46.9 47.4 48.3 49.3 50.5 51.2 52.2 53.2 53.8 54.4 55.1 55.7 55.9 56.4 56.4 57.0 0.00 0.00 0.00 0.00 0.00 0.00 
43.3 43.8 44.5 45.1 46.0 47.2 47.8 48.1 49.7 50.7 51.2 51.9 53.1 53.7 54.1 54.9 55.4 55.9 56.0 56.2 0.00 0.00 0.00 0.00 0.00 0.00 0.00 
43.4 43.9 44.6 45.3 46.0 46.8 47.5 48.3 49.9 50.5 51.0 52.3 53.1 53.5 53.7 54.7 55.4 55.9 55.9 0.00 0.00 0.00 0.00 0.00 0.00 0.00 0.00 
43.8 44.3 45.1 45.9 46.7 47.5 47.7 48.9 50.0 50.3 51.1 52.0 52.9 52.8 53.5 54.2 55.0 55.7 56.0 0.00 0.00 0.00 0.00 0.00 0.00 0.00 0.00 
44.1 44.7 45.5 46.3 46.9 47.3 48.1 48.2 49.0 50.2 50.9 52.1 52.8 52.6 53.2 54.4 55.1 55.6 56.0 0.00 0.00 0.00 0.00 0.00 0.00 0.00 0.00 
44.4 45.3 45.7 46.3 46.9 47.6 47.8 48.6 49.4 49.4 50.2 51.5 52.7 52.4 53.4 53.9 54.7 55.0 0.00 0.00 0.00 0.00 0.00 0.00 0.00 0.00 0.00 
44.6 45.6 46.3 47.0 47.6 48.0 48.2 49.0 50.2 50.2 50.3 51.4 52.8 53.2 0.00 0.00 0.00 0.00 0.00 0.00 0.00 0.00 0.00 0.00 0.00 0.00 0.00 
44.9 45.9 46.6 47.4 47.6 47.6 48.3 49.5 50.3 50.9 51.5 51.5 52.5 52.7 52.5 0.00 0.00 0.00 0.00 0.00 0.00 0.00 0.00 0.00 0.00 0.00 0.00 
