2016_CCC_ARR_IFD/catchment_depth_2160min_50000aep.txt.asc
ncols         27
nrows         23
xllcorner     150.975
yllcorner     -33.6
cellsize      0.025
NODATA_value  -9999
89.5 88.7 93.4 95.9 93.2 90.1 88.5 92.0 95.1 101 109 111 110 117 117 120 114 107 109 110 111 113 115 115 115 115 115 
93.3 93.3 94.5 97.4 97.1 95.9 93.4 95.1 99.6 106 114 119 117 117 122 114 111 109 109 110 112 113 114 115 115 116 116 
91.1 95.0 99.0 99.1 97.8 98.1 97.7 98.3 106 109 114 117 116 113 120 124 118 114 112 111 113 114 114 115 116 117 117 
96.1 96.5 101 95.1 96.3 97.2 103 102 103 109 113 114 116 116 121 116 116 113 113 113 115 115 116 117 117 118 120 
96.6 96.6 101 95.6 98.7 101 104 105 111 117 115 110 118 114 119 115 118 115 115 117 117 117 117 118 119 120 121 
95.0 101 100 95.8 103 101 101 104 113 120 115 115 115 116 119 114 118 119 120 117 118 118 119 119 121 122 121 
92.5 97.6 96.5 98.1 105 102 105 109 115 123 118 116 112 123 120 115 118 121 121 120 120 120 120 121 122 124 125 
92.1 101 104 107 109 102 108 115 120 125 119 114 117 119 123 122 119 120 121 121 121 122 122 121 122 123 0.00 
95.0 103 105 110 108 108 107 120 120 127 129 123 120 120 123 122 121 121 122 122 123 122 122 122 123 123 0.00 
97.5 98.5 106 107 111 108 108 114 117 129 131 129 132 125 123 125 122 123 123 124 124 123 123 124 0.00 0.00 0.00 
97.2 99.3 102 101 112 109 112 120 124 133 136 128 127 134 129 130 125 124 124 125 124 124 125 126 126 0.00 0.00 
94.7 97.7 103 108 115 111 110 122 130 130 138 138 130 130 131 131 130 127 126 126 126 126 126 0.00 0.00 0.00 0.00 
96.1 101 106 112 114 112 110 124 130 127 137 137 140 129 130 130 128 130 127 127 127 127 0.00 0.00 0.00 0.00 0.00 
96.9 101 103 110 111 111 113 123 127 128 134 133 140 135 133 132 133 134 131 128 129 128 0.00 0.00 0.00 0.00 0.00 
94.9 98.3 101 108 113 116 113 118 128 126 129 135 140 134 132 133 134 136 135 131 133 0.00 0.00 0.00 0.00 0.00 0.00 
99.1 99.5 101 108 115 115 114 118 122 129 129 132 139 135 133 134 137 133 134 132 139 0.00 0.00 0.00 0.00 0.00 0.00 
101 102 102 105 110 119 119 115 126 130 129 129 136 134 133 134 133 133 131 130 0.00 0.00 0.00 0.00 0.00 0.00 0.00 
101 104 105 105 109 113 114 117 128 128 127 134 136 133 130 133 134 134 131 0.00 0.00 0.00 0.00 0.00 0.00 0.00 0.00 
101 105 110 113 116 120 117 123 129 127 129 131 134 128 128 130 132 133 133 0.00 0.00 0.00 0.00 0.00 0.00 0.00 0.00 
102 107 112 116 117 117 121 118 121 127 128 133 134 127 127 132 134 135 135 0.00 0.00 0.00 0.00 0.00 0.00 0.00 0.00 
105 112 112 114 117 119 118 122 125 121 122 128 134 125 129 129 131 130 0.00 0.00 0.00 0.00 0.00 0.00 0.00 0.00 0.00 
106 114 118 121 123 123 122 125 131 127 124 128 135 133 0.00 0.00 0.00 0.00 0.00 0.00 0.00 0.00 0.00 0.00 0.00 0.00 0.00 
109 116 120 124 123 120 123 129 132 133 133 128 133 128 122 0.00 0.00 0.00 0.00 0.00 0.00 0.00 0.00 0.00 0.00 0.00 0.00 
