2016_CCC_ARR_IFD/catchment_depth_45min_63212aep.txt.asc
ncols         27
nrows         23
xllcorner     150.975
yllcorner     -33.6
cellsize      0.025
NODATA_value  -9999
19.9 19.8 19.9 20.1 19.9 19.8 19.8 20.0 20.2 20.7 21.2 21.4 21.4 21.8 22.0 22.2 22.2 22.4 22.6 22.9 23.1 23.3 23.5 23.7 23.9 24.1 24.3 
20.0 20.0 20.0 20.2 20.2 20.2 20.1 20.3 20.6 21.0 21.5 21.8 21.8 21.9 22.3 22.1 22.3 22.6 22.9 23.1 23.3 23.5 23.7 23.9 24.1 24.3 24.5 
20.0 20.1 20.3 20.3 20.3 20.4 20.4 20.5 21.0 21.2 21.6 21.8 21.9 21.9 22.3 22.6 22.5 22.7 23.0 23.3 23.5 23.7 23.9 24.1 24.3 24.5 24.6 
20.2 20.2 20.4 20.3 20.3 20.4 20.8 20.8 21.0 21.3 21.6 21.8 22.0 22.1 22.4 22.5 22.7 23.0 23.3 23.5 23.7 23.9 24.1 24.3 24.4 24.6 24.8 
20.2 20.3 20.5 20.4 20.5 20.7 20.9 21.0 21.4 21.8 21.8 21.7 22.2 22.2 22.5 22.6 22.9 23.2 23.5 23.7 24.0 24.1 24.3 24.5 24.6 24.8 24.9 
20.3 20.5 20.5 20.5 20.8 20.8 20.9 21.1 21.6 22.0 21.9 22.0 22.2 22.4 22.6 22.9 23.1 23.4 23.6 24.0 24.2 24.4 24.5 24.6 24.8 24.9 25.1 
20.3 20.5 20.5 20.7 20.9 20.9 21.2 21.4 21.8 22.2 22.1 22.2 22.3 22.7 22.8 23.1 23.4 23.6 23.9 24.2 24.4 24.5 24.7 24.8 24.9 25.1 25.2 
20.4 20.6 20.8 21.0 21.2 21.1 21.4 21.8 22.1 22.4 22.3 22.2 22.5 22.7 23.0 23.2 23.6 23.9 24.2 24.4 24.6 24.7 24.8 24.9 25.1 25.2 0.00 
20.5 20.7 20.9 21.1 21.2 21.3 21.4 22.0 22.2 22.6 22.9 22.7 22.6 22.9 23.1 23.5 23.8 24.1 24.4 24.6 24.7 24.8 25.0 25.1 25.2 25.3 0.00 
20.5 20.7 21.0 21.1 21.4 21.4 21.5 21.9 22.1 22.8 23.0 23.1 23.3 23.1 23.3 23.6 24.0 24.4 24.6 24.8 24.9 25.0 25.1 25.2 0.00 0.00 0.00 
20.6 20.7 20.9 21.0 21.5 21.5 21.8 22.2 22.5 23.1 23.4 23.0 23.1 23.6 23.5 23.7 24.1 24.5 24.7 24.9 25.0 25.1 25.2 25.3 25.4 0.00 0.00 
20.7 20.8 21.0 21.3 21.6 21.6 21.7 22.4 22.9 23.0 23.6 23.7 23.3 23.4 23.6 23.9 24.1 24.5 24.7 24.9 25.0 25.2 25.3 0.00 0.00 0.00 0.00 
20.7 20.9 21.1 21.4 21.7 21.7 21.8 22.5 22.9 22.8 23.5 23.6 23.9 23.4 23.7 23.9 24.2 24.5 24.7 24.9 25.1 25.2 0.00 0.00 0.00 0.00 0.00 
20.8 20.9 21.1 21.4 21.6 21.8 21.9 22.5 22.8 22.9 23.4 23.4 24.0 23.8 23.8 24.0 24.2 24.5 24.7 25.0 25.1 25.3 0.00 0.00 0.00 0.00 0.00 
20.9 21.0 21.1 21.4 21.7 22.0 22.0 22.3 22.9 22.9 23.1 23.6 24.0 23.7 23.7 24.0 24.3 24.6 24.8 25.0 25.2 0.00 0.00 0.00 0.00 0.00 0.00 
20.9 21.0 21.2 21.5 21.8 22.0 22.1 22.4 22.6 23.1 23.1 23.4 24.0 23.8 23.7 24.0 24.5 24.6 24.9 25.1 25.4 0.00 0.00 0.00 0.00 0.00 0.00 
20.9 21.1 21.3 21.5 21.7 22.2 22.3 22.3 22.9 23.2 23.2 23.3 23.9 23.8 23.9 24.1 24.4 24.7 24.9 25.1 0.00 0.00 0.00 0.00 0.00 0.00 0.00 
21.0 21.1 21.4 21.6 21.8 22.0 22.2 22.5 23.0 23.2 23.2 23.8 24.0 23.9 24.0 24.3 24.6 24.8 25.0 0.00 0.00 0.00 0.00 0.00 0.00 0.00 0.00 
21.2 21.3 21.6 21.8 22.1 22.4 22.4 22.8 23.2 23.2 23.4 23.7 24.0 24.0 24.2 24.4 24.7 25.0 25.2 0.00 0.00 0.00 0.00 0.00 0.00 0.00 0.00 
21.3 21.5 21.7 22.0 22.2 22.3 22.6 22.7 22.9 23.3 23.6 24.0 24.2 24.2 24.4 24.7 25.0 25.3 25.5 0.00 0.00 0.00 0.00 0.00 0.00 0.00 0.00 
21.5 21.7 21.9 22.1 22.3 22.5 22.7 22.9 23.2 23.3 23.6 24.0 24.5 24.4 24.7 24.9 25.2 25.4 0.00 0.00 0.00 0.00 0.00 0.00 0.00 0.00 0.00 
21.6 21.9 22.1 22.4 22.6 22.8 22.9 23.2 23.7 23.7 23.9 24.3 24.8 24.9 0.00 0.00 0.00 0.00 0.00 0.00 0.00 0.00 0.00 0.00 0.00 0.00 0.00 
21.8 22.1 22.3 22.6 22.7 22.9 23.1 23.6 23.9 24.2 24.5 24.6 25.0 25.1 25.1 0.00 0.00 0.00 0.00 0.00 0.00 0.00 0.00 0.00 0.00 0.00 0.00 
