2016_CCC_ARR_IFD/catchment_depth_120min_00050aep.txt.asc
ncols         27
nrows         23
xllcorner     150.975
yllcorner     -33.6
cellsize      0.025
NODATA_value  -9999
124 125 127 129 130 131 133 136 140 144 148 151 155 157 160 163 168 173 177 180 184 187 189 192 194 196 198 
125 126 128 130 132 134 136 139 143 147 150 153 156 160 162 167 170 176 180 184 186 189 191 194 196 198 200 
125 127 130 131 133 135 138 141 146 150 153 156 160 164 165 167 173 177 182 187 189 191 193 195 197 199 201 
126 128 131 130 133 136 141 144 147 152 156 159 163 166 169 174 177 181 185 188 191 193 195 197 199 201 203 
126 128 131 131 134 138 142 146 151 154 158 163 166 171 173 178 181 185 188 190 193 195 197 199 200 202 204 
126 129 131 131 136 139 142 147 153 157 161 166 170 175 178 182 185 188 190 193 194 196 198 200 202 203 205 
125 128 129 132 137 140 144 149 155 159 164 169 173 176 182 184 188 191 194 195 196 198 200 201 203 204 206 
125 129 132 136 140 141 146 152 157 161 166 171 176 181 185 188 191 194 196 198 199 200 201 202 203 205 0.00 
126 130 133 137 140 143 147 154 159 164 168 173 179 183 187 190 193 197 199 200 201 201 202 203 204 205 0.00 
126 129 133 136 141 143 147 154 159 166 171 175 179 185 188 192 195 199 201 202 202 202 203 204 0.00 0.00 0.00 
126 129 132 135 141 144 149 156 161 167 171 176 180 184 189 192 196 199 202 202 202 203 203 204 205 0.00 0.00 
125 128 132 137 142 144 148 156 163 168 174 178 180 185 189 193 196 199 200 201 202 202 203 0.00 0.00 0.00 0.00 
125 129 133 138 142 144 147 157 163 166 173 177 180 184 188 191 194 198 199 200 201 201 0.00 0.00 0.00 0.00 0.00 
125 128 131 137 140 144 148 155 161 165 171 175 180 183 187 190 194 197 198 198 200 200 0.00 0.00 0.00 0.00 0.00 
124 127 130 135 140 145 147 153 160 163 168 174 178 182 185 188 192 195 197 197 199 0.00 0.00 0.00 0.00 0.00 0.00 
124 127 130 135 140 144 146 151 156 163 166 171 177 180 183 187 190 191 194 195 198 0.00 0.00 0.00 0.00 0.00 0.00 
124 126 130 133 138 144 147 148 157 162 164 167 174 177 178 183 186 189 189 191 0.00 0.00 0.00 0.00 0.00 0.00 0.00 
124 126 130 132 137 141 144 148 156 159 161 168 172 173 174 180 184 186 186 0.00 0.00 0.00 0.00 0.00 0.00 0.00 0.00 
125 127 132 135 139 143 144 150 155 156 160 164 169 167 170 174 179 183 185 0.00 0.00 0.00 0.00 0.00 0.00 0.00 0.00 
125 129 132 136 139 141 145 145 148 154 157 163 166 164 166 173 177 180 182 0.00 0.00 0.00 0.00 0.00 0.00 0.00 0.00 
126 131 133 136 138 142 142 145 149 148 151 157 164 160 166 168 172 174 0.00 0.00 0.00 0.00 0.00 0.00 0.00 0.00 0.00 
127 132 135 138 141 143 143 147 152 151 150 155 162 163 0.00 0.00 0.00 0.00 0.00 0.00 0.00 0.00 0.00 0.00 0.00 0.00 0.00 
128 133 136 140 141 140 143 149 152 153 156 154 159 158 156 0.00 0.00 0.00 0.00 0.00 0.00 0.00 0.00 0.00 0.00 0.00 0.00 
