2016_CCC_ARR_IFD/catchment_depth_180min_05000aep.txt.asc
ncols         27
nrows         23
xllcorner     150.975
yllcorner     -33.6
cellsize      0.025
NODATA_value  -9999
65.4 65.5 67.1 68.3 68.1 67.9 68.4 70.1 71.8 74.5 77.3 78.7 79.6 81.7 82.8 84.1 84.3 84.0 85.5 86.9 88.2 89.5 90.9 91.8 92.7 93.7 94.6 
66.4 66.8 67.6 68.9 69.5 70.0 70.2 71.5 73.6 76.4 78.9 80.7 81.5 82.6 84.1 83.9 83.7 85.0 86.4 87.7 89.0 90.3 91.4 92.4 93.4 94.3 95.2 
66.1 67.4 68.9 69.6 70.0 71.0 71.8 73.0 75.8 77.7 79.8 81.4 82.2 82.6 85.0 86.4 86.5 86.1 87.6 88.8 89.9 91.0 92.1 93.1 94.1 95.0 95.9 
67.2 67.9 69.6 68.9 70.0 71.2 73.7 74.5 75.9 78.3 80.5 81.6 83.2 84.3 86.1 86.2 87.0 87.7 88.9 90.0 91.1 92.0 93.0 94.0 94.8 95.8 97.0 
67.5 68.1 69.8 69.2 70.9 72.5 74.3 75.9 78.4 80.9 81.6 82.1 84.7 85.1 87.1 87.2 88.7 89.4 90.4 91.5 92.3 93.1 93.9 94.8 95.6 96.6 97.4 
67.3 69.3 69.8 69.4 72.4 73.1 74.3 76.4 79.7 82.2 82.7 84.1 85.5 86.8 88.4 88.8 90.2 91.3 92.3 92.8 93.4 94.2 94.9 95.6 96.5 97.5 97.9 
67.2 68.7 69.2 70.4 73.3 73.7 75.8 78.1 81.0 83.6 84.4 85.5 86.1 89.1 90.1 90.4 92.0 93.2 94.0 94.5 94.8 95.4 96.0 96.5 97.3 98.2 99.1 
67.5 69.7 71.4 73.0 74.8 74.5 77.2 80.3 82.8 85.0 85.6 86.1 88.2 90.1 92.0 92.8 93.7 94.8 95.7 96.1 96.3 96.7 97.0 97.2 97.8 98.4 0.00 
68.1 70.6 71.9 74.1 74.9 76.1 77.5 81.9 83.6 86.4 88.3 88.8 89.9 91.2 93.2 94.2 95.4 96.7 97.5 97.8 97.9 97.7 97.7 97.9 98.3 98.7 0.00 
68.8 69.9 72.4 73.9 76.0 76.8 78.1 81.2 83.4 87.7 89.6 90.7 92.5 92.9 93.9 95.7 96.7 98.4 99.3 99.4 99.1 98.6 98.5 98.6 0.00 0.00 0.00 
69.0 70.3 72.0 73.0 76.7 77.4 79.6 83.1 85.7 89.2 91.1 91.1 92.3 94.8 95.6 96.9 98.0 99.4 100 100 99.6 99.3 99.3 99.3 99.5 0.00 0.00 
68.9 70.4 72.4 74.7 77.6 78.2 79.5 83.9 87.5 89.1 92.5 93.8 93.3 94.8 96.3 97.6 98.8 99.8 100 100 100 99.8 99.9 0.00 0.00 0.00 0.00 
69.3 71.1 73.2 75.7 77.6 78.6 79.6 84.7 87.7 88.3 92.4 93.7 95.4 94.8 96.5 97.7 98.6 99.9 99.9 100 100 100 0.00 0.00 0.00 0.00 0.00 
69.5 71.1 72.8 75.6 77.1 78.6 80.5 84.4 87.1 88.6 91.7 92.7 95.6 96.0 97.0 97.9 99.3 100 100 100 100 100 0.00 0.00 0.00 0.00 0.00 
69.6 71.0 72.6 75.1 77.6 79.8 80.5 83.3 87.3 88.1 90.4 93.2 95.4 95.7 96.5 97.8 99.3 100 101 101 101 0.00 0.00 0.00 0.00 0.00 0.00 
69.9 71.2 72.8 75.1 78.2 79.7 80.7 83.2 85.6 88.7 90.0 92.3 95.1 95.6 96.2 97.8 99.4 99.3 100 100 102 0.00 0.00 0.00 0.00 0.00 0.00 
70.1 71.3 73.0 74.9 77.2 80.6 82.0 82.1 86.5 88.9 89.8 90.8 94.2 94.9 94.7 96.6 97.7 98.8 98.7 99.0 0.00 0.00 0.00 0.00 0.00 0.00 0.00 
70.3 71.7 73.5 75.0 77.1 79.2 80.7 82.5 86.9 88.2 88.8 92.2 93.8 93.8 93.4 96.0 97.7 98.6 98.0 0.00 0.00 0.00 0.00 0.00 0.00 0.00 0.00 
71.2 72.5 74.8 76.7 78.9 81.1 81.2 84.2 87.1 87.4 89.1 90.9 92.9 91.4 92.5 94.2 96.1 97.6 98.3 0.00 0.00 0.00 0.00 0.00 0.00 0.00 0.00 
71.8 73.6 75.8 77.9 79.3 80.3 82.4 82.1 83.9 87.1 88.4 91.1 92.5 90.5 91.4 94.6 96.3 97.5 98.1 0.00 0.00 0.00 0.00 0.00 0.00 0.00 0.00 
72.8 75.4 76.2 77.8 79.3 81.1 81.3 83.2 85.2 84.2 85.7 89.0 91.9 89.5 92.1 92.9 94.5 95.1 0.00 0.00 0.00 0.00 0.00 0.00 0.00 0.00 0.00 
73.4 76.2 78.0 79.8 81.3 82.3 82.4 84.3 87.1 86.5 85.8 88.4 91.9 92.1 0.00 0.00 0.00 0.00 0.00 0.00 0.00 0.00 0.00 0.00 0.00 0.00 0.00 
74.3 77.0 79.1 81.1 81.4 80.9 82.4 85.6 87.3 88.1 89.2 88.1 90.7 90.1 88.4 0.00 0.00 0.00 0.00 0.00 0.00 0.00 0.00 0.00 0.00 0.00 0.00 
