2016_CCC_ARR_IFD/catchment_depth_90min_50000aep.txt.asc
ncols         27
nrows         23
xllcorner     150.975
yllcorner     -33.6
cellsize      0.025
NODATA_value  -9999
27.7 27.6 27.9 28.2 28.0 27.9 27.9 28.3 28.8 29.5 30.4 30.7 30.9 31.6 31.8 32.2 32.2 32.5 32.9 33.3 33.7 34.0 34.4 34.7 35.1 35.4 35.7 
27.9 27.9 28.1 28.3 28.4 28.4 28.4 28.7 29.3 30.1 30.8 31.4 31.5 31.7 32.2 32.0 32.3 32.8 33.3 33.7 34.0 34.4 34.7 35.0 35.3 35.6 35.9 
27.8 28.1 28.4 28.5 28.6 28.7 28.9 29.1 29.9 30.4 31.0 31.4 31.6 31.6 32.3 32.8 32.7 33.0 33.6 34.0 34.4 34.7 35.0 35.3 35.6 35.9 36.2 
28.1 28.2 28.6 28.3 28.6 28.8 29.4 29.5 29.9 30.5 31.1 31.3 31.7 32.0 32.5 32.6 32.9 33.5 34.0 34.4 34.7 35.0 35.3 35.6 35.9 36.1 36.4 
28.2 28.3 28.7 28.5 28.8 29.2 29.6 29.9 30.5 31.2 31.3 31.3 32.1 32.1 32.7 32.9 33.3 33.9 34.4 34.7 35.1 35.4 35.6 35.9 36.1 36.4 36.6 
28.2 28.6 28.7 28.6 29.2 29.4 29.6 30.1 30.9 31.6 31.5 31.8 32.1 32.5 32.9 33.5 33.8 34.2 34.6 35.2 35.5 35.7 36.0 36.2 36.4 36.6 36.8 
28.3 28.5 28.6 28.9 29.5 29.6 30.0 30.5 31.2 31.9 31.9 32.1 32.4 33.0 33.2 34.0 34.3 34.6 35.1 35.6 35.9 36.1 36.3 36.4 36.6 36.8 37.1 
28.4 28.8 29.1 29.5 29.9 29.8 30.4 31.1 31.7 32.3 32.2 32.3 32.8 33.2 33.6 34.1 34.8 35.4 35.7 36.0 36.3 36.4 36.5 36.7 36.8 37.0 0.00 
28.6 29.0 29.3 29.8 30.0 30.2 30.6 31.6 31.9 32.7 33.1 32.9 33.1 33.6 34.0 34.6 35.3 35.9 36.3 36.5 36.6 36.7 36.8 36.9 37.0 37.2 0.00 
28.7 29.0 29.5 29.8 30.3 30.5 30.8 31.4 31.9 33.0 33.4 33.5 34.0 33.9 34.5 34.9 35.7 36.3 36.8 36.8 36.9 36.9 37.0 37.1 0.00 0.00 0.00 
28.9 29.2 29.5 29.8 30.5 30.7 31.2 32.0 32.5 33.5 34.0 33.6 33.9 34.6 34.7 35.1 35.9 36.6 37.0 37.1 37.1 37.1 37.2 37.2 37.4 0.00 0.00 
29.0 29.3 29.7 30.2 30.8 31.0 31.3 32.2 33.1 33.4 34.3 34.6 34.2 34.6 35.0 35.4 35.9 36.6 36.9 37.1 37.2 37.3 37.4 0.00 0.00 0.00 0.00 
29.1 29.4 29.9 30.5 30.9 31.1 31.4 32.5 33.2 33.3 34.3 34.6 35.0 34.7 35.1 35.6 36.1 36.5 36.9 37.1 37.3 37.4 0.00 0.00 0.00 0.00 0.00 
29.2 29.5 29.9 30.5 30.9 31.3 31.7 32.5 33.2 33.5 34.2 34.4 35.2 35.1 35.3 35.7 36.1 36.5 36.9 37.1 37.3 37.5 0.00 0.00 0.00 0.00 0.00 
29.4 29.7 30.0 30.5 31.1 31.6 31.9 32.4 33.3 33.5 34.0 34.7 35.3 35.2 35.3 35.7 36.2 36.6 36.9 37.2 37.5 0.00 0.00 0.00 0.00 0.00 0.00 
29.4 29.8 30.2 30.6 31.3 31.7 32.0 32.6 33.1 33.8 34.1 34.6 35.3 35.3 35.3 35.8 36.4 36.6 37.0 37.2 37.7 0.00 0.00 0.00 0.00 0.00 0.00 
29.5 29.8 30.3 30.8 31.3 32.0 32.4 32.6 33.4 34.0 34.2 34.5 35.3 35.4 35.4 35.8 36.2 36.6 36.9 37.2 0.00 0.00 0.00 0.00 0.00 0.00 0.00 
29.6 29.9 30.4 31.0 31.4 31.9 32.4 32.9 33.7 34.1 34.3 35.0 35.4 35.4 35.5 36.0 36.4 36.8 37.0 0.00 0.00 0.00 0.00 0.00 0.00 0.00 0.00 
30.0 30.2 30.7 31.2 31.8 32.3 32.6 33.3 33.9 34.2 34.6 35.0 35.5 35.4 35.7 36.1 36.5 36.9 37.2 0.00 0.00 0.00 0.00 0.00 0.00 0.00 0.00 
30.2 30.5 31.0 31.5 32.0 32.4 32.9 33.2 33.7 34.4 34.8 35.4 35.8 35.6 35.9 36.5 36.9 37.3 37.5 0.00 0.00 0.00 0.00 0.00 0.00 0.00 0.00 
30.5 30.9 31.2 31.7 32.1 32.7 33.0 33.6 34.1 34.3 34.7 35.4 36.0 35.8 36.3 36.6 37.0 37.2 0.00 0.00 0.00 0.00 0.00 0.00 0.00 0.00 0.00 
30.7 31.2 31.6 32.1 32.6 33.0 33.3 33.9 34.6 34.9 35.0 35.6 36.3 36.6 0.00 0.00 0.00 0.00 0.00 0.00 0.00 0.00 0.00 0.00 0.00 0.00 0.00 
31.0 31.5 31.9 32.4 32.7 33.0 33.6 34.2 34.8 35.3 35.8 35.9 36.5 36.6 36.5 0.00 0.00 0.00 0.00 0.00 0.00 0.00 0.00 0.00 0.00 0.00 0.00 
