2016_CCC_ARR_IFD/catchment_depth_180min_63212aep.txt.asc
ncols         27
nrows         23
xllcorner     150.975
yllcorner     -33.6
cellsize      0.025
NODATA_value  -9999
30.2 30.2 30.7 31.0 30.8 30.6 30.6 31.1 31.7 32.6 33.7 34.1 34.3 35.2 35.5 36.0 35.7 36.0 36.5 37.0 37.4 37.8 38.2 38.5 38.9 39.2 39.5 
30.6 30.6 30.8 31.2 31.3 31.3 31.3 31.7 32.3 33.3 34.4 35.2 35.2 35.4 36.1 35.6 35.8 36.5 37.0 37.5 37.9 38.2 38.6 38.9 39.3 39.6 39.9 
30.5 30.8 31.3 31.5 31.5 31.7 31.9 32.2 33.1 33.8 34.5 35.1 35.2 35.1 36.1 36.7 36.5 36.6 37.4 38.0 38.4 38.7 39.1 39.4 39.7 40.0 40.3 
30.9 31.0 31.6 31.2 31.5 31.8 32.6 32.7 33.1 33.9 34.6 34.9 35.4 35.7 36.4 36.3 36.7 37.4 38.0 38.5 38.9 39.2 39.6 39.8 40.1 40.4 40.7 
31.0 31.2 31.7 31.4 31.9 32.3 32.8 33.2 34.0 34.9 34.9 34.9 35.8 35.8 36.5 36.7 37.2 38.0 38.6 39.0 39.5 39.8 40.0 40.3 40.5 40.8 41.0 
31.0 31.6 31.7 31.6 32.4 32.6 32.9 33.4 34.5 35.3 35.2 35.5 35.9 36.3 36.8 37.5 37.9 38.4 38.9 39.7 40.1 40.3 40.5 40.7 40.9 41.2 41.4 
31.0 31.5 31.7 32.0 32.8 32.9 33.4 34.0 34.9 35.9 35.7 35.9 36.3 37.1 37.3 38.2 38.7 39.0 39.7 40.3 40.6 40.8 41.0 41.1 41.3 41.6 41.8 
31.2 31.9 32.4 32.8 33.3 33.2 33.9 34.8 35.6 36.4 36.1 36.3 36.8 37.3 37.8 38.5 39.4 40.1 40.5 40.9 41.2 41.3 41.4 41.5 41.7 41.8 0.00 
31.5 32.2 32.6 33.3 33.5 33.8 34.2 35.5 35.8 36.8 37.3 37.1 37.3 37.9 38.4 39.2 40.1 40.8 41.3 41.5 41.7 41.7 41.8 41.8 41.9 42.1 0.00 
31.7 32.1 32.8 33.3 33.9 34.1 34.5 35.3 35.9 37.3 37.7 37.9 38.4 38.3 39.0 39.6 40.6 41.4 42.0 42.0 42.1 42.0 42.1 42.1 0.00 0.00 0.00 
31.9 32.3 32.8 33.2 34.2 34.4 35.0 36.0 36.7 37.9 38.5 38.0 38.3 39.2 39.3 39.8 40.9 41.7 42.3 42.3 42.3 42.3 42.3 42.4 42.5 0.00 0.00 
32.0 32.4 33.0 33.7 34.6 34.8 35.1 36.4 37.5 37.8 39.0 39.2 38.8 39.2 39.7 40.2 40.8 41.7 42.1 42.3 42.4 42.5 42.6 0.00 0.00 0.00 0.00 
32.2 32.7 33.4 34.1 34.7 35.0 35.4 36.8 37.7 37.7 39.0 39.3 39.9 39.4 39.9 40.4 41.0 41.6 42.0 42.3 42.4 42.6 0.00 0.00 0.00 0.00 0.00 
32.4 32.8 33.4 34.2 34.7 35.2 35.8 36.9 37.7 38.0 38.9 39.1 40.1 40.0 40.2 40.5 41.1 41.5 42.0 42.2 42.5 42.6 0.00 0.00 0.00 0.00 0.00 
32.6 33.0 33.5 34.2 35.0 35.7 36.0 36.8 37.9 38.1 38.7 39.6 40.3 40.0 40.0 40.5 41.1 41.6 42.0 42.3 42.6 0.00 0.00 0.00 0.00 0.00 0.00 
32.6 33.2 33.7 34.4 35.3 35.9 36.3 37.0 37.7 38.6 38.9 39.5 40.4 40.2 40.0 40.6 41.3 41.5 42.0 42.3 42.9 0.00 0.00 0.00 0.00 0.00 0.00 
32.8 33.2 34.0 34.6 35.3 36.3 36.8 37.2 38.2 38.9 39.2 39.4 40.3 40.3 40.0 40.6 41.0 41.5 41.8 42.2 0.00 0.00 0.00 0.00 0.00 0.00 0.00 
32.9 33.4 34.1 34.9 35.6 36.3 36.9 37.6 38.6 39.1 39.4 40.2 40.6 40.4 40.3 40.8 41.3 41.6 41.9 0.00 0.00 0.00 0.00 0.00 0.00 0.00 0.00 
33.4 33.8 34.5 35.2 36.0 36.8 37.3 38.2 38.9 39.4 39.9 40.3 40.8 40.3 40.5 40.9 41.4 41.9 42.3 0.00 0.00 0.00 0.00 0.00 0.00 0.00 0.00 
33.8 34.3 34.9 35.7 36.3 37.0 37.8 38.3 39.0 39.8 40.3 40.8 41.2 40.6 40.8 41.6 42.1 42.4 42.7 0.00 0.00 0.00 0.00 0.00 0.00 0.00 0.00 
34.1 34.8 35.2 35.9 36.6 37.3 38.0 38.8 39.6 39.6 40.1 40.9 41.5 40.9 41.5 41.7 42.1 42.3 0.00 0.00 0.00 0.00 0.00 0.00 0.00 0.00 0.00 
34.5 35.2 35.8 36.4 37.0 37.7 38.3 39.1 39.9 40.5 40.6 41.2 41.9 42.1 0.00 0.00 0.00 0.00 0.00 0.00 0.00 0.00 0.00 0.00 0.00 0.00 0.00 
34.8 35.5 36.1 36.8 37.2 37.8 38.5 39.4 40.2 40.8 41.4 41.5 42.1 42.1 41.6 0.00 0.00 0.00 0.00 0.00 0.00 0.00 0.00 0.00 0.00 0.00 0.00 
