2016_CCC_ARR_IFD/catchment_depth_8640min_86466aep.txt.asc
ncols         27
nrows         23
xllcorner     150.975
yllcorner     -33.6
cellsize      0.025
NODATA_value  -9999
88.1 86.8 91.9 94.4 91.0 86.9 84.6 88.0 91.0 97.5 105 107 106 113 113 116 107 98.1 99.6 101 102 104 106 106 107 107 108 
92.3 91.9 92.8 95.7 95.0 93.0 89.7 91.1 95.5 103 111 117 114 113 118 107 102 99.5 99.8 101 103 104 106 106 107 108 109 
89.3 93.5 97.7 97.3 95.2 95.1 94.1 94.1 102 106 111 114 111 106 115 119 110 105 103 102 104 105 106 107 108 109 110 
94.7 94.7 99.2 92.1 93.0 93.5 99.8 97.8 98.6 104 109 108 110 110 115 108 108 104 104 104 106 106 107 108 109 110 113 
94.9 94.3 98.8 92.1 95.2 97.0 99.7 101 107 114 110 104 112 106 112 107 110 106 106 107 108 108 108 109 110 112 113 
92.5 99.1 97.2 91.8 99.2 97.1 96.1 99.2 109 116 109 109 108 108 112 106 109 110 111 108 109 109 110 110 112 114 113 
89.2 94.5 92.7 93.9 101 96.8 100 104 111 118 112 110 105 116 112 107 110 112 112 111 110 111 112 112 114 116 118 
88.4 97.8 101 103 105 97.4 103 110 115 121 113 107 110 112 116 114 111 111 112 112 112 113 113 112 113 114 0.00 
91.3 100 101 106 104 103 102 115 114 122 124 117 113 113 116 114 113 113 113 113 114 113 113 114 114 114 0.00 
93.8 94.4 102 103 106 103 102 109 111 123 124 122 125 118 115 117 114 114 114 116 115 115 115 115 0.00 0.00 0.00 
93.2 94.9 97.5 95.7 107 104 107 114 118 127 130 121 120 127 122 122 118 116 116 116 116 116 117 117 118 0.00 0.00 
90.0 92.9 98.2 103 110 105 104 116 124 123 131 130 123 123 124 124 123 120 118 118 118 118 118 0.00 0.00 0.00 0.00 
91.3 96.6 101 106 109 106 104 118 123 120 129 129 132 123 124 123 122 123 120 120 119 119 0.00 0.00 0.00 0.00 0.00 
91.8 95.3 97.6 105 105 105 107 116 121 121 127 126 133 129 127 126 127 128 124 122 122 121 0.00 0.00 0.00 0.00 0.00 
89.2 92.5 95.1 102 107 110 107 112 121 119 123 128 133 128 127 128 129 130 129 125 126 0.00 0.00 0.00 0.00 0.00 0.00 
93.4 93.4 94.7 101 108 109 107 112 116 122 122 126 132 129 129 130 132 128 128 126 133 0.00 0.00 0.00 0.00 0.00 0.00 
95.0 95.6 95.2 98.4 103 112 112 109 119 123 123 123 130 129 130 130 129 129 126 125 0.00 0.00 0.00 0.00 0.00 0.00 0.00 
95.0 97.2 98.0 98.2 102 106 108 111 121 122 121 128 130 128 127 130 130 129 126 0.00 0.00 0.00 0.00 0.00 0.00 0.00 0.00 
94.4 97.6 103 105 109 113 109 116 122 120 123 125 129 124 125 127 128 129 129 0.00 0.00 0.00 0.00 0.00 0.00 0.00 0.00 
95.0 99.9 105 109 110 109 113 111 114 120 122 127 129 123 123 128 130 131 130 0.00 0.00 0.00 0.00 0.00 0.00 0.00 0.00 
97.8 105 105 107 109 112 111 114 118 114 116 123 128 121 125 125 127 126 0.00 0.00 0.00 0.00 0.00 0.00 0.00 0.00 0.00 
98.7 106 110 113 116 116 114 118 124 121 118 122 129 128 0.00 0.00 0.00 0.00 0.00 0.00 0.00 0.00 0.00 0.00 0.00 0.00 0.00 
101 108 112 117 115 113 116 122 126 126 127 123 127 124 118 0.00 0.00 0.00 0.00 0.00 0.00 0.00 0.00 0.00 0.00 0.00 0.00 
