2016_CCC_ARR_IFD/catchment_depth_270min_86466aep.txt.asc
ncols         27
nrows         23
xllcorner     150.975
yllcorner     -33.6
cellsize      0.025
NODATA_value  -9999
27.2 27.1 27.8 28.2 27.9 27.6 27.6 28.1 28.7 29.7 30.9 31.4 31.4 32.5 32.7 33.2 32.7 32.5 32.9 33.3 33.7 34.1 34.5 34.7 35.0 35.2 35.5 
27.7 27.7 27.9 28.4 28.4 28.4 28.2 28.6 29.3 30.5 31.6 32.6 32.4 32.6 33.4 32.5 32.5 32.9 33.3 33.7 34.1 34.4 34.8 35.0 35.3 35.6 35.8 
27.4 27.9 28.5 28.6 28.6 28.7 28.9 29.1 30.2 30.9 31.7 32.3 32.3 32.0 33.2 33.9 33.3 33.2 33.7 34.1 34.5 34.8 35.1 35.4 35.7 35.9 36.1 
28.0 28.1 28.7 28.2 28.4 28.7 29.6 29.7 30.0 30.9 31.7 31.9 32.3 32.6 33.4 33.0 33.3 33.7 34.2 34.6 35.0 35.3 35.5 35.8 36.0 36.3 36.6 
28.0 28.1 28.8 28.3 28.8 29.2 29.8 30.2 31.0 32.1 31.9 31.7 32.8 32.5 33.3 33.2 33.8 34.2 34.7 35.2 35.5 35.8 36.0 36.2 36.4 36.7 36.9 
27.9 28.7 28.7 28.4 29.4 29.4 29.6 30.2 31.4 32.4 32.0 32.3 32.6 32.9 33.5 33.8 34.3 34.7 35.2 35.7 36.0 36.2 36.4 36.6 36.8 37.1 37.1 
27.8 28.4 28.4 28.8 29.7 29.6 30.2 30.8 31.8 32.9 32.6 32.7 32.8 33.8 33.9 34.4 34.9 35.3 35.8 36.3 36.5 36.7 36.8 37.0 37.2 37.4 37.7 
27.8 28.8 29.3 29.8 30.3 29.9 30.7 31.7 32.6 33.4 32.9 32.8 33.3 33.8 34.4 34.9 35.5 36.1 36.5 36.8 37.0 37.1 37.2 37.2 37.4 37.5 0.00 
28.1 29.2 29.5 30.3 30.3 30.5 30.8 32.4 32.7 33.8 34.3 33.8 33.8 34.3 34.8 35.4 36.1 36.7 37.1 37.4 37.4 37.4 37.5 37.5 37.6 37.7 0.00 
28.5 28.8 29.7 30.1 30.8 30.8 31.0 32.0 32.6 34.2 34.6 34.7 35.2 34.8 35.3 35.9 36.6 37.3 37.8 37.8 37.8 37.7 37.7 37.8 0.00 0.00 0.00 
28.5 29.0 29.5 29.7 31.0 31.0 31.7 32.8 33.5 34.8 35.5 34.7 34.8 35.9 35.8 36.2 36.9 37.6 38.0 38.0 38.0 37.9 38.0 38.1 38.1 0.00 0.00 
28.4 28.9 29.7 30.5 31.5 31.4 31.6 33.2 34.4 34.6 35.9 36.1 35.3 35.7 36.1 36.5 37.0 37.5 37.8 38.0 38.0 38.1 38.2 0.00 0.00 0.00 0.00 
28.6 29.4 30.1 31.0 31.5 31.6 31.8 33.6 34.5 34.4 35.8 36.0 36.6 35.7 36.2 36.6 37.0 37.5 37.7 37.9 38.0 38.1 0.00 0.00 0.00 0.00 0.00 
28.8 29.4 29.9 31.0 31.3 31.8 32.3 33.6 34.4 34.7 35.6 35.7 36.9 36.5 36.5 36.7 37.1 37.6 37.7 37.8 38.1 38.2 0.00 0.00 0.00 0.00 0.00 
28.8 29.3 29.9 30.8 31.7 32.4 32.5 33.3 34.6 34.7 35.3 36.2 36.9 36.5 36.2 36.6 37.2 37.7 38.0 37.9 38.3 0.00 0.00 0.00 0.00 0.00 0.00 
29.2 29.6 30.1 31.0 32.0 32.5 32.8 33.5 34.2 35.1 35.4 36.0 37.0 36.6 36.2 36.7 37.5 37.3 37.8 37.9 38.9 0.00 0.00 0.00 0.00 0.00 0.00 
29.4 29.8 30.3 31.0 31.8 32.9 33.4 33.5 34.8 35.5 35.7 35.8 36.8 36.6 36.1 36.6 37.0 37.4 37.5 37.8 0.00 0.00 0.00 0.00 0.00 0.00 0.00 
29.5 30.0 30.6 31.2 32.0 32.7 33.3 34.0 35.2 35.6 35.7 36.7 37.0 36.6 36.2 36.8 37.3 37.5 37.6 0.00 0.00 0.00 0.00 0.00 0.00 0.00 0.00 
29.9 30.4 31.2 31.9 32.6 33.4 33.7 34.7 35.5 35.8 36.3 36.7 37.2 36.3 36.5 36.8 37.3 37.7 38.0 0.00 0.00 0.00 0.00 0.00 0.00 0.00 0.00 
30.2 30.8 31.6 32.3 32.9 33.4 34.3 34.6 35.3 36.2 36.6 37.2 37.5 36.6 36.6 37.5 38.0 38.3 38.4 0.00 0.00 0.00 0.00 0.00 0.00 0.00 0.00 
30.6 31.5 31.8 32.4 33.1 33.8 34.3 35.2 36.0 35.8 36.2 37.1 37.7 36.8 37.4 37.5 37.9 37.9 0.00 0.00 0.00 0.00 0.00 0.00 0.00 0.00 0.00 
31.0 31.8 32.4 33.1 33.7 34.2 34.8 35.6 36.4 36.8 36.7 37.3 38.1 38.1 0.00 0.00 0.00 0.00 0.00 0.00 0.00 0.00 0.00 0.00 0.00 0.00 0.00 
31.3 32.1 32.8 33.5 33.8 34.2 34.9 35.9 36.6 37.2 37.6 37.6 38.2 37.9 37.2 0.00 0.00 0.00 0.00 0.00 0.00 0.00 0.00 0.00 0.00 0.00 0.00 
