2016_CCC_ARR_IFD/catchment_depth_5760min_18127aep.txt.asc
ncols         27
nrows         23
xllcorner     150.975
yllcorner     -33.6
cellsize      0.025
NODATA_value  -9999
175 172 182 187 180 172 168 176 183 196 213 217 215 230 231 237 225 211 214 217 219 223 228 227 226 226 226 
183 183 184 190 189 185 179 182 192 207 223 236 231 230 241 223 218 213 214 216 220 223 225 226 226 226 226 
179 186 195 194 190 190 188 189 204 213 223 231 226 220 237 245 232 225 220 218 220 223 224 225 227 228 228 
190 190 198 185 186 187 200 197 199 210 221 221 226 227 237 228 229 221 222 221 224 225 226 228 228 230 234 
191 190 199 186 192 195 201 204 215 229 223 214 231 222 234 226 233 225 225 228 227 227 227 229 230 233 233 
188 200 196 186 200 197 196 202 220 233 223 224 225 227 234 223 231 234 235 228 229 230 230 230 233 236 233 
182 192 189 191 205 198 204 211 225 240 230 227 219 241 235 224 231 237 236 232 231 232 232 233 235 239 242 
182 200 206 210 215 200 212 225 235 246 233 223 228 233 242 238 232 232 235 233 232 234 235 233 234 235 0.00 
189 206 208 217 213 211 210 235 235 250 254 242 236 235 242 238 235 235 234 235 236 234 234 234 235 235 0.00 
195 196 210 213 219 213 211 225 230 254 257 254 260 245 240 244 236 237 237 239 238 236 236 237 0.00 0.00 0.00 
194 198 203 199 222 215 221 237 245 264 270 252 249 264 255 255 244 241 239 239 239 239 240 241 241 0.00 0.00 
189 194 205 215 229 220 217 242 259 257 275 273 256 257 258 257 255 248 243 242 242 241 242 0.00 0.00 0.00 0.00 
192 203 212 223 227 221 217 247 259 251 271 271 277 255 258 255 252 253 247 245 245 244 0.00 0.00 0.00 0.00 0.00 
194 202 206 221 221 221 224 244 253 253 266 263 279 268 264 260 262 264 255 249 250 246 0.00 0.00 0.00 0.00 0.00 
190 196 201 216 225 231 224 234 255 249 256 268 277 267 263 264 265 267 266 256 259 0.00 0.00 0.00 0.00 0.00 0.00 
200 199 201 215 230 230 226 234 242 255 255 262 275 268 266 268 271 263 263 258 271 0.00 0.00 0.00 0.00 0.00 0.00 
204 205 203 209 219 237 236 227 250 257 255 256 269 267 267 268 265 264 258 255 0.00 0.00 0.00 0.00 0.00 0.00 0.00 
205 210 210 209 217 224 226 231 253 254 251 266 269 264 260 266 267 265 257 0.00 0.00 0.00 0.00 0.00 0.00 0.00 0.00 
205 211 222 226 233 240 230 244 256 250 254 259 266 255 256 258 262 263 262 0.00 0.00 0.00 0.00 0.00 0.00 0.00 0.00 
206 217 227 234 235 232 239 231 236 249 251 262 265 251 251 261 265 266 265 0.00 0.00 0.00 0.00 0.00 0.00 0.00 0.00 
213 229 227 230 234 239 233 239 245 235 239 251 263 246 255 254 258 256 0.00 0.00 0.00 0.00 0.00 0.00 0.00 0.00 0.00 
216 233 240 246 249 248 241 247 260 249 241 250 266 261 0.00 0.00 0.00 0.00 0.00 0.00 0.00 0.00 0.00 0.00 0.00 0.00 0.00 
222 236 246 254 249 239 244 258 263 262 263 250 260 251 239 0.00 0.00 0.00 0.00 0.00 0.00 0.00 0.00 0.00 0.00 0.00 0.00 
