2016_CCC_ARR_IFD/catchment_depth_2880min_05000aep.txt.asc
ncols         27
nrows         23
xllcorner     150.975
yllcorner     -33.6
cellsize      0.025
NODATA_value  -9999
198 197 207 213 207 200 197 206 214 229 247 252 252 267 270 276 266 253 258 263 266 272 278 278 278 278 278 
207 207 210 217 216 214 208 213 224 240 258 272 267 268 279 263 259 255 257 261 266 271 274 275 276 277 277 
203 212 221 221 218 219 218 220 237 246 258 266 264 258 276 285 273 266 263 262 266 269 271 273 276 277 277 
215 216 225 213 216 218 231 229 232 245 256 257 263 266 277 268 270 262 264 265 269 270 272 275 276 278 283 
217 217 226 215 222 226 233 237 249 264 258 251 269 260 273 265 273 266 267 271 271 272 272 275 276 280 281 
214 228 225 216 231 229 228 236 254 269 259 261 263 265 273 262 271 275 277 271 272 273 274 275 278 282 279 
210 221 219 222 237 230 238 246 260 276 267 265 257 281 275 264 271 278 278 274 274 275 276 276 279 284 288 
210 229 236 242 247 233 246 261 272 284 271 261 267 272 282 278 273 273 276 275 274 276 277 275 277 278 0.00 
217 236 239 249 246 245 245 272 273 289 294 281 275 274 282 278 275 276 276 277 277 276 275 275 277 277 0.00 
224 226 242 246 253 248 247 262 268 294 298 295 302 285 280 285 276 277 278 280 279 277 277 277 0.00 0.00 0.00 
225 229 235 233 257 251 258 275 285 305 312 293 290 307 295 295 284 281 280 280 279 279 280 280 280 0.00 0.00 
220 227 239 250 265 257 254 281 300 299 318 317 297 298 298 297 295 288 283 282 281 281 281 0.00 0.00 0.00 0.00 
225 236 246 259 264 259 255 287 300 291 315 314 321 295 297 295 291 293 286 284 284 283 0.00 0.00 0.00 0.00 0.00 
228 236 241 257 258 259 263 284 294 294 309 304 323 310 304 299 301 303 294 288 288 285 0.00 0.00 0.00 0.00 0.00 
224 231 238 253 263 270 263 274 297 290 297 310 320 307 301 302 304 306 305 295 297 0.00 0.00 0.00 0.00 0.00 0.00 
235 235 238 253 269 270 265 274 282 297 296 303 318 308 303 306 310 300 301 295 311 0.00 0.00 0.00 0.00 0.00 0.00 
241 242 241 248 259 278 277 267 291 300 296 295 311 306 303 304 302 301 295 292 0.00 0.00 0.00 0.00 0.00 0.00 0.00 
242 248 249 248 257 264 266 272 296 296 291 308 310 302 296 302 304 302 294 0.00 0.00 0.00 0.00 0.00 0.00 0.00 0.00 
243 250 262 267 275 282 272 286 299 292 295 300 306 292 292 295 298 300 299 0.00 0.00 0.00 0.00 0.00 0.00 0.00 0.00 
246 257 268 276 277 275 282 273 277 291 293 303 305 288 288 298 303 304 302 0.00 0.00 0.00 0.00 0.00 0.00 0.00 0.00 
254 270 269 272 276 281 275 281 287 276 278 292 303 284 292 291 295 292 0.00 0.00 0.00 0.00 0.00 0.00 0.00 0.00 0.00 
258 275 283 289 292 291 284 290 302 291 281 290 306 300 0.00 0.00 0.00 0.00 0.00 0.00 0.00 0.00 0.00 0.00 0.00 0.00 0.00 
265 280 289 297 292 282 286 300 304 303 303 290 299 289 275 0.00 0.00 0.00 0.00 0.00 0.00 0.00 0.00 0.00 0.00 0.00 0.00 
