2016_CCC_ARR_IFD/catchment_depth_10080min_01000aep.txt.asc
ncols         27
nrows         23
xllcorner     150.975
yllcorner     -33.6
cellsize      0.025
NODATA_value  -9999
352 347 366 376 365 349 344 359 373 399 430 440 440 467 472 485 468 450 460 469 471 482 492 492 488 489 488 
369 368 371 382 381 373 364 372 390 419 450 475 468 469 490 463 459 456 460 468 474 481 486 489 487 488 489 
360 376 391 390 384 382 381 385 413 430 451 466 461 454 484 501 482 474 471 472 475 480 483 487 489 490 490 
382 382 399 375 379 383 403 400 406 427 447 451 462 467 487 475 480 471 475 476 481 484 487 490 489 493 502 
385 384 401 377 389 398 409 413 434 461 452 442 472 461 483 473 488 477 481 488 486 487 487 488 491 498 499 
379 403 398 380 406 402 401 415 444 468 455 460 467 473 484 469 486 493 498 488 487 490 492 490 496 503 498 
371 390 385 391 416 404 418 432 457 481 472 470 459 499 492 471 486 499 499 491 491 494 495 493 499 507 514 
371 405 417 426 435 409 432 458 477 498 479 464 476 487 504 497 489 490 497 492 492 496 495 492 495 498 0.00 
384 418 421 439 433 431 432 479 480 508 518 499 490 491 505 497 494 495 493 496 498 495 492 493 495 495 0.00 
396 397 428 432 445 436 435 462 473 519 527 522 534 510 503 509 495 495 497 502 501 498 495 496 0.00 0.00 0.00 
393 401 412 408 452 442 454 485 503 537 552 519 515 544 529 530 509 504 500 501 501 500 500 502 503 0.00 0.00 
384 396 417 437 463 450 447 494 528 528 562 561 528 532 534 534 528 517 505 504 504 504 503 0.00 0.00 0.00 0.00 
391 412 430 452 461 454 448 504 528 515 556 556 569 528 534 531 522 526 515 508 508 507 0.00 0.00 0.00 0.00 0.00 
395 410 419 449 450 453 461 499 518 519 545 540 570 550 545 539 542 543 529 518 515 510 0.00 0.00 0.00 0.00 0.00 
387 401 412 439 458 472 457 478 521 508 522 546 566 547 542 544 548 548 546 529 534 0.00 0.00 0.00 0.00 0.00 0.00 
407 407 412 439 467 467 460 477 493 519 519 535 561 548 548 550 556 537 539 529 556 0.00 0.00 0.00 0.00 0.00 0.00 
415 418 416 428 446 481 480 464 507 524 520 520 548 545 548 549 543 541 527 522 0.00 0.00 0.00 0.00 0.00 0.00 0.00 
418 427 430 427 443 456 460 469 512 513 508 536 543 536 528 540 545 537 524 0.00 0.00 0.00 0.00 0.00 0.00 0.00 0.00 
419 431 451 460 473 486 467 493 516 504 513 522 535 516 518 526 528 532 531 0.00 0.00 0.00 0.00 0.00 0.00 0.00 0.00 
420 440 460 475 478 471 484 468 477 503 507 526 531 504 509 525 533 536 535 0.00 0.00 0.00 0.00 0.00 0.00 0.00 0.00 
436 465 462 469 473 482 472 479 490 474 480 504 526 494 510 509 517 514 0.00 0.00 0.00 0.00 0.00 0.00 0.00 0.00 0.00 
442 474 485 496 503 500 484 495 518 496 480 500 526 520 0.00 0.00 0.00 0.00 0.00 0.00 0.00 0.00 0.00 0.00 0.00 0.00 0.00 
452 481 498 513 500 481 488 513 522 519 520 495 513 495 476 0.00 0.00 0.00 0.00 0.00 0.00 0.00 0.00 0.00 0.00 0.00 0.00 
