2016_CCC_ARR_IFD/catchment_depth_1800min_20000aep.txt.asc
ncols         27
nrows         23
xllcorner     150.975
yllcorner     -33.6
cellsize      0.025
NODATA_value  -9999
115 114 120 123 120 117 115 120 124 132 142 144 144 153 154 157 152 144 147 149 150 153 156 156 156 156 156 
120 120 122 125 125 124 121 124 130 139 148 155 153 153 159 150 148 146 147 149 151 153 155 155 156 156 157 
117 122 127 128 126 127 127 128 137 142 148 153 151 148 158 163 156 151 150 150 152 153 154 156 157 158 158 
124 124 130 123 125 126 134 133 135 141 148 148 151 152 159 153 154 150 151 152 154 155 156 157 158 159 162 
125 125 130 124 128 131 134 137 144 152 149 145 155 150 157 152 157 153 154 156 156 157 157 158 159 161 162 
123 130 129 125 133 132 132 136 147 155 150 151 151 152 157 151 156 158 159 157 157 158 159 159 161 163 162 
120 127 125 128 136 132 137 142 150 159 154 153 148 161 158 152 157 160 161 159 159 160 161 161 163 165 167 
120 131 135 138 141 134 141 150 156 163 156 150 154 157 162 161 158 159 161 160 160 162 162 161 162 163 0.00 
124 134 136 142 141 140 140 156 156 166 169 161 158 158 162 161 160 161 161 162 163 162 162 162 163 163 0.00 
127 129 138 140 144 141 141 150 153 168 171 169 173 164 162 165 161 162 163 165 164 163 163 164 0.00 0.00 0.00 
127 130 133 132 146 143 147 157 163 174 178 167 166 176 170 170 165 164 165 165 165 165 166 166 167 0.00 0.00 
124 128 135 141 150 146 145 160 170 170 181 181 170 171 172 171 171 168 166 166 166 166 167 0.00 0.00 0.00 0.00 
126 133 139 146 149 147 145 163 170 166 179 179 183 169 171 170 169 170 167 167 167 167 0.00 0.00 0.00 0.00 0.00 
128 132 136 145 146 146 149 161 167 167 176 174 184 177 174 172 174 176 171 169 169 168 0.00 0.00 0.00 0.00 0.00 
125 130 133 142 148 152 149 155 168 165 169 177 183 176 172 173 175 177 177 172 174 0.00 0.00 0.00 0.00 0.00 0.00 
131 132 134 142 151 152 150 155 160 169 168 173 181 176 173 175 178 173 175 172 181 0.00 0.00 0.00 0.00 0.00 0.00 
134 135 135 139 145 156 156 152 165 170 169 168 177 175 172 174 173 174 171 170 0.00 0.00 0.00 0.00 0.00 0.00 0.00 
134 137 139 139 145 149 151 154 168 168 166 176 177 173 169 173 175 174 170 0.00 0.00 0.00 0.00 0.00 0.00 0.00 0.00 
135 139 145 149 154 158 154 162 169 166 169 171 175 167 167 169 171 173 173 0.00 0.00 0.00 0.00 0.00 0.00 0.00 0.00 
136 142 149 154 155 154 159 155 158 167 168 174 175 165 165 172 175 176 175 0.00 0.00 0.00 0.00 0.00 0.00 0.00 0.00 
140 150 149 152 154 158 156 160 164 158 160 168 174 163 168 168 170 169 0.00 0.00 0.00 0.00 0.00 0.00 0.00 0.00 0.00 
142 152 156 160 163 163 161 165 172 167 162 167 176 173 0.00 0.00 0.00 0.00 0.00 0.00 0.00 0.00 0.00 0.00 0.00 0.00 0.00 
146 154 160 165 163 159 162 170 174 174 174 167 173 167 159 0.00 0.00 0.00 0.00 0.00 0.00 0.00 0.00 0.00 0.00 0.00 0.00 
