2016_CCC_ARR_IFD/catchment_depth_360min_98168aep.txt.asc
ncols         27
nrows         23
xllcorner     150.975
yllcorner     -33.6
cellsize      0.025
NODATA_value  -9999
22.4 22.3 23.0 23.4 23.0 22.7 22.6 23.1 23.6 24.6 25.7 26.1 26.1 27.1 27.3 27.7 27.1 26.7 27.0 27.4 27.6 28.0 28.4 28.5 28.7 28.9 29.1 
22.9 22.9 23.1 23.5 23.5 23.5 23.2 23.6 24.2 25.3 26.4 27.3 27.1 27.1 27.9 26.9 26.8 26.9 27.3 27.6 27.9 28.2 28.5 28.7 29.0 29.2 29.4 
22.6 23.1 23.6 23.7 23.6 23.7 23.8 24.0 25.0 25.6 26.4 26.9 26.8 26.5 27.7 28.3 27.6 27.3 27.6 27.9 28.2 28.5 28.7 29.0 29.2 29.4 29.6 
23.1 23.2 23.8 23.2 23.4 23.6 24.5 24.5 24.8 25.5 26.3 26.4 26.8 27.0 27.7 27.3 27.5 27.6 28.0 28.3 28.6 28.9 29.1 29.3 29.5 29.7 30.1 
23.2 23.2 23.8 23.3 23.7 24.1 24.6 24.9 25.7 26.7 26.4 26.1 27.2 26.8 27.6 27.3 27.8 28.1 28.4 28.8 29.1 29.3 29.4 29.6 29.8 30.1 30.3 
23.0 23.8 23.7 23.3 24.2 24.2 24.3 24.9 26.0 27.0 26.5 26.7 26.9 27.1 27.6 27.7 28.1 28.5 28.9 29.2 29.5 29.6 29.8 29.9 30.2 30.4 30.4 
22.7 23.3 23.3 23.6 24.5 24.3 24.9 25.4 26.3 27.4 27.0 26.9 26.9 28.0 27.9 28.2 28.6 29.0 29.4 29.7 29.9 30.0 30.1 30.2 30.4 30.7 30.9 
22.7 23.7 24.2 24.7 25.1 24.5 25.3 26.3 27.0 27.8 27.2 26.9 27.4 27.8 28.4 28.7 29.1 29.5 29.9 30.1 30.2 30.4 30.4 30.4 30.6 30.7 0.00 
23.0 24.1 24.3 25.0 25.0 25.1 25.3 26.9 27.1 28.1 28.5 27.9 27.9 28.2 28.7 29.1 29.5 30.0 30.3 30.5 30.6 30.6 30.6 30.6 30.7 30.8 0.00 
23.3 23.6 24.5 24.8 25.4 25.3 25.4 26.3 26.8 28.4 28.7 28.7 29.2 28.7 28.9 29.4 29.9 30.4 30.8 30.9 30.9 30.8 30.8 30.9 0.00 0.00 0.00 
23.3 23.7 24.2 24.2 25.6 25.5 26.0 27.1 27.7 28.9 29.5 28.6 28.7 29.7 29.5 29.8 30.2 30.7 31.0 31.0 30.9 30.9 31.0 31.1 31.2 0.00 0.00 
23.1 23.6 24.3 25.1 26.0 25.8 25.9 27.4 28.5 28.7 29.8 29.9 29.1 29.4 29.7 30.0 30.4 30.7 30.9 31.0 31.0 31.0 31.1 0.00 0.00 0.00 0.00 
23.3 24.0 24.7 25.5 26.0 25.9 26.0 27.7 28.6 28.4 29.7 29.9 30.4 29.4 29.8 30.0 30.3 30.7 30.8 30.9 31.0 31.1 0.00 0.00 0.00 0.00 0.00 
23.4 24.0 24.4 25.4 25.7 26.0 26.4 27.7 28.4 28.6 29.5 29.5 30.6 30.1 30.1 30.1 30.5 30.9 30.8 30.8 31.0 31.1 0.00 0.00 0.00 0.00 0.00 
23.3 23.8 24.3 25.3 26.0 26.6 26.6 27.3 28.6 28.5 29.1 29.9 30.5 30.0 29.8 30.1 30.5 30.9 31.2 31.0 31.3 0.00 0.00 0.00 0.00 0.00 0.00 
23.7 24.0 24.4 25.3 26.3 26.6 26.8 27.5 28.1 29.0 29.1 29.7 30.6 30.2 29.7 30.1 30.8 30.6 30.9 30.9 31.9 0.00 0.00 0.00 0.00 0.00 0.00 
24.0 24.3 24.6 25.2 26.0 27.1 27.4 27.4 28.6 29.2 29.3 29.4 30.4 30.1 29.6 30.0 30.3 30.6 30.6 30.8 0.00 0.00 0.00 0.00 0.00 0.00 0.00 
24.1 24.5 25.0 25.4 26.1 26.7 27.2 27.8 29.0 29.3 29.4 30.2 30.5 30.1 29.6 30.2 30.6 30.7 30.6 0.00 0.00 0.00 0.00 0.00 0.00 0.00 0.00 
24.3 24.8 25.5 26.1 26.8 27.4 27.6 28.5 29.3 29.5 29.8 30.2 30.6 29.7 29.8 30.1 30.5 30.8 31.0 0.00 0.00 0.00 0.00 0.00 0.00 0.00 0.00 
24.6 25.2 25.9 26.5 27.0 27.4 28.1 28.3 28.9 29.8 30.1 30.6 30.8 29.9 29.9 30.7 31.1 31.3 31.4 0.00 0.00 0.00 0.00 0.00 0.00 0.00 0.00 
25.0 25.8 26.0 26.5 27.1 27.7 28.1 28.9 29.6 29.3 29.6 30.4 31.0 30.0 30.6 30.5 30.9 30.9 0.00 0.00 0.00 0.00 0.00 0.00 0.00 0.00 0.00 
25.2 26.1 26.6 27.2 27.7 28.1 28.5 29.2 30.0 30.3 30.0 30.6 31.3 31.2 0.00 0.00 0.00 0.00 0.00 0.00 0.00 0.00 0.00 0.00 0.00 0.00 0.00 
25.6 26.3 27.0 27.6 27.8 28.0 28.6 29.5 30.1 30.6 30.9 30.7 31.3 31.0 30.2 0.00 0.00 0.00 0.00 0.00 0.00 0.00 0.00 0.00 0.00 0.00 0.00 
