2016_CCC_ARR_IFD/catchment_depth_540min_99752aep.txt.asc
ncols         27
nrows         23
xllcorner     150.975
yllcorner     -33.6
cellsize      0.025
NODATA_value  -9999
20.9 20.8 21.5 21.9 21.5 21.0 20.9 21.4 21.9 22.9 24.1 24.4 24.4 25.5 25.6 26.1 25.3 24.7 25.0 25.4 25.7 26.1 26.4 26.6 26.7 26.9 27.1 
21.4 21.4 21.6 22.0 22.0 21.9 21.6 21.9 22.6 23.7 24.8 25.8 25.5 25.5 26.3 25.1 24.9 24.9 25.2 25.6 25.9 26.2 26.5 26.8 27.0 27.2 27.4 
21.0 21.6 22.2 22.2 22.1 22.2 22.2 22.3 23.4 24.0 24.8 25.4 25.2 24.8 26.0 26.7 25.8 25.4 25.6 25.9 26.2 26.5 26.7 27.0 27.2 27.4 27.6 
21.7 21.7 22.4 21.6 21.8 22.0 22.9 22.8 23.1 23.9 24.7 24.7 25.1 25.3 26.1 25.4 25.6 25.6 26.0 26.2 26.6 26.8 27.1 27.3 27.5 27.7 28.1 
21.7 21.7 22.4 21.7 22.2 22.5 23.0 23.3 24.1 25.1 24.8 24.3 25.5 25.0 25.8 25.4 25.9 26.0 26.4 26.7 27.0 27.2 27.3 27.6 27.8 28.1 28.2 
21.4 22.3 22.2 21.7 22.7 22.6 22.7 23.2 24.4 25.4 24.8 25.0 25.1 25.3 25.8 25.7 26.2 26.6 26.9 27.1 27.4 27.6 27.7 27.9 28.1 28.4 28.4 
21.1 21.8 21.7 22.0 23.0 22.7 23.2 23.8 24.7 25.8 25.3 25.2 25.0 26.3 26.1 26.1 26.6 27.0 27.4 27.6 27.8 27.9 28.1 28.2 28.4 28.7 29.0 
21.1 22.2 22.7 23.1 23.6 22.8 23.7 24.7 25.4 26.2 25.5 25.1 25.6 26.0 26.6 26.8 27.1 27.4 27.8 28.0 28.1 28.3 28.4 28.4 28.5 28.7 0.00 
21.4 22.6 22.8 23.5 23.4 23.5 23.6 25.3 25.4 26.5 26.9 26.2 26.1 26.3 26.8 27.1 27.5 27.9 28.2 28.4 28.5 28.5 28.5 28.6 28.7 28.8 0.00 
21.7 21.9 22.9 23.3 23.8 23.6 23.7 24.7 25.1 26.8 27.1 27.0 27.5 26.9 27.1 27.5 27.8 28.3 28.6 28.8 28.8 28.7 28.7 28.8 0.00 0.00 0.00 
21.7 22.0 22.5 22.5 24.0 23.8 24.3 25.4 26.1 27.3 27.9 26.9 27.0 28.0 27.7 28.0 28.2 28.6 28.8 28.9 28.8 28.9 29.0 29.1 29.2 0.00 0.00 
21.4 21.9 22.7 23.4 24.4 24.1 24.2 25.7 26.9 27.0 28.2 28.2 27.4 27.7 28.0 28.2 28.5 28.7 28.8 28.9 28.9 29.0 29.1 0.00 0.00 0.00 0.00 
21.5 22.3 23.0 23.9 24.3 24.2 24.2 26.1 27.0 26.7 28.0 28.2 28.7 27.6 28.0 28.2 28.4 28.7 28.7 28.8 29.0 29.0 0.00 0.00 0.00 0.00 0.00 
21.6 22.2 22.7 23.8 24.0 24.3 24.7 26.0 26.7 26.9 27.8 27.8 28.9 28.4 28.3 28.3 28.7 29.0 28.9 28.9 29.1 29.1 0.00 0.00 0.00 0.00 0.00 
21.4 22.0 22.5 23.5 24.3 24.9 24.8 25.6 26.9 26.8 27.4 28.2 28.9 28.3 28.1 28.3 28.8 29.2 29.3 29.1 29.4 0.00 0.00 0.00 0.00 0.00 0.00 
21.9 22.1 22.5 23.5 24.6 24.9 25.0 25.7 26.3 27.2 27.4 27.9 28.9 28.5 28.0 28.4 29.1 28.7 29.1 29.0 30.1 0.00 0.00 0.00 0.00 0.00 0.00 
22.2 22.5 22.7 23.3 24.1 25.3 25.6 25.5 26.9 27.5 27.6 27.6 28.6 28.4 28.0 28.3 28.5 28.8 28.7 28.8 0.00 0.00 0.00 0.00 0.00 0.00 0.00 
22.3 22.7 23.1 23.4 24.2 24.9 25.3 25.9 27.2 27.5 27.6 28.5 28.8 28.3 27.9 28.4 28.8 28.9 28.7 0.00 0.00 0.00 0.00 0.00 0.00 0.00 0.00 
22.4 22.9 23.7 24.3 25.0 25.7 25.7 26.7 27.5 27.6 28.0 28.4 28.8 27.9 27.9 28.2 28.6 28.9 29.1 0.00 0.00 0.00 0.00 0.00 0.00 0.00 0.00 
22.6 23.3 24.1 24.8 25.2 25.5 26.3 26.3 27.0 27.9 28.2 28.7 29.0 27.9 27.9 28.8 29.2 29.4 29.5 0.00 0.00 0.00 0.00 0.00 0.00 0.00 0.00 
23.1 24.0 24.2 24.7 25.3 25.9 26.2 27.0 27.7 27.3 27.6 28.5 29.1 27.9 28.6 28.5 28.9 28.9 0.00 0.00 0.00 0.00 0.00 0.00 0.00 0.00 0.00 
23.3 24.3 24.9 25.4 26.0 26.3 26.6 27.3 28.1 28.3 28.0 28.6 29.4 29.2 0.00 0.00 0.00 0.00 0.00 0.00 0.00 0.00 0.00 0.00 0.00 0.00 0.00 
23.7 24.5 25.2 25.9 26.0 26.1 26.7 27.7 28.3 28.7 29.0 28.7 29.3 28.9 27.9 0.00 0.00 0.00 0.00 0.00 0.00 0.00 0.00 0.00 0.00 0.00 0.00 
