2016_CCC_ARR_IFD/catchment_depth_1440min_00100aep.txt.asc
ncols         27
nrows         23
xllcorner     150.975
yllcorner     -33.6
cellsize      0.025
NODATA_value  -9999
291 291 305 314 310 305 304 317 330 350 372 381 385 403 410 420 418 415 426 437 444 454 463 465 467 469 470 
300 303 308 318 320 320 317 326 341 363 384 400 401 406 419 411 412 418 427 436 445 452 458 461 465 467 469 
295 307 319 322 322 326 329 334 357 370 386 398 399 399 419 431 426 424 431 438 445 450 454 459 464 466 468 
308 311 324 313 319 325 343 344 352 369 385 391 401 407 422 417 423 424 433 439 446 450 455 459 462 466 473 
309 312 325 315 326 334 345 353 371 390 389 385 407 403 420 416 428 428 435 443 447 450 453 457 461 467 469 
306 323 323 316 336 336 340 352 377 396 390 396 402 408 420 415 428 436 442 442 446 450 453 456 461 468 466 
300 315 315 322 342 338 350 363 383 404 399 400 395 425 423 416 429 439 443 444 447 450 453 455 461 467 473 
300 323 334 343 353 340 359 380 396 413 403 395 406 416 430 431 430 435 442 444 446 450 452 452 455 459 0.00 
307 330 336 351 351 353 356 392 397 418 428 417 414 417 430 430 432 437 441 445 448 447 448 450 453 454 0.00 
313 318 339 346 358 355 357 378 389 424 432 432 443 428 426 436 432 438 443 447 448 446 447 449 0.00 0.00 0.00 
313 320 330 330 361 357 369 393 408 435 447 428 427 450 441 445 438 440 442 444 444 445 448 450 452 0.00 0.00 
307 316 332 348 369 362 363 398 424 426 452 454 433 438 442 445 447 443 441 442 444 445 447 0.00 0.00 0.00 0.00 
310 326 340 357 367 363 362 403 422 415 446 449 460 432 438 439 439 445 441 441 443 444 0.00 0.00 0.00 0.00 0.00 
312 324 333 354 358 362 369 398 414 416 437 435 460 447 443 440 446 452 446 441 444 442 0.00 0.00 0.00 0.00 0.00 
307 318 327 348 363 374 368 385 415 409 421 440 454 441 435 439 446 452 454 445 451 0.00 0.00 0.00 0.00 0.00 0.00 
319 321 327 347 368 372 370 383 396 416 417 428 449 439 433 439 450 441 446 442 463 0.00 0.00 0.00 0.00 0.00 0.00 
324 328 330 340 355 381 382 374 405 417 415 415 438 433 429 434 435 438 434 434 0.00 0.00 0.00 0.00 0.00 0.00 0.00 
326 334 339 341 354 364 369 378 409 411 407 430 435 425 418 430 435 436 430 0.00 0.00 0.00 0.00 0.00 0.00 0.00 0.00 
328 337 352 361 372 383 375 394 411 405 411 418 428 410 412 418 425 431 433 0.00 0.00 0.00 0.00 0.00 0.00 0.00 0.00 
332 346 359 371 376 375 386 377 385 404 407 421 425 404 405 421 429 434 435 0.00 0.00 0.00 0.00 0.00 0.00 0.00 0.00 
342 361 361 368 374 382 378 387 397 383 388 405 421 397 409 410 417 417 0.00 0.00 0.00 0.00 0.00 0.00 0.00 0.00 0.00 
346 367 377 386 392 393 388 397 413 401 390 402 423 417 0.00 0.00 0.00 0.00 0.00 0.00 0.00 0.00 0.00 0.00 0.00 0.00 0.00 
355 373 386 396 393 383 389 407 415 415 416 400 414 402 384 0.00 0.00 0.00 0.00 0.00 0.00 0.00 0.00 0.00 0.00 0.00 0.00 
