2016_CCC_ARR_IFD/catchment_depth_7200min_02000aep.txt.asc
ncols         27
nrows         23
xllcorner     150.975
yllcorner     -33.6
cellsize      0.025
NODATA_value  -9999
306 302 318 327 316 304 298 311 323 347 374 382 382 406 410 420 405 387 395 402 406 416 424 424 423 423 422 
321 320 323 332 331 325 316 323 339 364 391 414 407 407 425 401 396 392 395 401 408 414 418 420 422 422 421 
314 327 340 339 333 333 332 334 360 374 392 405 400 393 420 435 417 409 405 403 409 413 416 419 422 423 422 
332 333 347 326 329 331 351 348 353 371 389 391 401 405 422 411 415 405 407 407 414 416 418 421 422 425 432 
335 334 348 328 338 345 354 360 378 401 393 383 410 399 418 409 421 411 413 418 418 419 419 422 424 429 430 
331 351 346 331 353 349 348 360 386 408 395 399 403 407 420 405 420 425 428 418 419 421 422 423 428 433 428 
323 340 335 340 362 352 363 375 396 419 409 406 395 430 423 407 419 430 429 424 423 424 425 426 430 437 442 
323 353 363 371 379 356 376 398 414 432 415 401 411 420 434 430 422 421 426 424 424 427 428 424 427 429 0.00 
335 364 367 383 377 375 375 416 417 441 449 432 424 424 435 430 426 426 426 428 429 426 426 425 427 426 0.00 
345 348 372 377 388 380 378 401 411 451 457 453 463 441 433 441 427 428 429 433 432 428 428 428 0.00 0.00 0.00 
346 352 361 356 394 385 395 422 437 467 479 450 447 472 457 457 440 434 433 433 432 431 433 434 434 0.00 0.00 
338 348 366 383 406 393 390 431 459 459 488 487 458 461 462 461 458 446 438 437 436 435 436 0.00 0.00 0.00 0.00 
344 362 377 396 404 396 390 439 460 448 483 483 494 458 462 458 453 455 444 441 440 438 0.00 0.00 0.00 0.00 0.00 
348 360 368 393 394 395 402 435 451 452 474 469 496 478 473 467 468 471 458 447 447 442 0.00 0.00 0.00 0.00 0.00 
340 352 361 386 402 412 402 420 454 446 458 478 492 476 471 472 475 476 474 458 461 0.00 0.00 0.00 0.00 0.00 0.00 
358 357 362 385 410 411 404 418 432 454 454 467 489 477 476 478 482 468 469 459 481 0.00 0.00 0.00 0.00 0.00 0.00 
366 368 365 376 393 423 421 407 444 458 454 455 478 475 477 477 472 469 458 453 0.00 0.00 0.00 0.00 0.00 0.00 0.00 
368 375 378 375 390 401 404 413 450 451 446 471 476 469 463 472 474 469 456 0.00 0.00 0.00 0.00 0.00 0.00 0.00 0.00 
368 379 397 404 416 427 410 433 453 443 450 458 469 452 453 458 463 464 463 0.00 0.00 0.00 0.00 0.00 0.00 0.00 0.00 
372 389 405 418 420 414 426 411 419 441 444 461 466 443 444 460 466 468 466 0.00 0.00 0.00 0.00 0.00 0.00 0.00 0.00 
384 409 406 412 416 424 414 424 432 416 422 442 461 434 447 446 452 449 0.00 0.00 0.00 0.00 0.00 0.00 0.00 0.00 0.00 
389 417 427 437 442 439 427 436 456 437 423 438 463 455 0.00 0.00 0.00 0.00 0.00 0.00 0.00 0.00 0.00 0.00 0.00 0.00 0.00 
400 423 438 451 442 424 430 452 459 457 457 436 452 437 418 0.00 0.00 0.00 0.00 0.00 0.00 0.00 0.00 0.00 0.00 0.00 0.00 
