2016_CCC_ARR_IFD/catchment_depth_2min_05000aep.txt.asc
ncols         27
nrows         23
xllcorner     150.975
yllcorner     -33.6
cellsize      0.025
NODATA_value  -9999
6.60 6.59 6.67 6.74 6.72 6.69 6.74 6.85 6.97 7.16 7.35 7.45 7.52 7.65 7.74 7.83 7.91 8.00 8.11 8.21 8.31 8.41 8.50 8.58 8.66 8.75 8.83 
6.64 6.65 6.70 6.78 6.81 6.83 6.86 6.95 7.10 7.28 7.44 7.55 7.64 7.73 7.82 7.90 7.96 8.10 8.21 8.31 8.40 8.49 8.57 8.66 8.74 8.81 8.89 
6.61 6.67 6.76 6.82 6.84 6.90 6.96 7.05 7.24 7.37 7.51 7.62 7.71 7.80 7.92 8.00 8.12 8.19 8.31 8.41 8.49 8.57 8.65 8.73 8.81 8.88 8.95 
6.67 6.70 6.80 6.75 6.83 6.91 7.08 7.16 7.27 7.43 7.58 7.69 7.81 7.92 8.03 8.14 8.24 8.34 8.43 8.51 8.59 8.66 8.73 8.81 8.88 8.95 9.02 
6.68 6.70 6.81 6.76 6.88 7.00 7.13 7.26 7.42 7.57 7.68 7.80 7.93 8.06 8.16 8.29 8.38 8.48 8.56 8.63 8.68 8.75 8.81 8.88 8.95 9.01 9.08 
6.67 6.78 6.80 6.78 6.98 7.04 7.16 7.32 7.52 7.67 7.79 7.93 8.08 8.21 8.32 8.45 8.54 8.63 8.70 8.74 8.78 8.84 8.90 8.96 9.02 9.08 9.13 
6.68 6.74 6.77 6.84 7.05 7.11 7.27 7.43 7.62 7.77 7.91 8.06 8.21 8.32 8.49 8.59 8.70 8.77 8.84 8.88 8.90 8.95 8.99 9.04 9.09 9.15 9.20 
6.71 6.81 6.91 7.02 7.14 7.19 7.37 7.57 7.73 7.88 8.03 8.19 8.36 8.51 8.63 8.74 8.85 8.93 8.99 9.02 9.04 9.06 9.08 9.11 9.14 9.19 0.00 
6.74 6.85 6.95 7.10 7.17 7.28 7.41 7.66 7.82 7.99 8.14 8.30 8.48 8.63 8.76 8.88 8.99 9.09 9.15 9.17 9.17 9.16 9.16 9.17 9.20 9.23 0.00 
6.78 6.85 6.99 7.11 7.25 7.35 7.48 7.68 7.86 8.08 8.24 8.40 8.53 8.72 8.86 8.99 9.11 9.24 9.31 9.30 9.28 9.25 9.23 9.23 0.00 0.00 0.00 
6.81 6.89 7.00 7.12 7.31 7.41 7.57 7.79 7.98 8.18 8.31 8.48 8.64 8.74 8.92 9.05 9.21 9.33 9.39 9.37 9.34 9.31 9.30 9.29 9.30 0.00 0.00 
6.84 6.93 7.04 7.18 7.36 7.47 7.60 7.85 8.07 8.23 8.43 8.56 8.70 8.85 8.99 9.12 9.24 9.36 9.39 9.40 9.38 9.36 9.35 0.00 0.00 0.00 0.00 
6.86 6.96 7.08 7.24 7.38 7.51 7.63 7.90 8.10 8.23 8.45 8.59 8.70 8.90 9.05 9.18 9.28 9.37 9.39 9.40 9.40 9.40 0.00 0.00 0.00 0.00 0.00 
6.88 6.97 7.09 7.25 7.37 7.53 7.68 7.91 8.10 8.25 8.45 8.59 8.74 8.90 9.06 9.20 9.30 9.37 9.42 9.41 9.43 9.41 0.00 0.00 0.00 0.00 0.00 
6.91 6.99 7.10 7.24 7.41 7.58 7.69 7.88 8.12 8.24 8.42 8.60 8.76 8.92 9.08 9.21 9.31 9.37 9.42 9.43 9.46 0.00 0.00 0.00 0.00 0.00 0.00 
6.90 7.00 7.12 7.25 7.44 7.59 7.70 7.87 8.05 8.26 8.41 8.60 8.76 8.91 9.06 9.20 9.28 9.34 9.40 9.40 9.45 0.00 0.00 0.00 0.00 0.00 0.00 
6.90 6.99 7.13 7.25 7.42 7.63 7.75 7.82 8.09 8.28 8.40 8.52 8.74 8.89 8.94 9.10 9.22 9.31 9.31 9.33 0.00 0.00 0.00 0.00 0.00 0.00 0.00 
6.92 7.01 7.15 7.28 7.42 7.56 7.68 7.84 8.11 8.24 8.34 8.56 8.71 8.79 8.84 9.04 9.19 9.28 9.26 0.00 0.00 0.00 0.00 0.00 0.00 0.00 0.00 
6.98 7.07 7.21 7.36 7.50 7.65 7.71 7.91 8.11 8.17 8.32 8.48 8.65 8.64 8.76 8.93 9.08 9.19 9.25 0.00 0.00 0.00 0.00 0.00 0.00 0.00 0.00 
7.01 7.13 7.28 7.42 7.53 7.62 7.76 7.77 7.91 8.13 8.26 8.46 8.60 8.58 8.69 8.91 9.04 9.13 9.19 0.00 0.00 0.00 0.00 0.00 0.00 0.00 0.00 
7.08 7.23 7.30 7.41 7.53 7.65 7.68 7.81 7.95 7.95 8.09 8.33 8.54 8.49 8.69 8.78 8.91 8.98 0.00 0.00 0.00 0.00 0.00 0.00 0.00 0.00 0.00 
7.10 7.28 7.41 7.53 7.64 7.71 7.73 7.86 8.07 8.05 8.07 8.28 8.52 8.59 0.00 0.00 0.00 0.00 0.00 0.00 0.00 0.00 0.00 0.00 0.00 0.00 0.00 
7.14 7.33 7.47 7.59 7.63 7.61 7.72 7.93 8.07 8.15 8.25 8.25 8.44 8.47 8.44 0.00 0.00 0.00 0.00 0.00 0.00 0.00 0.00 0.00 0.00 0.00 0.00 
