2016_CCC_ARR_IFD/catchment_depth_10080min_00500aep.txt.asc
ncols         27
nrows         23
xllcorner     150.975
yllcorner     -33.6
cellsize      0.025
NODATA_value  -9999
389 384 405 416 404 386 380 397 413 442 477 488 489 519 525 539 523 505 517 528 534 546 557 557 556 551 551 
407 407 410 423 422 412 402 411 432 464 498 527 519 521 544 517 513 511 518 528 538 546 551 553 551 551 552 
398 415 433 432 425 422 421 426 457 476 499 516 512 505 539 558 538 531 530 532 539 544 544 548 553 554 554 
422 422 441 415 420 424 445 442 450 473 496 500 513 519 541 529 536 528 534 537 545 544 548 551 554 558 567 
425 424 443 418 431 441 453 456 480 509 501 490 524 512 537 528 544 535 540 548 546 548 548 553 556 563 565 
419 446 440 421 450 445 445 460 490 518 503 510 515 522 539 523 543 551 557 544 547 551 553 554 561 569 563 
410 431 426 433 460 448 464 480 507 531 518 517 506 550 543 526 542 557 559 550 551 554 557 558 564 573 580 
410 447 460 471 482 454 479 508 529 546 532 516 524 537 556 553 546 548 552 551 552 557 559 556 560 563 0.00 
425 461 465 486 479 478 478 530 532 563 574 554 539 540 557 553 550 548 551 555 558 556 556 557 560 560 0.00 
437 441 472 478 492 483 482 511 524 575 577 579 592 560 554 565 551 551 555 561 561 558 558 561 0.00 0.00 0.00 
438 446 458 452 500 489 503 537 556 595 604 576 572 604 581 584 565 557 558 559 560 560 564 567 568 0.00 0.00 
427 440 464 486 515 498 495 547 584 584 622 621 585 590 587 587 586 574 562 562 562 563 566 0.00 0.00 0.00 0.00 
435 458 478 503 513 502 496 558 584 570 615 616 623 586 592 583 578 583 572 565 566 566 0.00 0.00 0.00 0.00 0.00 
440 456 466 499 500 501 510 552 573 574 603 598 631 610 604 598 595 601 586 575 573 568 0.00 0.00 0.00 0.00 0.00 
431 446 458 489 510 522 509 532 577 566 582 608 626 606 601 603 601 606 605 587 593 0.00 0.00 0.00 0.00 0.00 0.00 
452 452 458 488 519 520 512 531 549 578 578 593 621 607 607 610 609 593 597 586 617 0.00 0.00 0.00 0.00 0.00 0.00 
462 465 462 476 496 535 534 517 564 580 576 579 607 604 607 608 602 593 582 577 0.00 0.00 0.00 0.00 0.00 0.00 0.00 
464 474 477 475 493 507 512 523 570 571 565 597 605 597 589 602 603 592 579 0.00 0.00 0.00 0.00 0.00 0.00 0.00 0.00 
465 479 501 511 526 540 520 548 574 561 571 581 595 574 577 582 589 593 586 0.00 0.00 0.00 0.00 0.00 0.00 0.00 0.00 
469 492 511 528 530 523 538 521 531 559 563 585 591 562 563 584 594 591 590 0.00 0.00 0.00 0.00 0.00 0.00 0.00 0.00 
485 517 513 520 526 536 524 536 548 527 534 560 585 550 567 567 576 566 0.00 0.00 0.00 0.00 0.00 0.00 0.00 0.00 0.00 
491 526 539 551 558 555 541 552 578 554 537 555 582 578 0.00 0.00 0.00 0.00 0.00 0.00 0.00 0.00 0.00 0.00 0.00 0.00 0.00 
504 533 553 569 557 536 544 565 575 572 573 553 567 554 530 0.00 0.00 0.00 0.00 0.00 0.00 0.00 0.00 0.00 0.00 0.00 0.00 
