2016_CCC_ARR_IFD/catchment_depth_2880min_50000aep.txt.asc
ncols         27
nrows         23
xllcorner     150.975
yllcorner     -33.6
cellsize      0.025
NODATA_value  -9999
100 98.9 104 107 104 99.9 97.8 102 105 113 121 124 123 130 131 134 127 118 120 121 122 124 127 126 126 126 126 
105 104 106 109 108 107 104 105 111 119 127 134 131 131 136 126 123 120 120 121 123 125 126 126 127 127 127 
102 106 111 111 109 109 109 109 118 122 128 131 129 125 134 139 131 126 123 122 124 125 126 127 128 128 128 
108 108 113 106 107 108 115 113 115 121 127 127 129 129 135 129 129 124 125 124 126 127 127 128 129 130 132 
108 108 113 106 110 112 115 117 124 132 128 122 132 126 133 127 131 127 127 128 128 128 128 129 130 132 132 
106 113 112 107 115 113 112 116 126 134 128 128 128 129 132 126 130 132 133 129 129 130 130 131 132 134 133 
103 109 108 109 117 113 117 121 129 138 132 129 124 137 133 127 130 134 133 131 131 132 132 132 134 136 138 
103 113 116 119 122 114 121 129 135 141 133 127 130 132 137 135 132 131 133 132 132 133 134 133 134 134 0.00 
106 116 117 123 121 120 119 134 134 143 145 137 134 133 137 135 133 133 133 134 134 134 134 134 134 134 0.00 
109 110 118 120 124 121 120 128 130 144 146 144 147 139 136 138 134 134 135 136 136 135 135 136 0.00 0.00 0.00 
109 111 114 112 125 122 125 134 139 149 153 142 141 149 144 144 138 137 136 136 136 136 137 138 138 0.00 0.00 
105 109 115 121 129 124 123 136 146 145 155 154 144 145 145 145 144 140 138 138 138 138 139 0.00 0.00 0.00 0.00 
107 113 118 125 127 124 122 139 146 141 153 153 156 143 145 144 142 143 140 139 139 139 0.00 0.00 0.00 0.00 0.00 
108 112 115 123 124 124 126 137 142 142 150 148 157 151 148 146 147 149 144 141 142 140 0.00 0.00 0.00 0.00 0.00 
105 109 112 120 126 129 126 131 143 140 144 151 156 150 147 148 149 150 150 145 147 0.00 0.00 0.00 0.00 0.00 0.00 
110 110 112 120 128 128 126 131 136 143 143 147 155 150 148 149 152 147 148 145 154 0.00 0.00 0.00 0.00 0.00 0.00 
113 113 113 117 122 132 132 128 140 144 143 143 151 149 148 149 148 148 145 144 0.00 0.00 0.00 0.00 0.00 0.00 0.00 
113 116 116 116 121 125 126 130 142 142 141 149 151 148 145 148 149 148 145 0.00 0.00 0.00 0.00 0.00 0.00 0.00 0.00 
113 116 122 125 129 133 129 136 143 140 143 145 149 142 143 144 147 148 148 0.00 0.00 0.00 0.00 0.00 0.00 0.00 0.00 
113 119 125 129 130 129 134 130 133 140 142 147 149 141 141 147 149 150 149 0.00 0.00 0.00 0.00 0.00 0.00 0.00 0.00 
117 125 125 127 129 133 130 134 138 133 135 142 148 139 143 143 145 144 0.00 0.00 0.00 0.00 0.00 0.00 0.00 0.00 0.00 
118 127 131 135 137 137 135 138 145 141 136 141 150 147 0.00 0.00 0.00 0.00 0.00 0.00 0.00 0.00 0.00 0.00 0.00 0.00 0.00 
121 129 134 139 137 133 136 144 147 147 148 142 147 142 135 0.00 0.00 0.00 0.00 0.00 0.00 0.00 0.00 0.00 0.00 0.00 0.00 
