2016_CCC_ARR_IFD/catchment_depth_15min_86466aep.txt.asc
ncols         27
nrows         23
xllcorner     150.975
yllcorner     -33.6
cellsize      0.025
NODATA_value  -9999
9.60 9.56 9.64 9.70 9.63 9.55 9.54 9.64 9.76 9.96 10.2 10.3 10.3 10.5 10.6 10.7 10.7 10.8 10.9 11.0 11.1 11.3 11.4 11.5 11.6 11.7 11.8 
9.69 9.69 9.70 9.77 9.77 9.75 9.72 9.79 9.93 10.1 10.4 10.5 10.5 10.6 10.8 10.7 10.8 10.9 11.0 11.1 11.2 11.3 11.5 11.6 11.7 11.8 11.9 
9.69 9.75 9.83 9.85 9.83 9.86 9.88 9.92 10.1 10.3 10.4 10.5 10.6 10.6 10.8 10.9 10.9 11.0 11.1 11.2 11.3 11.4 11.5 11.6 11.7 11.8 11.9 
9.80 9.82 9.90 9.83 9.87 9.91 10.1 10.1 10.1 10.3 10.5 10.5 10.6 10.7 10.9 10.9 11.0 11.1 11.2 11.3 11.4 11.5 11.6 11.7 11.8 11.9 12.0 
9.84 9.86 9.95 9.91 9.98 10.0 10.1 10.2 10.4 10.6 10.5 10.5 10.7 10.7 10.9 10.9 11.1 11.2 11.3 11.4 11.5 11.6 11.7 11.8 11.9 12.0 12.1 
9.85 9.96 9.98 9.98 10.1 10.1 10.1 10.2 10.5 10.7 10.6 10.7 10.7 10.8 11.0 11.0 11.1 11.3 11.4 11.5 11.6 11.7 11.8 11.9 12.0 12.1 12.1 
9.85 9.95 9.98 10.0 10.2 10.2 10.3 10.4 10.6 10.8 10.7 10.7 10.7 11.0 11.0 11.1 11.2 11.3 11.5 11.6 11.7 11.8 11.9 12.0 12.0 12.1 12.2 
9.87 10.0 10.1 10.2 10.3 10.2 10.4 10.6 10.7 10.9 10.8 10.7 10.8 10.9 11.1 11.2 11.3 11.4 11.5 11.7 11.8 11.9 11.9 12.0 12.1 12.2 0.00 
9.93 10.1 10.2 10.3 10.3 10.3 10.4 10.7 10.8 11.0 11.1 11.0 10.9 11.0 11.1 11.2 11.4 11.5 11.6 11.7 11.8 11.9 12.0 12.1 12.2 12.3 0.00 
9.98 10.0 10.2 10.3 10.4 10.4 10.4 10.6 10.7 11.1 11.2 11.2 11.3 11.1 11.2 11.3 11.4 11.6 11.7 11.8 11.9 12.0 12.1 12.2 0.00 0.00 0.00 
10.0 10.1 10.2 10.2 10.4 10.4 10.5 10.8 10.9 11.2 11.4 11.1 11.1 11.4 11.3 11.4 11.5 11.6 11.8 11.9 11.9 12.0 12.1 12.2 12.3 0.00 0.00 
9.98 10.1 10.2 10.3 10.5 10.5 10.5 10.8 11.1 11.2 11.5 11.5 11.2 11.3 11.4 11.5 11.6 11.7 11.8 11.9 12.0 12.1 12.2 0.00 0.00 0.00 0.00 
10.0 10.1 10.3 10.4 10.5 10.5 10.5 10.9 11.1 11.1 11.4 11.5 11.6 11.3 11.4 11.5 11.6 11.7 11.8 11.9 12.0 12.1 0.00 0.00 0.00 0.00 0.00 
10.0 10.1 10.2 10.4 10.5 10.5 10.6 10.9 11.1 11.1 11.4 11.3 11.7 11.5 11.5 11.5 11.7 11.8 11.9 12.0 12.1 12.2 0.00 0.00 0.00 0.00 0.00 
10.0 10.1 10.2 10.4 10.5 10.6 10.6 10.8 11.1 11.0 11.2 11.4 11.6 11.5 11.4 11.6 11.7 11.9 12.0 12.1 12.2 0.00 0.00 0.00 0.00 0.00 0.00 
10.1 10.2 10.2 10.4 10.6 10.6 10.6 10.8 10.9 11.1 11.2 11.3 11.6 11.5 11.5 11.6 11.8 11.9 12.0 12.1 12.3 0.00 0.00 0.00 0.00 0.00 0.00 
10.2 10.2 10.3 10.4 10.5 10.8 10.8 10.7 11.0 11.2 11.2 11.2 11.5 11.5 11.5 11.7 11.8 11.9 12.0 12.2 0.00 0.00 0.00 0.00 0.00 0.00 0.00 
10.2 10.3 10.4 10.4 10.5 10.6 10.7 10.8 11.1 11.2 11.2 11.5 11.6 11.5 11.6 11.8 11.9 12.0 12.1 0.00 0.00 0.00 0.00 0.00 0.00 0.00 0.00 
10.3 10.4 10.5 10.6 10.7 10.8 10.8 11.0 11.2 11.1 11.3 11.4 11.6 11.6 11.7 11.8 12.0 12.1 12.2 0.00 0.00 0.00 0.00 0.00 0.00 0.00 0.00 
10.4 10.5 10.6 10.7 10.8 10.8 10.9 10.9 11.0 11.2 11.3 11.6 11.7 11.7 11.8 12.0 12.1 12.3 12.4 0.00 0.00 0.00 0.00 0.00 0.00 0.00 0.00 
10.5 10.6 10.6 10.7 10.8 10.9 10.9 11.0 11.1 11.2 11.3 11.5 11.8 11.8 12.0 12.1 12.2 12.3 0.00 0.00 0.00 0.00 0.00 0.00 0.00 0.00 0.00 
10.6 10.7 10.8 10.9 11.0 11.1 11.1 11.2 11.4 11.4 11.5 11.7 12.0 12.1 0.00 0.00 0.00 0.00 0.00 0.00 0.00 0.00 0.00 0.00 0.00 0.00 0.00 
10.7 10.8 10.9 11.1 11.1 11.1 11.2 11.4 11.6 11.7 11.8 11.9 12.1 12.2 12.2 0.00 0.00 0.00 0.00 0.00 0.00 0.00 0.00 0.00 0.00 0.00 0.00 
