2016_CCC_ARR_IFD/catchment_depth_1440min_01000aep.txt.asc
ncols         27
nrows         23
xllcorner     150.975
yllcorner     -33.6
cellsize      0.025
NODATA_value  -9999
205 205 215 222 218 213 212 221 229 244 261 267 268 282 286 292 286 277 283 289 293 300 306 307 308 309 309 
213 214 218 225 226 225 222 227 238 254 270 283 281 283 294 282 278 278 282 287 293 298 301 304 306 307 309 
209 218 227 229 228 230 231 234 250 260 272 280 279 276 292 301 292 285 286 288 293 296 299 302 306 307 308 
219 221 231 222 226 229 242 242 247 259 271 273 280 283 294 286 288 284 288 290 295 297 300 303 305 308 313 
221 222 232 224 231 237 244 249 262 276 273 268 285 278 291 284 292 288 291 295 297 298 300 302 305 309 311 
219 232 231 225 240 239 240 248 267 281 274 277 280 283 291 283 291 296 299 295 297 299 301 302 306 310 309 
216 226 226 230 245 240 249 258 272 288 282 281 275 297 293 285 292 299 300 299 299 301 302 303 307 311 316 
216 233 241 247 254 243 256 272 283 295 285 277 284 290 300 298 294 296 300 300 300 302 303 302 304 306 0.00 
222 239 243 254 253 254 255 281 284 300 306 296 291 291 300 298 297 299 300 302 302 301 301 301 303 304 0.00 
228 231 246 251 259 256 257 272 279 305 310 308 315 301 298 303 298 301 303 305 304 302 302 302 0.00 0.00 0.00 
229 234 240 240 263 259 267 284 294 314 322 306 304 320 311 313 304 304 304 304 303 303 304 304 305 0.00 0.00 
225 232 244 255 269 264 263 289 307 308 327 327 310 312 313 313 313 308 305 305 304 304 305 0.00 0.00 0.00 0.00 
229 240 250 262 269 266 263 294 307 301 323 324 331 308 311 310 308 311 306 305 305 305 0.00 0.00 0.00 0.00 0.00 
231 239 245 261 263 266 270 291 302 303 317 314 332 321 317 313 315 319 312 307 308 306 0.00 0.00 0.00 0.00 0.00 
228 236 243 257 268 276 270 282 303 298 306 320 330 318 312 313 317 321 321 312 315 0.00 0.00 0.00 0.00 0.00 0.00 
238 239 243 257 273 275 272 281 290 304 304 312 327 318 312 315 322 313 316 311 327 0.00 0.00 0.00 0.00 0.00 0.00 
242 245 246 253 264 282 283 275 298 307 304 303 319 314 309 312 312 313 308 307 0.00 0.00 0.00 0.00 0.00 0.00 0.00 
244 250 253 254 263 270 273 279 302 303 299 315 318 310 303 311 314 313 307 0.00 0.00 0.00 0.00 0.00 0.00 0.00 0.00 
246 253 264 270 278 286 278 292 305 299 303 307 314 299 299 303 308 311 311 0.00 0.00 0.00 0.00 0.00 0.00 0.00 0.00 
249 260 270 279 281 280 288 280 285 299 300 310 313 295 295 307 312 314 314 0.00 0.00 0.00 0.00 0.00 0.00 0.00 0.00 
257 272 272 276 281 286 282 288 294 283 286 299 311 291 300 300 304 303 0.00 0.00 0.00 0.00 0.00 0.00 0.00 0.00 0.00 
261 277 284 291 295 295 290 296 308 298 289 298 314 308 0.00 0.00 0.00 0.00 0.00 0.00 0.00 0.00 0.00 0.00 0.00 0.00 0.00 
267 282 291 299 295 287 292 305 310 310 310 298 307 298 284 0.00 0.00 0.00 0.00 0.00 0.00 0.00 0.00 0.00 0.00 0.00 0.00 
