2016_CCC_ARR_IFD/catchment_depth_60min_50000aep.txt.asc
ncols         27
nrows         23
xllcorner     150.975
yllcorner     -33.6
cellsize      0.025
NODATA_value  -9999
24.5 24.5 24.7 24.9 24.7 24.6 24.6 24.9 25.3 25.9 26.6 26.9 27.0 27.5 27.7 28.1 28.0 28.4 28.7 29.0 29.3 29.6 29.9 30.2 30.4 30.7 31.0 
24.7 24.7 24.8 25.0 25.1 25.1 25.0 25.3 25.7 26.3 27.0 27.4 27.5 27.7 28.1 27.9 28.2 28.6 29.0 29.3 29.6 29.9 30.1 30.4 30.7 30.9 31.2 
24.7 24.8 25.1 25.2 25.2 25.3 25.4 25.6 26.2 26.6 27.1 27.4 27.5 27.6 28.2 28.5 28.5 28.7 29.2 29.6 29.8 30.1 30.4 30.6 30.9 31.1 31.3 
24.9 25.0 25.2 25.0 25.2 25.4 25.8 25.9 26.2 26.7 27.1 27.3 27.7 27.9 28.3 28.4 28.7 29.1 29.5 29.8 30.1 30.4 30.6 30.8 31.1 31.3 31.5 
25.0 25.0 25.3 25.1 25.4 25.7 26.0 26.2 26.7 27.3 27.3 27.3 27.9 28.0 28.4 28.6 29.0 29.4 29.8 30.1 30.4 30.6 30.8 31.1 31.3 31.5 31.7 
25.0 25.3 25.3 25.3 25.7 25.8 26.0 26.3 27.0 27.6 27.5 27.7 28.0 28.3 28.6 29.0 29.3 29.6 30.0 30.4 30.7 30.9 31.1 31.3 31.5 31.7 31.9 
25.0 25.2 25.3 25.5 25.9 26.0 26.3 26.7 27.3 27.9 27.8 28.0 28.2 28.7 28.9 29.4 29.7 30.0 30.3 30.7 30.9 31.1 31.3 31.5 31.6 31.8 32.0 
25.2 25.4 25.7 26.0 26.3 26.2 26.6 27.2 27.7 28.2 28.0 28.1 28.4 28.8 29.2 29.5 30.0 30.5 30.7 31.0 31.2 31.4 31.5 31.6 31.8 32.0 0.00 
25.3 25.6 25.8 26.2 26.3 26.5 26.7 27.6 27.8 28.4 28.8 28.6 28.7 29.0 29.4 29.9 30.4 30.8 31.1 31.3 31.5 31.6 31.7 31.8 31.9 32.1 0.00 
25.4 25.6 26.0 26.2 26.6 26.7 26.9 27.4 27.8 28.7 29.0 29.1 29.5 29.3 29.7 30.1 30.7 31.1 31.5 31.6 31.7 31.8 31.8 31.9 0.00 0.00 0.00 
25.5 25.7 26.0 26.2 26.8 26.9 27.2 27.8 28.3 29.1 29.5 29.1 29.3 29.9 29.9 30.3 30.8 31.3 31.7 31.8 31.8 31.9 32.0 32.1 32.2 0.00 0.00 
25.6 25.8 26.1 26.5 27.0 27.1 27.3 28.1 28.8 29.0 29.8 29.9 29.6 29.8 30.1 30.5 30.9 31.3 31.6 31.8 31.9 32.0 32.1 0.00 0.00 0.00 0.00 
25.7 25.9 26.3 26.7 27.1 27.2 27.4 28.3 28.9 28.8 29.7 29.9 30.3 29.9 30.3 30.6 31.0 31.4 31.6 31.8 32.0 32.1 0.00 0.00 0.00 0.00 0.00 
25.8 26.0 26.3 26.8 27.0 27.3 27.6 28.3 28.8 29.0 29.6 29.7 30.4 30.3 30.4 30.7 31.1 31.4 31.7 31.9 32.1 32.2 0.00 0.00 0.00 0.00 0.00 
26.0 26.1 26.4 26.8 27.2 27.6 27.7 28.1 28.9 29.0 29.4 29.9 30.4 30.3 30.4 30.8 31.1 31.5 31.8 32.0 32.2 0.00 0.00 0.00 0.00 0.00 0.00 
25.9 26.2 26.5 26.8 27.3 27.6 27.8 28.2 28.6 29.2 29.4 29.8 30.5 30.4 30.4 30.8 31.3 31.5 31.8 32.0 32.4 0.00 0.00 0.00 0.00 0.00 0.00 
26.0 26.2 26.6 26.9 27.3 27.9 28.1 28.3 28.9 29.4 29.5 29.7 30.4 30.5 30.5 30.9 31.2 31.6 31.8 32.1 0.00 0.00 0.00 0.00 0.00 0.00 0.00 
26.1 26.3 26.7 27.1 27.4 27.8 28.1 28.4 29.1 29.4 29.5 30.2 30.5 30.5 30.7 31.0 31.4 31.7 31.9 0.00 0.00 0.00 0.00 0.00 0.00 0.00 0.00 
26.4 26.6 26.9 27.3 27.7 28.1 28.3 28.8 29.3 29.4 29.8 30.2 30.6 30.5 30.8 31.1 31.5 31.8 32.1 0.00 0.00 0.00 0.00 0.00 0.00 0.00 0.00 
26.6 26.8 27.2 27.6 27.9 28.1 28.5 28.7 29.1 29.6 29.9 30.4 30.8 30.7 31.0 31.5 31.8 32.1 32.4 0.00 0.00 0.00 0.00 0.00 0.00 0.00 0.00 
26.8 27.1 27.4 27.7 28.0 28.4 28.6 29.0 29.4 29.5 29.9 30.4 31.0 30.9 31.4 31.6 31.9 32.2 0.00 0.00 0.00 0.00 0.00 0.00 0.00 0.00 0.00 
27.0 27.4 27.7 28.0 28.4 28.7 28.9 29.3 29.9 30.0 30.2 30.7 31.3 31.5 0.00 0.00 0.00 0.00 0.00 0.00 0.00 0.00 0.00 0.00 0.00 0.00 0.00 
27.2 27.6 27.9 28.3 28.5 28.7 29.1 29.6 30.1 30.5 30.8 31.0 31.5 31.7 31.6 0.00 0.00 0.00 0.00 0.00 0.00 0.00 0.00 0.00 0.00 0.00 0.00 
