2016_CCC_ARR_IFD/catchment_depth_1800min_50000aep.txt.asc
ncols         27
nrows         23
xllcorner     150.975
yllcorner     -33.6
cellsize      0.025
NODATA_value  -9999
83.1 82.5 86.6 88.9 86.7 84.0 82.7 85.8 88.7 94.2 101 103 102 108 109 111 106 100 102 103 104 106 108 107 107 108 108 
86.5 86.6 87.6 90.2 90.1 89.1 87.1 88.7 92.6 98.8 105 110 109 108 113 106 103 102 102 103 105 106 107 108 108 108 109 
84.6 88.1 91.7 91.8 90.7 91.1 90.9 91.5 97.9 101 106 109 107 105 112 115 109 106 105 104 106 107 107 108 109 110 110 
88.9 89.4 93.3 88.4 89.5 90.4 95.7 94.8 96.1 101 105 105 107 108 112 108 108 105 106 106 108 108 109 110 110 111 113 
89.5 89.5 93.4 88.9 91.7 93.6 96.2 97.8 103 109 106 103 110 106 111 107 110 107 108 109 109 110 110 111 111 113 113 
88.0 93.5 92.6 89.2 95.3 94.2 94.1 97.0 105 111 106 107 107 108 111 107 110 111 112 110 111 111 112 112 113 115 114 
85.9 90.5 89.7 91.2 97.1 94.5 97.7 101 107 113 109 108 105 114 112 108 111 113 113 112 112 113 113 113 115 116 118 
85.7 93.3 96.2 98.6 101 95.4 101 107 111 116 111 106 109 111 115 114 112 112 114 113 113 114 115 114 115 115 0.00 
88.2 95.7 96.9 101 100 99.8 99.9 111 111 118 120 114 112 112 115 114 113 114 114 115 115 115 115 115 115 115 0.00 
90.4 91.5 97.8 99.4 102 101 100 106 109 119 121 120 122 116 115 117 114 115 116 117 117 116 116 116 0.00 0.00 0.00 
90.2 92.2 94.8 93.9 104 102 104 111 115 123 126 119 118 124 120 121 117 117 117 117 117 117 118 118 118 0.00 0.00 
88.1 90.9 95.7 100 106 103 103 113 121 120 128 127 120 121 122 122 121 119 118 118 118 118 119 0.00 0.00 0.00 0.00 
89.4 94.1 98.2 103 106 104 103 115 120 117 126 126 129 120 121 121 120 121 119 119 119 119 0.00 0.00 0.00 0.00 0.00 
90.1 93.5 95.9 102 103 104 105 114 118 118 124 123 130 126 124 123 124 125 122 120 121 120 0.00 0.00 0.00 0.00 0.00 
88.4 91.5 94.2 100 105 108 105 110 119 117 120 125 129 125 123 123 125 126 126 123 124 0.00 0.00 0.00 0.00 0.00 0.00 
92.1 92.6 94.2 100 106 107 106 110 114 119 120 123 129 125 123 125 127 124 125 123 129 0.00 0.00 0.00 0.00 0.00 0.00 
93.8 94.8 94.9 98.0 102 110 110 108 117 121 120 120 126 125 123 124 124 124 122 121 0.00 0.00 0.00 0.00 0.00 0.00 0.00 
94.1 96.4 97.6 98.1 102 105 107 109 119 119 118 125 126 123 121 124 125 124 122 0.00 0.00 0.00 0.00 0.00 0.00 0.00 0.00 
94.3 97.2 102 105 108 111 109 115 120 118 120 122 125 119 120 121 123 124 124 0.00 0.00 0.00 0.00 0.00 0.00 0.00 0.00 
95.1 99.5 104 108 109 109 112 110 113 119 120 124 125 118 118 123 125 126 126 0.00 0.00 0.00 0.00 0.00 0.00 0.00 0.00 
98.0 104 104 106 108 111 110 114 117 113 114 120 125 117 121 120 122 121 0.00 0.00 0.00 0.00 0.00 0.00 0.00 0.00 0.00 
99.1 106 109 112 114 115 114 117 122 119 116 120 126 124 0.00 0.00 0.00 0.00 0.00 0.00 0.00 0.00 0.00 0.00 0.00 0.00 0.00 
101 107 111 115 114 112 114 120 123 123 124 120 124 120 114 0.00 0.00 0.00 0.00 0.00 0.00 0.00 0.00 0.00 0.00 0.00 0.00 
