2016_CCC_ARR_IFD/catchment_depth_5min_00200aep.txt.asc
ncols         27
nrows         23
xllcorner     150.975
yllcorner     -33.6
cellsize      0.025
NODATA_value  -9999
24.5 24.4 24.8 25.2 25.2 25.2 25.4 25.9 26.5 27.3 27.9 28.3 28.8 29.1 29.6 30.0 30.8 31.4 31.9 32.4 32.8 33.2 33.5 33.8 34.1 34.4 34.7 
24.6 24.7 24.9 25.2 25.4 25.6 25.8 26.2 26.9 27.6 28.2 28.5 29.0 29.5 29.8 30.7 31.2 31.8 32.3 32.8 33.2 33.5 33.8 34.1 34.4 34.6 34.9 
24.4 24.7 25.2 25.3 25.4 25.7 26.1 26.5 27.3 27.9 28.5 28.9 29.4 30.0 30.3 30.6 31.5 32.2 32.7 33.1 33.5 33.8 34.0 34.3 34.6 34.9 35.2 
24.6 24.7 25.2 24.9 25.2 25.6 26.5 26.8 27.4 28.1 28.7 29.2 29.8 30.4 30.7 31.5 32.1 32.6 33.1 33.4 33.7 34.1 34.3 34.6 34.9 35.1 35.4 
24.6 24.6 25.2 24.7 25.3 25.9 26.5 27.1 27.9 28.5 29.0 29.7 30.2 31.0 31.3 32.1 32.5 33.0 33.4 33.7 34.0 34.3 34.5 34.8 35.1 35.4 35.6 
24.4 25.0 25.0 24.6 25.7 25.9 26.4 27.2 28.1 28.8 29.4 30.0 30.7 31.4 31.9 32.5 33.0 33.4 33.8 34.0 34.2 34.5 34.8 35.1 35.3 35.6 35.7 
24.3 24.6 24.6 24.9 25.8 26.0 26.8 27.5 28.4 29.1 29.7 30.4 31.1 31.6 32.4 32.8 33.4 33.8 34.1 34.3 34.5 34.7 35.0 35.3 35.5 35.8 36.0 
24.4 24.9 25.3 25.8 26.3 26.2 27.1 28.0 28.7 29.4 30.0 30.8 31.6 32.3 32.8 33.4 33.7 34.0 34.4 34.6 34.8 35.0 35.3 35.4 35.6 35.8 0.00 
24.5 25.2 25.4 26.1 26.3 26.6 27.2 28.3 28.9 29.7 30.2 31.1 32.0 32.6 33.2 33.6 34.0 34.4 34.7 34.9 35.1 35.2 35.4 35.6 35.8 35.9 0.00 
24.7 24.9 25.6 26.0 26.5 26.8 27.4 28.3 29.0 29.9 30.6 31.2 31.8 32.8 33.3 33.8 34.1 34.6 35.0 35.2 35.3 35.4 35.5 35.7 0.00 0.00 0.00 
24.7 25.1 25.5 25.8 26.7 27.0 27.7 28.6 29.4 30.1 30.7 31.4 32.2 32.5 33.4 33.9 34.3 34.7 35.0 35.2 35.3 35.4 35.7 35.8 36.0 0.00 0.00 
24.7 25.1 25.6 26.2 27.0 27.2 27.7 28.8 29.6 30.2 31.0 31.6 32.2 32.8 33.4 33.9 34.4 34.7 34.9 35.1 35.3 35.4 35.6 0.00 0.00 0.00 0.00 
24.8 25.3 25.8 26.5 27.0 27.3 27.7 28.9 29.7 30.2 31.0 31.6 32.1 32.7 33.4 33.8 34.2 34.6 34.8 34.9 35.2 35.3 0.00 0.00 0.00 0.00 0.00 
24.8 25.3 25.7 26.5 26.9 27.3 27.8 28.8 29.6 30.2 30.9 31.5 32.0 32.7 33.3 33.7 34.2 34.6 34.8 34.8 35.1 35.2 0.00 0.00 0.00 0.00 0.00 
24.7 25.2 25.6 26.4 27.0 27.5 27.8 28.6 29.6 30.0 30.7 31.4 32.0 32.5 33.0 33.5 34.0 34.4 34.7 34.8 35.0 0.00 0.00 0.00 0.00 0.00 0.00 
25.0 25.2 25.6 26.3 27.1 27.5 27.8 28.4 29.1 30.0 30.5 31.2 31.9 32.4 32.8 33.3 33.8 34.0 34.4 34.5 34.9 0.00 0.00 0.00 0.00 0.00 0.00 
25.1 25.4 25.6 26.1 26.7 27.6 28.0 28.1 29.3 29.9 30.3 30.8 31.6 32.1 32.2 32.9 33.3 33.7 33.8 34.0 0.00 0.00 0.00 0.00 0.00 0.00 0.00 
25.1 25.5 25.8 26.0 26.6 27.1 27.5 28.0 29.2 29.6 29.9 30.8 31.4 31.6 31.7 32.5 33.0 33.4 33.4 0.00 0.00 0.00 0.00 0.00 0.00 0.00 0.00 
25.1 25.6 26.1 26.5 27.0 27.6 27.5 28.4 29.1 29.3 29.8 30.4 31.0 30.9 31.3 31.8 32.5 33.0 33.3 0.00 0.00 0.00 0.00 0.00 0.00 0.00 0.00 
25.1 25.7 26.2 26.7 27.1 27.2 27.8 27.7 28.2 29.1 29.5 30.3 30.8 30.5 30.8 31.7 32.3 32.7 33.0 0.00 0.00 0.00 0.00 0.00 0.00 0.00 0.00 
25.3 26.0 26.1 26.5 26.9 27.3 27.3 27.8 28.4 28.2 28.7 29.6 30.5 30.0 30.8 31.1 31.7 31.9 0.00 0.00 0.00 0.00 0.00 0.00 0.00 0.00 0.00 
25.3 26.1 26.5 26.9 27.3 27.5 27.5 28.0 28.8 28.7 28.6 29.4 30.3 30.5 0.00 0.00 0.00 0.00 0.00 0.00 0.00 0.00 0.00 0.00 0.00 0.00 0.00 
25.4 26.1 26.6 27.1 27.1 27.0 27.4 28.3 28.7 29.0 29.4 29.2 29.9 29.9 29.6 0.00 0.00 0.00 0.00 0.00 0.00 0.00 0.00 0.00 0.00 0.00 0.00 
