2016_CCC_ARR_IFD/catchment_depth_20min_00100aep.txt.asc
ncols         27
nrows         23
xllcorner     150.975
yllcorner     -33.6
cellsize      0.025
NODATA_value  -9999
63.9 63.7 64.8 65.6 65.4 65.4 66.0 67.4 68.9 70.8 72.5 73.6 74.8 75.6 76.8 77.8 80.3 83.1 84.5 85.7 86.8 87.8 88.6 89.4 90.0 90.7 91.5 
64.2 64.2 64.6 65.6 66.0 66.3 66.7 67.9 69.7 71.6 73.0 73.8 75.1 76.4 77.1 79.9 82.1 83.9 85.3 86.5 87.5 88.4 89.1 89.8 90.5 91.2 91.9 
63.3 64.2 65.3 65.6 65.8 66.5 67.3 68.4 70.6 72.1 73.4 74.6 75.9 77.7 78.2 78.9 82.0 84.6 86.0 87.2 88.0 88.8 89.5 90.2 90.9 91.6 92.2 
63.9 64.1 65.4 64.2 65.0 66.0 68.1 69.0 70.5 72.3 73.9 75.3 76.7 78.3 79.2 81.9 83.6 85.3 86.5 87.5 88.4 89.1 89.9 90.6 91.2 91.9 92.6 
63.7 63.7 65.0 63.7 65.2 66.5 68.1 69.5 71.5 73.2 74.4 76.2 77.4 79.7 80.6 83.2 84.3 85.9 86.9 87.8 88.6 89.3 90.1 90.8 91.5 92.2 92.8 
63.0 64.5 64.4 63.2 65.9 66.4 67.7 69.6 71.9 73.7 75.0 76.8 78.7 80.5 81.8 83.8 85.2 86.4 87.4 87.9 88.6 89.5 90.3 91.0 91.8 92.5 92.9 
62.7 63.4 63.3 63.8 66.2 66.5 68.4 70.3 72.4 74.2 75.7 77.6 79.7 80.5 82.8 84.1 85.6 86.8 87.8 88.3 88.9 89.7 90.5 91.2 92.0 92.6 93.2 
62.9 64.1 65.1 66.1 67.3 67.1 69.0 71.3 73.1 74.7 76.3 78.6 80.6 82.3 83.2 85.0 86.0 86.9 87.9 88.5 89.2 90.0 90.7 91.3 92.0 92.6 0.00 
63.2 64.8 65.3 66.8 67.1 68.0 69.3 72.1 73.4 75.2 76.6 78.7 81.2 82.9 84.2 85.3 86.2 87.2 88.1 88.8 89.5 90.1 90.7 91.4 92.0 92.5 0.00 
63.6 64.1 65.7 66.5 67.8 68.4 69.8 71.8 73.6 75.7 77.2 78.8 80.2 83.1 84.3 85.6 86.2 87.3 88.3 89.1 89.7 90.2 90.8 91.5 0.00 0.00 0.00 
63.7 64.4 65.3 66.0 68.2 68.8 70.4 72.5 74.3 76.1 77.4 79.3 81.2 82.0 84.3 85.6 86.5 87.4 88.2 88.9 89.5 90.1 90.8 91.5 92.0 0.00 0.00 
63.6 64.4 65.6 67.1 68.8 69.2 70.4 72.9 74.8 76.2 77.9 79.3 81.1 82.8 84.2 85.6 86.7 87.4 87.9 88.6 89.3 89.9 90.6 0.00 0.00 0.00 0.00 
63.8 65.0 66.2 67.7 68.8 69.4 70.5 73.1 74.8 76.1 77.9 79.3 80.5 82.6 84.1 85.3 86.1 87.2 87.7 88.3 89.0 89.6 0.00 0.00 0.00 0.00 0.00 
63.9 65.0 65.9 67.7 68.5 69.4 70.8 73.0 74.6 76.1 77.7 79.3 80.3 82.2 83.8 85.0 86.1 87.1 87.6 87.9 88.7 89.1 0.00 0.00 0.00 0.00 0.00 
63.6 64.6 65.6 67.4 68.8 70.0 70.7 72.4 74.6 75.8 77.4 79.0 80.2 81.9 83.4 84.6 85.7 86.6 87.4 87.7 88.5 0.00 0.00 0.00 0.00 0.00 0.00 
64.4 64.8 65.6 67.3 69.0 69.8 70.6 72.2 73.8 75.7 77.0 78.6 79.9 81.5 83.0 84.1 85.1 85.7 86.6 87.0 87.9 0.00 0.00 0.00 0.00 0.00 0.00 
64.8 65.4 65.6 66.7 68.1 70.1 71.0 71.4 73.9 75.4 76.5 77.8 79.5 80.9 81.7 83.2 84.1 85.0 85.4 86.0 0.00 0.00 0.00 0.00 0.00 0.00 0.00 
64.8 65.7 66.1 66.5 67.8 69.0 70.0 71.3 73.7 74.8 75.7 77.7 78.9 80.0 80.5 82.2 83.4 84.3 84.5 0.00 0.00 0.00 0.00 0.00 0.00 0.00 0.00 
64.4 65.5 66.8 67.6 68.7 69.8 69.9 71.8 73.4 74.1 75.4 76.8 78.2 78.4 79.5 80.7 82.1 83.2 84.0 0.00 0.00 0.00 0.00 0.00 0.00 0.00 0.00 
64.2 65.6 66.7 67.8 68.5 68.9 70.2 70.4 71.6 73.6 74.7 76.4 77.5 77.4 78.4 80.2 81.5 82.4 83.2 0.00 0.00 0.00 0.00 0.00 0.00 0.00 0.00 
64.4 66.0 66.3 67.1 67.9 68.9 69.2 70.5 71.8 71.9 73.1 75.0 76.8 76.4 78.0 78.9 80.1 80.8 0.00 0.00 0.00 0.00 0.00 0.00 0.00 0.00 0.00 
64.2 65.9 66.8 67.7 68.6 69.2 69.4 70.6 72.3 72.5 72.7 74.4 76.2 76.9 0.00 0.00 0.00 0.00 0.00 0.00 0.00 0.00 0.00 0.00 0.00 0.00 0.00 
64.2 65.6 66.7 67.8 68.0 67.9 69.0 70.8 72.0 72.8 73.7 73.8 75.3 75.6 75.4 0.00 0.00 0.00 0.00 0.00 0.00 0.00 0.00 0.00 0.00 0.00 0.00 
