2016_CCC_ARR_IFD/catchment_depth_360min_18127aep.txt.asc
ncols         27
nrows         23
xllcorner     150.975
yllcorner     -33.6
cellsize      0.025
NODATA_value  -9999
60.2 60.3 62.0 63.3 62.9 62.3 62.6 64.2 65.9 68.6 71.7 73.0 73.5 76.0 76.9 78.3 77.5 76.7 78.0 79.2 80.2 81.5 82.8 83.4 84.1 84.8 85.5 
61.4 61.8 62.5 63.9 64.4 64.5 64.4 65.6 67.7 70.6 73.5 75.8 76.0 76.6 78.6 77.0 76.7 77.5 78.7 79.8 81.0 82.1 83.1 83.9 84.7 85.4 86.1 
60.9 62.4 64.1 64.7 64.8 65.5 66.1 67.0 70.0 71.9 74.1 75.7 76.0 75.7 78.7 80.4 79.3 78.5 79.7 80.7 81.8 82.7 83.6 84.5 85.4 86.1 86.8 
62.4 63.0 64.8 63.6 64.6 65.6 68.2 68.5 69.7 72.1 74.4 75.1 76.5 77.3 79.4 78.5 79.2 79.6 80.8 81.8 82.9 83.7 84.5 85.3 86.0 86.9 88.0 
62.7 63.1 65.0 64.0 65.6 67.0 68.6 70.0 72.5 75.2 75.2 74.7 77.8 77.2 79.5 79.0 80.5 81.0 82.1 83.2 84.0 84.7 85.3 86.1 86.8 87.7 88.4 
62.4 64.6 64.9 64.3 67.1 67.5 68.3 70.1 73.6 76.4 75.8 76.7 77.5 78.5 80.1 80.2 81.6 82.7 83.8 84.4 85.0 85.7 86.3 86.9 87.7 88.6 88.8 
62.0 63.8 64.2 65.2 68.1 68.0 69.9 71.9 74.8 77.8 77.4 77.7 77.7 81.2 81.2 81.6 83.1 84.3 85.3 85.9 86.3 86.9 87.3 87.7 88.4 89.3 90.2 
62.2 65.0 66.6 68.1 69.7 68.7 71.3 74.4 76.8 79.2 78.3 77.9 79.5 81.1 82.9 83.6 84.6 85.8 86.7 87.2 87.5 87.9 88.2 88.3 88.8 89.3 0.00 
63.1 65.9 67.1 69.3 69.7 70.5 71.5 76.2 77.3 80.3 81.9 81.0 81.1 82.1 83.9 84.9 86.1 87.4 88.3 88.7 88.8 88.7 88.8 88.9 89.3 89.6 0.00 
63.9 64.9 67.6 69.0 70.9 71.1 72.0 75.0 76.8 81.5 82.9 83.3 84.9 83.9 84.7 86.3 87.3 88.9 89.9 90.1 89.9 89.5 89.4 89.6 0.00 0.00 0.00 
64.1 65.4 66.9 67.6 71.6 71.8 73.7 77.1 79.5 83.2 85.0 83.3 83.9 86.8 86.5 87.6 88.5 89.8 90.6 90.5 90.3 90.1 90.2 90.3 90.5 0.00 0.00 
63.8 65.3 67.4 69.8 72.7 72.6 73.4 78.1 81.7 82.7 86.3 87.0 85.1 86.2 87.3 88.3 89.4 90.2 90.5 90.6 90.6 90.6 90.7 0.00 0.00 0.00 0.00 
64.3 66.3 68.4 71.0 72.7 73.1 73.7 79.0 81.9 81.7 86.0 86.8 88.5 86.2 87.5 88.4 89.2 90.4 90.4 90.6 90.8 90.9 0.00 0.00 0.00 0.00 0.00 
64.6 66.3 67.9 70.9 72.0 73.3 74.9 78.8 81.3 82.3 85.3 85.6 88.9 88.1 88.4 88.7 90.0 91.1 91.0 90.7 91.2 91.0 0.00 0.00 0.00 0.00 0.00 
64.6 66.1 67.7 70.4 72.8 74.8 75.1 77.6 81.7 81.8 83.8 86.6 88.7 87.9 87.7 88.7 90.1 91.3 91.9 91.3 92.1 0.00 0.00 0.00 0.00 0.00 0.00 
65.4 66.5 67.9 70.5 73.6 74.9 75.6 77.8 80.0 82.9 83.7 85.7 88.5 88.0 87.5 88.9 90.7 90.1 91.2 91.0 93.6 0.00 0.00 0.00 0.00 0.00 0.00 
65.8 66.9 68.4 70.2 72.5 76.1 77.2 77.1 81.3 83.4 83.9 84.4 87.7 87.6 86.7 88.2 89.0 90.0 89.8 90.1 0.00 0.00 0.00 0.00 0.00 0.00 0.00 
66.1 67.5 69.2 70.6 72.7 74.7 76.2 78.0 82.1 83.2 83.4 86.6 87.8 86.8 85.9 88.1 89.5 90.0 89.5 0.00 0.00 0.00 0.00 0.00 0.00 0.00 0.00 
67.0 68.4 70.8 72.6 74.8 76.9 77.1 80.0 82.7 82.9 84.3 85.6 87.3 85.0 85.6 86.8 88.3 89.6 90.2 0.00 0.00 0.00 0.00 0.00 0.00 0.00 0.00 
67.8 69.7 71.9 74.0 75.4 76.4 78.6 78.5 80.3 83.3 84.2 86.3 87.3 84.6 85.0 87.8 89.4 90.3 90.7 0.00 0.00 0.00 0.00 0.00 0.00 0.00 0.00 
69.1 71.7 72.5 74.0 75.6 77.4 77.9 80.0 82.0 80.8 81.8 84.8 87.2 84.1 86.3 86.6 88.0 88.2 0.00 0.00 0.00 0.00 0.00 0.00 0.00 0.00 0.00 
69.8 72.7 74.5 76.3 77.8 78.8 79.2 81.2 83.8 83.5 82.5 84.7 87.7 87.4 0.00 0.00 0.00 0.00 0.00 0.00 0.00 0.00 0.00 0.00 0.00 0.00 0.00 
70.9 73.6 75.7 77.7 78.0 77.7 79.4 82.4 84.1 85.0 85.9 84.7 86.8 85.8 83.4 0.00 0.00 0.00 0.00 0.00 0.00 0.00 0.00 0.00 0.00 0.00 0.00 
