2016_CCC_ARR_IFD/catchment_depth_720min_01000aep.txt.asc
ncols         27
nrows         23
xllcorner     150.975
yllcorner     -33.6
cellsize      0.025
NODATA_value  -9999
150 151 157 161 160 158 158 164 170 180 190 195 196 205 208 212 209 204 209 213 216 221 226 227 228 230 232 
155 156 159 164 165 166 165 169 176 187 196 203 204 207 213 207 204 206 209 213 217 221 224 226 228 230 232 
153 159 165 167 167 169 171 174 184 191 198 204 205 203 213 219 214 210 212 214 218 221 223 226 229 230 232 
159 161 167 163 166 169 178 179 183 191 199 201 206 209 215 211 213 211 214 217 220 222 225 227 229 231 235 
160 162 168 165 170 175 180 184 193 202 202 199 210 207 215 212 217 215 218 221 222 224 225 228 230 233 235 
159 167 168 166 175 176 178 184 197 206 203 206 209 212 217 213 218 221 224 222 224 226 227 228 231 234 234 
158 165 166 169 179 178 184 191 201 211 209 210 207 221 220 215 221 225 226 226 226 228 229 230 232 236 239 
158 169 174 179 185 180 189 199 208 215 212 208 214 219 226 225 223 225 228 228 228 230 230 230 231 233 0.00 
162 172 176 184 184 186 189 206 209 219 224 220 219 220 227 226 226 229 230 231 231 230 230 230 231 232 0.00 
165 168 178 182 188 188 190 200 206 223 228 228 233 227 226 230 228 231 233 234 233 231 231 231 0.00 0.00 0.00 
165 170 175 176 191 190 196 208 216 229 235 227 227 238 234 236 232 233 234 234 233 232 233 233 233 0.00 0.00 
164 169 176 184 194 193 194 211 224 226 239 240 231 233 236 237 237 236 234 234 234 233 233 0.00 0.00 0.00 0.00 
166 173 180 189 194 194 194 214 224 221 237 238 244 231 234 234 234 237 234 234 234 234 0.00 0.00 0.00 0.00 0.00 
167 173 178 188 191 194 198 212 220 222 233 232 244 238 237 235 238 241 237 235 235 234 0.00 0.00 0.00 0.00 0.00 
166 171 176 186 193 200 198 206 221 219 225 235 242 236 233 235 239 242 242 237 240 0.00 0.00 0.00 0.00 0.00 0.00 
170 173 176 186 196 199 198 205 212 222 223 230 240 235 232 236 241 236 238 236 247 0.00 0.00 0.00 0.00 0.00 0.00 
173 176 178 183 191 203 205 201 217 224 223 223 235 233 229 232 234 235 233 232 0.00 0.00 0.00 0.00 0.00 0.00 0.00 
174 178 182 184 190 196 199 203 219 220 219 231 234 228 224 231 235 235 231 0.00 0.00 0.00 0.00 0.00 0.00 0.00 0.00 
176 181 188 193 199 205 201 211 220 217 221 225 230 220 221 225 229 232 233 0.00 0.00 0.00 0.00 0.00 0.00 0.00 0.00 
178 185 192 198 201 201 207 203 207 217 219 227 229 217 218 227 232 234 235 0.00 0.00 0.00 0.00 0.00 0.00 0.00 0.00 
183 193 194 197 201 205 203 208 213 206 208 218 227 214 221 222 226 225 0.00 0.00 0.00 0.00 0.00 0.00 0.00 0.00 0.00 
185 196 201 206 210 211 208 213 222 216 210 217 229 226 0.00 0.00 0.00 0.00 0.00 0.00 0.00 0.00 0.00 0.00 0.00 0.00 0.00 
189 199 206 212 210 206 209 219 223 223 225 217 224 218 209 0.00 0.00 0.00 0.00 0.00 0.00 0.00 0.00 0.00 0.00 0.00 0.00 
