2016_CCC_ARR_IFD/catchment_depth_4min_98168aep.txt.asc
ncols         27
nrows         23
xllcorner     150.975
yllcorner     -33.6
cellsize      0.025
NODATA_value  -9999
2.93 2.92 2.95 2.97 2.95 2.94 2.94 2.98 3.02 3.10 3.18 3.22 3.24 3.31 3.34 3.39 3.39 3.46 3.51 3.56 3.61 3.65 3.69 3.74 3.78 3.82 3.86 
2.97 2.97 2.98 3.00 3.01 3.01 3.01 3.04 3.09 3.17 3.25 3.31 3.32 3.34 3.40 3.39 3.44 3.51 3.57 3.62 3.66 3.70 3.75 3.79 3.83 3.86 3.90 
2.97 2.99 3.03 3.04 3.04 3.05 3.07 3.09 3.17 3.22 3.28 3.33 3.34 3.36 3.43 3.48 3.49 3.54 3.61 3.67 3.71 3.75 3.79 3.83 3.87 3.90 3.94 
3.01 3.02 3.06 3.03 3.05 3.08 3.14 3.15 3.18 3.25 3.31 3.33 3.38 3.41 3.47 3.49 3.54 3.61 3.66 3.72 3.76 3.80 3.84 3.88 3.91 3.94 3.97 
3.03 3.04 3.08 3.06 3.09 3.13 3.17 3.20 3.27 3.34 3.35 3.35 3.43 3.44 3.50 3.54 3.59 3.66 3.72 3.77 3.81 3.85 3.89 3.92 3.95 3.98 4.01 
3.04 3.09 3.09 3.09 3.15 3.16 3.18 3.23 3.32 3.39 3.38 3.42 3.45 3.49 3.55 3.61 3.65 3.70 3.76 3.83 3.87 3.90 3.93 3.96 3.99 4.02 4.05 
3.04 3.08 3.09 3.12 3.18 3.19 3.23 3.29 3.36 3.45 3.44 3.46 3.48 3.57 3.59 3.66 3.71 3.76 3.82 3.88 3.92 3.95 3.98 4.00 4.03 4.06 4.09 
3.05 3.12 3.16 3.20 3.24 3.22 3.28 3.37 3.43 3.50 3.48 3.48 3.53 3.58 3.64 3.70 3.77 3.83 3.89 3.93 3.97 4.00 4.02 4.04 4.07 4.09 0.00 
3.08 3.15 3.18 3.24 3.25 3.27 3.30 3.43 3.46 3.55 3.60 3.57 3.58 3.63 3.69 3.75 3.83 3.89 3.95 3.98 4.01 4.04 4.06 4.08 4.10 4.13 0.00 
3.11 3.13 3.21 3.24 3.29 3.30 3.32 3.40 3.46 3.60 3.65 3.66 3.71 3.68 3.73 3.79 3.88 3.95 4.00 4.03 4.06 4.07 4.09 4.11 0.00 0.00 0.00 
3.12 3.15 3.19 3.21 3.32 3.32 3.38 3.48 3.55 3.67 3.73 3.66 3.68 3.78 3.78 3.83 3.91 3.98 4.04 4.07 4.09 4.11 4.13 4.15 4.17 0.00 0.00 
3.11 3.15 3.22 3.28 3.37 3.36 3.38 3.52 3.63 3.66 3.78 3.80 3.73 3.77 3.82 3.87 3.93 4.00 4.05 4.09 4.12 4.14 4.16 0.00 0.00 0.00 0.00 
3.13 3.20 3.26 3.33 3.38 3.38 3.40 3.56 3.65 3.64 3.78 3.80 3.86 3.78 3.84 3.89 3.95 4.01 4.06 4.11 4.14 4.17 0.00 0.00 0.00 0.00 0.00 
3.15 3.20 3.25 3.34 3.37 3.40 3.44 3.56 3.64 3.66 3.76 3.77 3.89 3.86 3.87 3.91 3.97 4.03 4.08 4.13 4.17 4.19 0.00 0.00 0.00 0.00 0.00 
3.14 3.19 3.25 3.34 3.41 3.46 3.46 3.53 3.66 3.66 3.72 3.82 3.90 3.86 3.87 3.92 3.99 4.06 4.11 4.15 4.20 0.00 0.00 0.00 0.00 0.00 0.00 
3.22 3.23 3.27 3.35 3.44 3.47 3.49 3.55 3.62 3.71 3.74 3.80 3.91 3.89 3.88 3.94 4.03 4.06 4.12 4.17 4.22 0.00 0.00 0.00 0.00 0.00 0.00 
3.26 3.29 3.30 3.35 3.42 3.53 3.55 3.56 3.68 3.75 3.76 3.79 3.90 3.90 3.90 3.96 4.02 4.08 4.13 4.18 0.00 0.00 0.00 0.00 0.00 0.00 0.00 
3.29 3.33 3.35 3.38 3.44 3.50 3.54 3.60 3.72 3.76 3.77 3.88 3.93 3.92 3.94 4.00 4.06 4.11 4.15 0.00 0.00 0.00 0.00 0.00 0.00 0.00 0.00 
3.31 3.35 3.42 3.46 3.52 3.58 3.59 3.67 3.76 3.77 3.83 3.88 3.95 3.93 3.98 4.03 4.09 4.15 4.20 0.00 0.00 0.00 0.00 0.00 0.00 0.00 0.00 
3.34 3.40 3.46 3.51 3.55 3.58 3.65 3.67 3.72 3.81 3.86 3.94 4.00 3.98 4.03 4.10 4.16 4.21 4.25 0.00 0.00 0.00 0.00 0.00 0.00 0.00 0.00 
3.39 3.46 3.48 3.53 3.58 3.63 3.67 3.73 3.79 3.81 3.87 3.96 4.04 4.03 4.10 4.14 4.19 4.23 0.00 0.00 0.00 0.00 0.00 0.00 0.00 0.00 0.00 
3.43 3.50 3.55 3.60 3.65 3.69 3.72 3.79 3.88 3.90 3.93 4.01 4.11 4.14 0.00 0.00 0.00 0.00 0.00 0.00 0.00 0.00 0.00 0.00 0.00 0.00 0.00 
3.47 3.53 3.59 3.65 3.68 3.71 3.77 3.86 3.93 3.99 4.05 4.08 4.15 4.18 4.18 0.00 0.00 0.00 0.00 0.00 0.00 0.00 0.00 0.00 0.00 0.00 0.00 
