2016_CCC_ARR_IFD/catchment_depth_360min_63212aep.txt.asc
ncols         27
nrows         23
xllcorner     150.975
yllcorner     -33.6
cellsize      0.025
NODATA_value  -9999
38.2 38.1 39.1 39.7 39.3 38.9 38.9 39.8 40.6 42.1 43.9 44.5 44.7 46.2 46.6 47.4 46.7 46.5 47.2 47.8 48.3 48.9 49.5 49.8 50.2 50.6 50.9 
38.9 39.0 39.4 40.1 40.2 40.2 40.0 40.6 41.7 43.3 45.0 46.4 46.3 46.5 47.7 46.5 46.6 47.1 47.8 48.4 48.9 49.5 50.0 50.4 50.8 51.1 51.5 
38.6 39.4 40.3 40.5 40.5 40.8 41.0 41.4 43.0 44.0 45.2 46.2 46.1 45.9 47.6 48.6 47.8 47.7 48.5 49.1 49.6 50.1 50.5 50.9 51.4 51.7 52.0 
39.5 39.7 40.7 39.9 40.4 40.8 42.2 42.3 42.9 44.1 45.3 45.6 46.4 46.8 47.9 47.5 48.0 48.6 49.3 49.9 50.4 50.9 51.3 51.6 52.0 52.4 52.9 
39.6 39.9 40.8 40.2 41.0 41.7 42.5 43.1 44.4 45.9 45.8 45.5 47.1 46.8 48.0 48.0 48.7 49.4 50.2 50.8 51.3 51.7 51.9 52.3 52.6 53.0 53.3 
39.5 40.7 40.8 40.5 41.9 42.0 42.4 43.3 45.1 46.6 46.1 46.6 47.0 47.6 48.4 48.9 49.6 50.3 51.0 51.7 52.1 52.5 52.7 52.9 53.3 53.7 53.8 
39.4 40.3 40.5 41.1 42.5 42.4 43.4 44.3 45.8 47.4 47.0 47.2 47.4 49.0 49.1 49.9 50.6 51.3 52.0 52.6 53.0 53.2 53.4 53.6 53.9 54.3 54.7 
39.6 41.0 41.9 42.6 43.4 42.9 44.2 45.7 46.9 48.2 47.6 47.5 48.3 49.1 49.9 50.7 51.6 52.4 53.1 53.5 53.7 54.0 54.1 54.1 54.3 54.5 0.00 
40.1 41.6 42.2 43.4 43.5 43.9 44.4 46.8 47.3 48.8 49.6 49.1 49.2 49.9 50.7 51.6 52.6 53.4 54.1 54.4 54.5 54.5 54.5 54.6 54.8 54.9 0.00 
40.6 41.1 42.6 43.2 44.2 44.4 44.8 46.3 47.2 49.5 50.2 50.4 51.2 50.8 51.5 52.4 53.4 54.4 55.1 55.2 55.2 55.0 55.0 55.1 0.00 0.00 0.00 
40.7 41.5 42.3 42.7 44.7 44.8 45.8 47.5 48.7 50.6 51.5 50.6 50.9 52.3 52.3 53.0 53.9 54.9 55.5 55.5 55.5 55.4 55.5 55.6 55.7 0.00 0.00 
40.7 41.5 42.7 43.9 45.4 45.4 45.9 48.1 50.0 50.4 52.3 52.6 51.7 52.2 52.9 53.5 54.2 55.0 55.4 55.6 55.7 55.7 55.8 0.00 0.00 0.00 0.00 
41.0 42.1 43.3 44.6 45.5 45.8 46.2 48.8 50.2 50.2 52.3 52.7 53.5 52.4 53.1 53.7 54.3 55.1 55.4 55.6 55.8 55.9 0.00 0.00 0.00 0.00 0.00 
41.3 42.2 43.1 44.7 45.4 46.1 47.0 48.9 50.1 50.6 52.1 52.3 53.9 53.5 53.7 53.9 54.7 55.3 55.6 55.6 56.0 56.0 0.00 0.00 0.00 0.00 0.00 
41.4 42.3 43.2 44.6 45.9 47.0 47.3 48.6 50.5 50.7 51.7 53.0 54.1 53.6 53.4 54.0 54.8 55.5 56.0 55.9 56.4 0.00 0.00 0.00 0.00 0.00 0.00 
41.9 42.6 43.5 44.8 46.4 47.2 47.8 48.9 50.1 51.5 51.9 52.9 54.3 53.9 53.4 54.2 55.3 55.1 55.7 55.9 57.2 0.00 0.00 0.00 0.00 0.00 0.00 
42.2 42.8 43.8 44.9 46.1 47.9 48.7 48.9 50.9 52.0 52.4 52.6 54.1 53.9 53.3 54.0 54.5 55.1 55.3 55.6 0.00 0.00 0.00 0.00 0.00 0.00 0.00 
42.4 43.2 44.2 45.2 46.4 47.6 48.6 49.7 51.5 52.2 52.5 53.9 54.5 53.9 53.4 54.3 55.0 55.3 55.3 0.00 0.00 0.00 0.00 0.00 0.00 0.00 0.00 
43.0 43.8 45.1 46.2 47.4 48.7 49.3 50.8 52.0 52.6 53.3 53.9 54.6 53.4 53.6 54.1 54.8 55.4 55.8 0.00 0.00 0.00 0.00 0.00 0.00 0.00 0.00 
43.5 44.5 45.7 46.9 47.9 48.8 50.1 50.6 51.7 53.2 53.8 54.6 55.1 53.7 53.8 55.1 55.8 56.2 56.5 0.00 0.00 0.00 0.00 0.00 0.00 0.00 0.00 
44.2 45.5 46.1 47.1 48.2 49.3 50.2 51.5 52.8 52.4 53.0 54.4 55.4 53.8 54.8 54.9 55.5 55.6 0.00 0.00 0.00 0.00 0.00 0.00 0.00 0.00 0.00 
44.7 46.1 47.1 48.1 49.1 50.0 50.8 52.1 53.3 54.0 53.7 54.7 55.9 55.8 0.00 0.00 0.00 0.00 0.00 0.00 0.00 0.00 0.00 0.00 0.00 0.00 0.00 
45.3 46.6 47.7 48.8 49.3 49.8 51.0 52.5 53.6 54.4 55.1 54.9 55.9 55.4 54.2 0.00 0.00 0.00 0.00 0.00 0.00 0.00 0.00 0.00 0.00 0.00 0.00 
