2016_CCC_ARR_IFD/catchment_depth_20min_00200aep.txt.asc
ncols         27
nrows         23
xllcorner     150.975
yllcorner     -33.6
cellsize      0.025
NODATA_value  -9999
57.7 57.5 58.5 59.2 59.0 58.9 59.3 60.6 61.9 63.7 65.3 66.2 67.3 68.0 69.0 69.9 71.8 73.8 75.0 76.0 76.8 77.7 78.5 79.0 79.6 80.2 80.8 
58.0 58.1 58.4 59.3 59.6 59.8 60.0 61.1 62.7 64.5 65.8 66.6 67.7 68.7 69.3 71.5 73.2 74.6 75.6 76.6 77.4 78.2 78.9 79.5 80.1 80.7 81.3 
57.3 58.1 59.1 59.3 59.4 60.0 60.7 61.6 63.6 65.0 66.2 67.2 68.3 69.7 70.3 71.0 73.4 75.4 76.3 77.2 77.9 78.6 79.2 79.9 80.5 81.1 81.7 
57.9 58.0 59.2 58.0 58.7 59.6 61.5 62.2 63.5 65.2 66.6 67.8 69.0 70.3 71.2 73.3 74.7 76.0 76.8 77.6 78.4 79.0 79.7 80.3 80.9 81.5 82.1 
57.7 57.7 58.9 57.6 58.9 60.1 61.5 62.8 64.5 66.1 67.1 68.5 69.7 71.5 72.4 74.4 75.4 76.5 77.3 78.1 78.7 79.3 79.9 80.6 81.2 81.9 82.4 
57.2 58.5 58.3 57.2 59.7 60.0 61.2 62.8 65.0 66.6 67.6 69.1 70.7 72.3 73.4 74.9 76.2 77.2 78.0 78.3 78.8 79.6 80.2 80.9 81.6 82.2 82.5 
56.9 57.5 57.3 57.8 60.0 60.2 61.8 63.5 65.5 67.1 68.3 69.9 71.6 72.4 74.3 75.3 76.6 77.7 78.4 78.7 79.2 79.9 80.6 81.2 81.8 82.4 82.9 
57.1 58.2 59.1 60.0 61.1 60.7 62.5 64.6 66.2 67.6 68.9 70.8 72.6 74.0 74.8 76.3 77.0 77.8 78.6 79.0 79.6 80.3 80.9 81.3 81.9 82.4 0.00 
57.4 58.9 59.4 60.7 60.9 61.7 62.8 65.3 66.5 68.1 69.4 71.0 73.2 74.6 75.8 76.6 77.3 78.1 78.8 79.4 80.0 80.4 81.0 81.5 82.1 82.4 0.00 
57.9 58.3 59.8 60.4 61.6 62.1 63.3 65.1 66.7 68.6 70.0 71.3 72.5 74.9 75.9 77.0 77.4 78.4 79.1 79.8 80.3 80.6 81.2 81.8 0.00 0.00 0.00 
58.0 58.7 59.5 60.0 62.0 62.5 63.9 65.9 67.4 69.1 70.2 71.8 73.4 74.2 76.0 77.1 77.8 78.5 79.2 79.7 80.2 80.7 81.3 81.9 82.3 0.00 0.00 
58.0 58.7 59.8 61.1 62.7 63.0 64.0 66.2 68.0 69.2 70.7 71.9 73.4 74.9 76.1 77.2 78.2 78.7 79.1 79.6 80.1 80.6 81.2 0.00 0.00 0.00 0.00 
58.2 59.3 60.4 61.7 62.7 63.2 64.1 66.5 68.1 69.2 70.8 72.0 73.1 74.8 76.0 77.0 77.7 78.6 78.9 79.4 79.9 80.4 0.00 0.00 0.00 0.00 0.00 
58.4 59.3 60.2 61.7 62.5 63.3 64.4 66.4 67.9 69.2 70.7 72.0 72.9 74.5 75.9 76.9 77.8 78.7 79.0 79.2 79.8 80.1 0.00 0.00 0.00 0.00 0.00 
58.1 59.0 59.9 61.5 62.8 63.9 64.4 66.0 67.9 68.9 70.4 71.8 72.9 74.4 75.6 76.6 77.6 78.3 79.0 79.2 79.8 0.00 0.00 0.00 0.00 0.00 0.00 
58.9 59.3 59.9 61.5 63.0 63.8 64.4 65.8 67.2 68.9 70.1 71.5 72.7 74.0 75.3 76.3 77.2 77.6 78.4 78.6 79.5 0.00 0.00 0.00 0.00 0.00 0.00 
59.3 59.8 60.0 61.0 62.3 64.1 64.8 65.1 67.4 68.7 69.7 70.8 72.4 73.6 74.2 75.5 76.2 77.0 77.3 77.7 0.00 0.00 0.00 0.00 0.00 0.00 0.00 
59.3 60.1 60.5 60.8 62.0 63.1 63.9 65.0 67.3 68.3 69.0 70.8 71.9 72.8 73.1 74.7 75.7 76.5 76.6 0.00 0.00 0.00 0.00 0.00 0.00 0.00 0.00 
59.0 60.0 61.1 61.9 62.8 63.9 63.9 65.6 67.1 67.7 68.8 70.0 71.3 71.4 72.3 73.4 74.6 75.6 76.2 0.00 0.00 0.00 0.00 0.00 0.00 0.00 0.00 
58.8 60.1 61.1 62.1 62.7 63.1 64.2 64.3 65.4 67.2 68.2 69.7 70.8 70.6 71.4 73.1 74.2 75.0 75.6 0.00 0.00 0.00 0.00 0.00 0.00 0.00 0.00 
59.0 60.5 60.8 61.5 62.2 63.1 63.4 64.5 65.7 65.7 66.8 68.6 70.1 69.7 71.2 71.9 73.0 73.6 0.00 0.00 0.00 0.00 0.00 0.00 0.00 0.00 0.00 
58.8 60.4 61.2 62.1 62.8 63.4 63.5 64.7 66.3 66.3 66.5 68.0 69.7 70.3 0.00 0.00 0.00 0.00 0.00 0.00 0.00 0.00 0.00 0.00 0.00 0.00 0.00 
58.8 60.2 61.2 62.2 62.4 62.2 63.2 64.9 65.9 66.7 67.5 67.5 68.9 69.1 68.9 0.00 0.00 0.00 0.00 0.00 0.00 0.00 0.00 0.00 0.00 0.00 0.00 
