2016_CCC_ARR_IFD/catchment_depth_180min_20000aep.txt.asc
ncols         27
nrows         23
xllcorner     150.975
yllcorner     -33.6
cellsize      0.025
NODATA_value  -9999
46.7 46.7 47.7 48.5 48.3 48.0 48.3 49.3 50.4 52.1 54.0 54.9 55.4 56.8 57.5 58.4 58.3 58.3 59.2 60.1 60.9 61.8 62.6 63.2 63.8 64.5 65.1 
47.3 47.5 48.0 48.8 49.1 49.3 49.4 50.2 51.5 53.3 55.1 56.4 56.7 57.3 58.4 57.9 58.0 58.9 59.9 60.7 61.5 62.3 63.0 63.7 64.3 64.9 65.5 
47.1 47.9 48.8 49.2 49.4 49.9 50.4 51.0 52.9 54.1 55.5 56.5 56.9 57.0 58.7 59.7 59.5 59.4 60.5 61.4 62.1 62.8 63.5 64.1 64.8 65.4 65.9 
47.8 48.2 49.2 48.7 49.3 50.0 51.6 52.0 52.8 54.3 55.7 56.3 57.3 58.0 59.2 59.1 59.7 60.4 61.3 62.1 62.8 63.5 64.1 64.7 65.3 65.9 66.6 
47.9 48.3 49.4 48.9 49.9 50.8 51.9 52.8 54.4 56.1 56.3 56.4 58.1 58.2 59.5 59.7 60.6 61.4 62.2 63.0 63.6 64.2 64.7 65.2 65.8 66.4 66.9 
47.8 49.1 49.3 49.0 50.8 51.2 51.9 53.1 55.1 56.8 56.8 57.6 58.3 59.1 60.1 60.8 61.5 62.4 63.2 63.8 64.4 64.9 65.3 65.8 66.3 66.9 67.3 
47.8 48.7 49.0 49.7 51.4 51.6 52.8 54.1 55.9 57.7 57.8 58.3 58.8 60.6 61.0 61.8 62.8 63.5 64.3 64.9 65.2 65.6 66.0 66.4 66.8 67.4 68.0 
48.0 49.3 50.3 51.3 52.4 52.1 53.7 55.5 57.1 58.5 58.5 58.7 59.9 61.0 62.0 62.9 63.9 64.8 65.5 65.9 66.1 66.4 66.6 66.8 67.1 67.5 0.00 
48.4 49.9 50.7 52.0 52.5 53.1 53.9 56.6 57.5 59.3 60.4 60.3 60.8 61.8 62.9 63.9 65.0 66.0 66.7 67.0 67.1 67.0 67.1 67.2 67.5 67.8 0.00 
48.9 49.6 51.0 51.9 53.2 53.6 54.4 56.2 57.4 60.1 61.2 61.7 62.8 62.7 63.7 64.8 65.9 67.1 67.9 67.9 67.8 67.6 67.6 67.6 0.00 0.00 0.00 
49.1 49.9 50.8 51.5 53.6 54.1 55.3 57.4 58.9 61.1 62.3 61.9 62.5 64.1 64.5 65.4 66.6 67.8 68.4 68.4 68.2 68.1 68.1 68.1 68.2 0.00 0.00 
49.1 50.0 51.2 52.6 54.3 54.6 55.4 58.0 60.2 61.0 63.2 63.9 63.3 64.2 65.1 66.0 66.9 67.9 68.3 68.5 68.5 68.4 68.5 0.00 0.00 0.00 0.00 
49.4 50.5 51.7 53.2 54.4 54.9 55.6 58.6 60.4 60.6 63.1 63.8 64.9 64.4 65.4 66.3 67.1 67.9 68.2 68.4 68.6 68.6 0.00 0.00 0.00 0.00 0.00 
49.6 50.5 51.6 53.2 54.2 55.1 56.3 58.5 60.1 61.0 62.8 63.4 65.2 65.2 65.8 66.5 67.4 68.1 68.4 68.5 68.8 68.8 0.00 0.00 0.00 0.00 0.00 
49.8 50.6 51.6 53.1 54.6 55.9 56.5 58.0 60.4 60.9 62.2 63.9 65.2 65.3 65.7 66.5 67.5 68.2 68.8 68.7 69.2 0.00 0.00 0.00 0.00 0.00 0.00 
49.9 50.8 51.8 53.2 55.0 56.0 56.8 58.2 59.6 61.4 62.2 63.5 65.2 65.4 65.6 66.6 67.7 67.8 68.5 68.6 69.8 0.00 0.00 0.00 0.00 0.00 0.00 
50.1 50.9 52.1 53.2 54.6 56.6 57.6 57.9 60.3 61.7 62.3 63.0 64.9 65.2 65.1 66.2 67.0 67.7 67.8 68.1 0.00 0.00 0.00 0.00 0.00 0.00 0.00 
50.3 51.2 52.4 53.5 54.8 56.1 57.1 58.4 60.7 61.6 62.1 64.0 64.9 64.9 64.7 66.1 67.2 67.7 67.6 0.00 0.00 0.00 0.00 0.00 0.00 0.00 0.00 
51.0 51.8 53.2 54.4 55.8 57.2 57.6 59.4 61.0 61.5 62.5 63.6 64.7 63.9 64.5 65.5 66.6 67.5 68.0 0.00 0.00 0.00 0.00 0.00 0.00 0.00 0.00 
51.5 52.5 53.8 55.2 56.2 57.0 58.4 58.6 59.8 61.7 62.5 63.9 64.8 63.7 64.2 66.0 67.0 67.7 68.2 0.00 0.00 0.00 0.00 0.00 0.00 0.00 0.00 
52.2 53.6 54.3 55.3 56.4 57.6 58.1 59.4 60.7 60.4 61.3 63.2 64.7 63.5 64.9 65.4 66.3 66.7 0.00 0.00 0.00 0.00 0.00 0.00 0.00 0.00 0.00 
52.6 54.2 55.3 56.5 57.5 58.3 58.7 60.0 61.7 61.9 61.7 63.1 65.0 65.2 0.00 0.00 0.00 0.00 0.00 0.00 0.00 0.00 0.00 0.00 0.00 0.00 0.00 
53.2 54.8 56.0 57.3 57.7 57.8 58.9 60.7 61.9 62.7 63.5 63.2 64.6 64.4 63.4 0.00 0.00 0.00 0.00 0.00 0.00 0.00 0.00 0.00 0.00 0.00 0.00 
