2016_CCC_ARR_IFD/catchment_depth_4320min_63212aep.txt.asc
ncols         27
nrows         23
xllcorner     150.975
yllcorner     -33.6
cellsize      0.025
NODATA_value  -9999
101 99.9 106 109 105 100 98.0 102 106 113 122 124 123 131 131 134 126 115 117 118 119 121 124 123 123 123 124 
106 106 107 110 110 108 104 106 111 120 129 136 132 131 137 125 120 117 117 118 120 122 123 123 124 124 124 
103 108 113 112 110 110 109 110 119 123 129 133 130 125 135 139 130 124 121 119 121 122 123 123 125 125 125 
109 109 115 107 108 109 116 114 115 122 128 127 129 129 135 128 127 122 122 121 123 123 124 125 126 127 129 
110 109 114 107 111 113 116 118 125 133 129 122 132 125 132 126 130 124 124 125 125 125 125 126 127 129 129 
107 115 113 107 116 113 112 116 127 136 128 128 127 128 131 124 128 130 130 126 126 127 127 127 129 131 129 
103 110 108 109 118 113 117 121 130 139 132 129 123 137 132 124 128 131 131 128 128 128 129 129 131 133 135 
103 113 117 120 123 114 121 130 136 142 133 126 128 131 136 133 129 129 130 129 129 130 130 129 130 131 0.00 
106 117 118 124 121 120 119 135 135 143 146 137 133 131 135 133 131 130 130 131 131 130 130 130 131 131 0.00 
109 110 119 120 124 120 119 127 130 145 146 144 147 137 134 136 131 132 132 133 133 132 132 132 0.00 0.00 0.00 
108 110 114 111 125 121 125 134 139 149 153 142 140 149 143 142 136 134 133 133 133 133 134 135 135 0.00 0.00 
105 108 115 120 129 123 122 136 146 145 155 154 143 144 144 143 142 138 135 135 135 135 135 0.00 0.00 0.00 0.00 
106 113 118 125 127 124 121 138 145 140 152 152 156 142 144 142 140 141 138 137 137 136 0.00 0.00 0.00 0.00 0.00 
107 111 114 123 123 123 125 136 141 141 149 147 156 150 147 145 146 147 142 139 139 138 0.00 0.00 0.00 0.00 0.00 
104 108 111 119 125 128 124 130 142 139 143 150 155 149 146 147 148 149 148 143 145 0.00 0.00 0.00 0.00 0.00 0.00 
109 109 110 118 127 127 125 130 134 142 142 146 154 149 148 149 151 146 147 144 152 0.00 0.00 0.00 0.00 0.00 0.00 
111 112 111 115 120 131 130 126 138 143 142 142 150 148 148 149 147 147 144 142 0.00 0.00 0.00 0.00 0.00 0.00 0.00 
111 114 115 114 119 123 124 127 140 140 139 148 150 147 144 148 149 148 144 0.00 0.00 0.00 0.00 0.00 0.00 0.00 0.00 
111 114 120 123 127 131 126 134 141 138 141 144 148 141 142 144 146 147 146 0.00 0.00 0.00 0.00 0.00 0.00 0.00 0.00 
111 117 123 127 128 127 131 127 130 138 139 145 147 139 140 146 148 149 148 0.00 0.00 0.00 0.00 0.00 0.00 0.00 0.00 
115 123 122 125 127 130 128 131 135 130 132 140 146 137 142 142 144 143 0.00 0.00 0.00 0.00 0.00 0.00 0.00 0.00 0.00 
116 125 129 132 135 135 132 136 143 138 134 139 148 146 0.00 0.00 0.00 0.00 0.00 0.00 0.00 0.00 0.00 0.00 0.00 0.00 0.00 
118 126 132 136 134 131 133 141 145 145 146 140 145 140 134 0.00 0.00 0.00 0.00 0.00 0.00 0.00 0.00 0.00 0.00 0.00 0.00 
