2016_CCC_ARR_IFD/catchment_depth_2160min_20000aep.txt.asc
ncols         27
nrows         23
xllcorner     150.975
yllcorner     -33.6
cellsize      0.025
NODATA_value  -9999
124 123 130 133 130 125 123 128 133 142 153 156 155 165 166 170 163 154 157 160 161 164 167 167 167 167 167 
130 130 131 135 135 133 130 133 139 149 160 168 165 165 172 162 159 156 157 159 162 164 165 166 167 167 167 
127 132 138 138 136 137 136 137 148 153 160 165 163 159 170 176 168 163 161 160 162 164 165 166 168 168 169 
134 134 140 133 134 136 144 143 145 152 159 160 163 164 171 165 166 161 162 162 165 166 167 168 169 170 173 
135 135 141 134 138 141 145 147 155 164 161 156 167 161 169 164 168 164 165 167 167 167 168 169 170 172 173 
133 141 140 134 144 142 142 146 158 167 161 162 163 164 169 162 168 170 171 167 168 169 170 170 172 174 173 
130 137 135 138 147 143 147 152 162 172 166 164 159 174 170 163 168 172 172 170 170 171 172 172 174 176 179 
130 141 146 150 153 144 152 162 169 176 168 161 165 169 174 172 169 170 172 171 171 173 173 172 173 174 0.00 
134 145 147 154 152 151 151 168 169 179 182 174 170 170 175 172 171 172 172 173 174 173 173 173 174 174 0.00 
138 139 149 151 156 153 152 161 165 182 184 182 186 176 173 177 172 173 174 176 176 174 174 175 0.00 0.00 0.00 
138 140 144 143 158 154 159 170 176 188 193 181 179 189 183 183 177 176 176 176 176 176 177 178 178 0.00 0.00 
134 139 146 153 162 157 156 173 185 184 196 195 183 184 185 184 184 180 177 177 177 177 178 0.00 0.00 0.00 0.00 
137 144 150 158 162 158 156 176 184 179 194 194 198 182 184 183 181 183 179 179 179 178 0.00 0.00 0.00 0.00 0.00 
138 143 147 157 157 158 161 174 181 181 190 187 199 191 188 185 187 189 184 180 181 180 0.00 0.00 0.00 0.00 0.00 
135 140 144 154 160 165 161 168 182 178 183 191 198 190 186 187 189 191 190 185 187 0.00 0.00 0.00 0.00 0.00 0.00 
142 142 144 153 163 164 162 168 173 182 182 187 196 190 187 189 192 187 188 185 195 0.00 0.00 0.00 0.00 0.00 0.00 
145 146 145 150 157 169 169 163 178 184 182 182 192 189 186 188 187 187 184 182 0.00 0.00 0.00 0.00 0.00 0.00 0.00 
146 149 150 150 156 161 162 166 181 182 179 190 192 187 182 187 189 188 183 0.00 0.00 0.00 0.00 0.00 0.00 0.00 0.00 
146 150 158 161 166 171 166 175 183 179 182 185 189 180 180 182 185 187 186 0.00 0.00 0.00 0.00 0.00 0.00 0.00 0.00 
147 154 161 166 168 167 172 167 170 179 181 187 189 178 178 185 188 189 189 0.00 0.00 0.00 0.00 0.00 0.00 0.00 0.00 
152 162 161 164 167 171 168 172 177 170 172 180 188 176 181 181 183 182 0.00 0.00 0.00 0.00 0.00 0.00 0.00 0.00 0.00 
154 165 170 174 177 177 173 178 186 180 174 180 190 187 0.00 0.00 0.00 0.00 0.00 0.00 0.00 0.00 0.00 0.00 0.00 0.00 0.00 
158 167 174 179 177 171 175 184 188 187 188 180 186 180 171 0.00 0.00 0.00 0.00 0.00 0.00 0.00 0.00 0.00 0.00 0.00 0.00 
