2016_CCC_ARR_IFD/catchment_depth_4320min_95021aep.txt.asc
ncols         27
nrows         23
xllcorner     150.975
yllcorner     -33.6
cellsize      0.025
NODATA_value  -9999
63.5 62.5 66.1 67.8 65.4 62.5 60.8 63.2 65.3 69.8 75.3 76.4 75.5 80.4 80.4 82.2 76.5 70.1 71.2 72.3 72.8 74.4 76.1 76.1 76.3 76.7 77.1 
66.3 66.1 66.7 68.7 68.2 66.8 64.4 65.4 68.5 73.7 79.0 83.3 81.0 80.3 83.9 76.0 72.7 71.0 71.3 72.2 73.4 74.6 75.4 76.0 76.6 77.0 77.5 
64.2 67.2 70.1 69.8 68.4 68.3 67.6 67.5 73.0 75.7 79.1 81.2 79.3 75.9 82.1 84.9 78.5 74.4 73.2 72.9 73.9 74.7 75.4 76.2 77.3 77.8 78.2 
68.0 68.0 71.2 66.2 66.8 67.1 71.6 70.1 70.7 74.6 78.1 77.5 78.7 78.4 81.9 77.0 76.8 73.7 74.0 74.0 75.2 75.7 76.4 77.2 77.7 78.6 80.4 
68.2 67.8 70.9 66.2 68.4 69.6 71.5 72.4 76.5 81.5 78.5 74.2 80.3 75.8 79.9 75.9 78.1 75.1 75.4 76.3 76.5 76.7 77.0 77.8 78.5 79.8 80.4 
66.5 71.1 69.8 66.0 71.2 69.7 69.0 71.1 77.8 82.8 77.9 77.7 77.2 77.2 79.4 75.0 77.5 78.3 78.7 76.8 77.2 77.7 78.1 78.5 79.7 81.1 80.5 
64.1 67.9 66.7 67.5 72.5 69.5 71.9 74.2 79.1 84.7 80.2 78.4 74.8 82.6 79.7 75.6 77.7 79.6 79.3 78.4 78.3 78.8 79.2 79.6 80.7 82.2 83.6 
63.6 70.2 72.3 74.0 75.5 69.9 74.1 79.1 82.5 86.3 80.7 76.4 78.0 79.4 82.1 80.5 78.5 78.4 79.3 79.0 79.0 79.8 80.2 79.8 80.6 81.2 0.00 
65.6 71.9 72.5 75.9 74.3 73.5 73.0 82.2 81.9 87.0 88.2 83.1 80.6 79.9 82.1 80.6 79.6 79.6 79.7 80.1 80.4 80.2 80.3 80.6 81.1 81.2 0.00 
67.3 67.8 73.0 73.8 76.0 73.8 73.0 77.7 79.3 87.8 88.5 87.1 88.9 83.4 81.6 82.9 80.2 80.5 80.7 81.6 81.5 81.1 81.3 81.7 0.00 0.00 0.00 
66.8 68.1 69.9 68.6 76.7 74.3 76.2 81.6 84.3 90.3 92.6 86.0 84.9 90.0 86.6 86.5 82.9 82.0 81.8 82.0 82.0 82.0 82.7 83.2 83.4 0.00 0.00 
64.6 66.6 70.4 73.8 78.5 75.4 74.5 82.8 88.5 87.8 93.3 92.8 87.1 87.5 87.7 87.4 86.8 84.6 83.2 83.1 83.1 83.2 83.6 0.00 0.00 0.00 0.00 
65.4 69.2 72.2 76.1 77.6 75.6 74.3 84.1 88.0 85.3 92.0 91.9 94.1 87.0 87.7 87.1 86.1 86.6 84.8 84.3 84.3 84.3 0.00 0.00 0.00 0.00 0.00 
65.7 68.2 69.8 75.0 75.0 75.1 76.3 82.9 86.0 86.0 90.2 89.3 94.6 91.1 90.0 88.9 89.4 90.1 87.6 85.8 86.1 85.2 0.00 0.00 0.00 0.00 0.00 
63.8 66.1 68.0 72.8 76.1 78.2 76.1 79.6 86.4 84.7 87.1 91.0 94.0 90.8 89.8 90.2 90.8 91.5 91.2 88.3 89.2 0.00 0.00 0.00 0.00 0.00 0.00 
66.8 66.7 67.7 72.3 77.3 77.5 76.4 79.3 82.1 86.5 86.7 89.1 93.5 91.4 91.1 91.7 92.8 90.2 90.6 88.8 93.5 0.00 0.00 0.00 0.00 0.00 0.00 
67.9 68.3 67.9 70.2 73.5 79.7 79.5 77.2 84.5 87.2 86.8 87.2 91.7 91.3 91.5 91.7 91.1 90.8 88.9 88.1 0.00 0.00 0.00 0.00 0.00 0.00 0.00 
67.8 69.4 69.9 69.9 72.8 75.2 76.3 78.3 85.6 86.1 85.5 90.5 91.8 90.6 89.3 91.4 91.9 91.2 89.0 0.00 0.00 0.00 0.00 0.00 0.00 0.00 0.00 
67.3 69.6 73.2 75.0 77.5 80.0 77.6 82.2 86.4 84.9 86.7 88.6 90.8 87.6 88.1 89.1 90.2 90.9 90.7 0.00 0.00 0.00 0.00 0.00 0.00 0.00 0.00 
67.5 71.0 74.5 77.3 78.0 77.6 80.4 78.4 80.3 85.0 86.0 89.5 90.7 86.5 86.7 90.1 91.6 92.1 91.8 0.00 0.00 0.00 0.00 0.00 0.00 0.00 0.00 
69.5 74.6 74.3 75.8 77.4 79.5 78.5 80.8 83.2 80.6 82.1 86.5 90.3 85.2 88.0 88.0 89.4 88.9 0.00 0.00 0.00 0.00 0.00 0.00 0.00 0.00 0.00 
70.0 75.5 78.0 80.3 81.9 82.3 81.0 83.4 87.8 85.1 83.1 86.2 91.3 90.0 0.00 0.00 0.00 0.00 0.00 0.00 0.00 0.00 0.00 0.00 0.00 0.00 0.00 
71.6 76.3 79.6 82.7 81.8 79.9 81.8 86.6 88.8 89.1 89.8 86.4 89.7 87.0 83.2 0.00 0.00 0.00 0.00 0.00 0.00 0.00 0.00 0.00 0.00 0.00 0.00 
