2016_CCC_ARR_IFD/catchment_depth_2min_10000aep.txt.asc
ncols         27
nrows         23
xllcorner     150.975
yllcorner     -33.6
cellsize      0.025
NODATA_value  -9999
5.64 5.62 5.68 5.74 5.71 5.69 5.72 5.81 5.91 6.06 6.22 6.30 6.36 6.47 6.53 6.61 6.66 6.74 6.83 6.92 7.00 7.08 7.15 7.22 7.29 7.36 7.43 
5.68 5.68 5.70 5.76 5.78 5.80 5.81 5.89 6.00 6.16 6.30 6.39 6.45 6.52 6.60 6.64 6.70 6.81 6.91 6.99 7.06 7.14 7.21 7.28 7.34 7.41 7.48 
5.65 5.70 5.77 5.79 5.80 5.85 5.90 5.96 6.12 6.23 6.34 6.43 6.49 6.55 6.66 6.73 6.81 6.87 6.98 7.06 7.13 7.20 7.27 7.33 7.39 7.46 7.52 
5.70 5.72 5.79 5.74 5.79 5.86 5.99 6.04 6.13 6.26 6.38 6.46 6.55 6.64 6.73 6.81 6.88 6.98 7.06 7.14 7.20 7.26 7.32 7.38 7.44 7.50 7.56 
5.71 5.72 5.80 5.75 5.84 5.93 6.03 6.12 6.25 6.38 6.45 6.52 6.64 6.73 6.82 6.91 6.99 7.08 7.16 7.21 7.27 7.33 7.38 7.44 7.49 7.55 7.60 
5.70 5.78 5.79 5.76 5.92 5.96 6.05 6.16 6.32 6.45 6.52 6.62 6.73 6.83 6.92 7.04 7.11 7.18 7.25 7.30 7.34 7.39 7.44 7.49 7.54 7.59 7.64 
5.72 5.76 5.78 5.82 5.97 6.01 6.13 6.25 6.40 6.53 6.61 6.72 6.83 6.92 7.04 7.15 7.23 7.29 7.36 7.40 7.43 7.47 7.51 7.55 7.59 7.64 7.69 
5.76 5.81 5.89 5.97 6.06 6.08 6.21 6.36 6.49 6.61 6.70 6.81 6.93 7.05 7.14 7.24 7.35 7.43 7.48 7.52 7.53 7.55 7.57 7.59 7.63 7.67 0.00 
5.77 5.85 5.92 6.03 6.08 6.16 6.26 6.45 6.56 6.70 6.81 6.90 7.02 7.14 7.24 7.36 7.47 7.55 7.61 7.63 7.63 7.63 7.63 7.64 7.66 7.70 0.00 
5.80 5.86 5.95 6.04 6.15 6.22 6.32 6.47 6.60 6.78 6.90 6.99 7.09 7.21 7.34 7.44 7.57 7.67 7.74 7.73 7.71 7.69 7.68 7.68 0.00 0.00 0.00 
5.83 5.89 5.97 6.06 6.20 6.27 6.39 6.56 6.70 6.86 6.97 7.05 7.16 7.25 7.38 7.48 7.63 7.74 7.80 7.79 7.76 7.74 7.73 7.72 7.73 0.00 0.00 
5.87 5.93 6.00 6.11 6.24 6.32 6.43 6.61 6.77 6.90 7.04 7.15 7.22 7.33 7.44 7.55 7.65 7.76 7.80 7.81 7.80 7.79 7.78 0.00 0.00 0.00 0.00 
5.89 5.95 6.04 6.16 6.26 6.36 6.46 6.66 6.81 6.90 7.08 7.17 7.26 7.38 7.49 7.60 7.69 7.77 7.80 7.82 7.82 7.82 0.00 0.00 0.00 0.00 0.00 
5.91 5.97 6.05 6.17 6.27 6.39 6.50 6.67 6.82 6.93 7.08 7.18 7.29 7.39 7.52 7.63 7.71 7.77 7.82 7.82 7.84 7.84 0.00 0.00 0.00 0.00 0.00 
5.94 6.00 6.08 6.18 6.30 6.43 6.52 6.66 6.84 6.93 7.06 7.20 7.30 7.42 7.55 7.64 7.72 7.78 7.82 7.84 7.87 0.00 0.00 0.00 0.00 0.00 0.00 
5.93 6.01 6.11 6.19 6.33 6.45 6.54 6.67 6.80 6.96 7.06 7.19 7.31 7.43 7.56 7.65 7.71 7.77 7.82 7.84 7.87 0.00 0.00 0.00 0.00 0.00 0.00 
5.93 6.00 6.13 6.22 6.33 6.48 6.58 6.64 6.83 6.97 7.06 7.17 7.31 7.42 7.49 7.61 7.69 7.76 7.77 7.80 0.00 0.00 0.00 0.00 0.00 0.00 0.00 
5.95 6.02 6.13 6.24 6.34 6.45 6.54 6.65 6.85 6.95 7.03 7.20 7.31 7.39 7.44 7.58 7.68 7.75 7.75 0.00 0.00 0.00 0.00 0.00 0.00 0.00 0.00 
6.01 6.07 6.17 6.29 6.40 6.52 6.56 6.71 6.86 6.92 7.03 7.16 7.28 7.30 7.40 7.51 7.62 7.70 7.75 0.00 0.00 0.00 0.00 0.00 0.00 0.00 0.00 
6.06 6.14 6.23 6.34 6.43 6.49 6.61 6.63 6.74 6.90 7.01 7.16 7.26 7.26 7.35 7.51 7.61 7.68 7.73 0.00 0.00 0.00 0.00 0.00 0.00 0.00 0.00 
6.10 6.20 6.26 6.34 6.43 6.53 6.56 6.67 6.78 6.80 6.91 7.08 7.24 7.22 7.36 7.44 7.54 7.59 0.00 0.00 0.00 0.00 0.00 0.00 0.00 0.00 0.00 
6.12 6.24 6.33 6.43 6.51 6.58 6.61 6.71 6.87 6.88 6.91 7.06 7.24 7.30 0.00 0.00 0.00 0.00 0.00 0.00 0.00 0.00 0.00 0.00 0.00 0.00 0.00 
6.15 6.28 6.38 6.48 6.52 6.52 6.61 6.77 6.88 6.96 7.04 7.06 7.20 7.24 7.23 0.00 0.00 0.00 0.00 0.00 0.00 0.00 0.00 0.00 0.00 0.00 0.00 
