2016_CCC_ARR_IFD/catchment_depth_1080min_00100aep.txt.asc
ncols         27
nrows         23
xllcorner     150.975
yllcorner     -33.6
cellsize      0.025
NODATA_value  -9999
254 254 266 273 271 268 268 279 290 307 324 332 337 351 357 366 366 365 375 384 391 400 407 410 413 415 417 
261 264 268 277 279 280 279 286 300 317 334 347 349 354 365 360 361 367 376 384 392 399 404 408 411 414 416 
257 267 278 281 281 286 289 294 312 324 337 346 349 349 366 375 373 372 379 386 392 398 402 406 411 414 416 
267 271 282 274 279 285 300 302 309 324 337 342 351 357 369 366 372 374 381 388 394 399 403 407 410 414 420 
269 271 282 275 285 293 302 310 324 341 341 338 357 354 368 366 376 378 384 391 396 399 402 406 410 415 417 
266 280 281 276 293 294 298 309 330 346 343 348 354 360 370 366 377 384 391 391 395 400 402 405 410 416 415 
262 274 275 281 298 296 307 318 336 353 350 352 349 374 373 369 379 388 393 394 397 400 403 405 410 415 421 
262 281 290 298 307 298 314 332 346 360 354 348 358 368 380 381 382 386 393 395 397 401 403 403 406 409 0.00 
267 286 292 304 305 308 312 342 347 365 374 367 365 369 380 381 384 389 393 397 399 399 400 401 403 405 0.00 
272 276 294 301 311 310 313 331 341 370 378 379 388 377 377 386 385 391 396 399 399 399 399 401 0.00 0.00 0.00 
271 278 287 287 314 312 322 343 356 378 389 375 376 395 390 394 389 393 395 396 397 398 400 401 403 0.00 0.00 
266 275 289 302 320 315 317 347 369 372 394 397 381 386 390 393 396 394 394 395 396 397 399 0.00 0.00 0.00 0.00 
269 282 294 309 318 316 316 351 367 363 389 392 402 380 386 388 389 395 392 393 395 396 0.00 0.00 0.00 0.00 0.00 
270 280 288 307 311 315 322 347 360 363 381 381 401 392 390 389 394 400 395 392 395 394 0.00 0.00 0.00 0.00 0.00 
266 276 284 301 315 324 321 335 361 358 368 384 397 387 383 387 394 399 402 395 400 0.00 0.00 0.00 0.00 0.00 0.00 
275 278 284 301 319 323 322 334 345 362 364 374 392 385 381 386 396 389 394 391 410 0.00 0.00 0.00 0.00 0.00 0.00 
279 283 286 296 308 330 332 326 353 363 362 363 383 379 375 381 383 386 384 384 0.00 0.00 0.00 0.00 0.00 0.00 0.00 
281 288 293 296 307 316 321 329 355 358 355 375 380 372 367 377 383 384 380 0.00 0.00 0.00 0.00 0.00 0.00 0.00 0.00 
283 291 304 312 322 332 326 342 357 352 358 365 373 359 361 367 374 379 382 0.00 0.00 0.00 0.00 0.00 0.00 0.00 0.00 
286 298 310 320 325 325 335 328 335 351 355 367 371 353 354 369 377 381 383 0.00 0.00 0.00 0.00 0.00 0.00 0.00 0.00 
294 311 311 318 323 331 328 336 345 334 338 353 368 347 358 359 366 366 0.00 0.00 0.00 0.00 0.00 0.00 0.00 0.00 0.00 
298 316 324 333 339 340 336 344 358 349 340 350 369 364 0.00 0.00 0.00 0.00 0.00 0.00 0.00 0.00 0.00 0.00 0.00 0.00 0.00 
305 321 332 341 339 331 337 353 359 360 362 349 361 351 336 0.00 0.00 0.00 0.00 0.00 0.00 0.00 0.00 0.00 0.00 0.00 0.00 
