2016_CCC_ARR_IFD/catchment_depth_720min_86466aep.txt.asc
ncols         27
nrows         23
xllcorner     150.975
yllcorner     -33.6
cellsize      0.025
NODATA_value  -9999
39.2 39.0 40.4 41.2 40.5 39.7 39.5 40.6 41.6 43.6 45.9 46.6 46.6 48.7 49.0 50.0 48.5 47.3 47.9 48.6 49.0 49.8 50.5 50.7 51.0 51.3 51.6 
40.2 40.3 40.7 41.6 41.7 41.5 41.0 41.6 43.0 45.1 47.4 49.3 48.8 48.9 50.5 48.3 47.8 47.9 48.4 49.0 49.6 50.2 50.7 51.1 51.5 51.8 52.1 
39.6 40.8 42.0 42.2 41.9 42.2 42.2 42.6 44.7 46.0 47.6 48.7 48.4 47.7 50.1 51.4 49.7 48.9 49.3 49.6 50.2 50.7 51.1 51.6 52.1 52.4 52.7 
40.9 41.2 42.5 41.1 41.6 42.0 43.8 43.7 44.3 45.9 47.4 47.6 48.4 48.8 50.3 49.2 49.5 49.4 50.0 50.4 51.1 51.5 51.9 52.3 52.6 53.0 53.8 
41.1 41.2 42.6 41.3 42.3 43.1 44.1 44.7 46.4 48.4 47.8 47.0 49.3 48.3 50.0 49.3 50.3 50.3 50.9 51.5 51.9 52.2 52.5 52.9 53.2 53.8 54.1 
40.7 42.5 42.4 41.5 43.5 43.4 43.6 44.6 47.1 49.1 48.0 48.4 48.7 49.2 50.2 49.8 50.8 51.5 52.1 52.3 52.7 53.0 53.3 53.5 54.0 54.6 54.4 
40.1 41.6 41.5 42.2 44.1 43.6 44.8 45.9 47.9 50.1 49.1 49.0 48.6 51.2 50.8 50.6 51.6 52.5 53.0 53.3 53.5 53.8 54.1 54.2 54.7 55.2 55.7 
40.1 42.5 43.6 44.5 45.4 44.0 45.8 47.8 49.4 51.0 49.7 48.9 49.9 50.7 51.9 52.2 52.5 53.1 53.8 54.1 54.2 54.6 54.7 54.6 54.9 55.2 0.00 
40.9 43.3 43.8 45.4 45.2 45.4 45.7 49.2 49.5 51.6 52.5 51.2 51.0 51.4 52.5 52.9 53.4 54.1 54.6 54.9 55.1 55.0 55.1 55.2 55.4 55.4 0.00 
41.6 42.1 44.2 44.9 46.1 45.8 46.0 48.0 49.0 52.3 53.0 52.9 53.9 52.7 52.9 53.8 54.1 55.0 55.5 55.8 55.8 55.6 55.6 55.8 0.00 0.00 0.00 
41.6 42.4 43.4 43.4 46.6 46.2 47.4 49.6 51.0 53.5 54.7 52.9 53.0 55.0 54.4 54.9 55.0 55.6 56.0 56.0 56.0 56.0 56.2 56.4 56.5 0.00 0.00 
41.0 42.1 43.7 45.4 47.4 46.9 47.1 50.3 52.8 53.0 55.4 55.6 53.9 54.5 55.0 55.4 55.9 56.1 56.1 56.2 56.3 56.3 56.6 0.00 0.00 0.00 0.00 
41.4 43.1 44.5 46.4 47.4 47.2 47.3 51.1 52.9 52.4 55.2 55.5 56.6 54.5 55.1 55.4 55.7 56.4 56.2 56.3 56.5 56.6 0.00 0.00 0.00 0.00 0.00 
41.7 43.0 44.0 46.2 46.7 47.3 48.2 51.0 52.5 52.9 54.8 54.8 57.0 56.1 55.9 55.9 56.5 57.2 56.9 56.5 56.9 56.7 0.00 0.00 0.00 0.00 0.00 
41.4 42.5 43.6 45.7 47.4 48.6 48.5 50.2 52.9 52.7 53.9 55.7 57.0 56.0 55.5 56.0 56.8 57.5 57.8 57.1 57.7 0.00 0.00 0.00 0.00 0.00 0.00 
42.4 42.9 43.8 45.8 48.0 48.7 48.9 50.4 51.8 53.7 54.1 55.2 57.0 56.3 55.6 56.4 57.5 56.8 57.4 57.1 59.2 0.00 0.00 0.00 0.00 0.00 0.00 
42.9 43.5 44.2 45.5 47.1 49.7 50.3 50.0 52.9 54.2 54.4 54.6 56.6 56.3 55.5 56.1 56.4 56.8 56.6 56.7 0.00 0.00 0.00 0.00 0.00 0.00 0.00 
43.1 44.1 45.0 45.7 47.3 48.7 49.6 50.9 53.6 54.3 54.3 56.3 56.9 56.0 55.1 56.3 56.9 57.0 56.5 0.00 0.00 0.00 0.00 0.00 0.00 0.00 0.00 
43.5 44.6 46.3 47.5 48.9 50.4 50.5 52.5 54.2 54.4 55.2 56.0 56.8 55.0 55.1 55.7 56.4 57.0 57.3 0.00 0.00 0.00 0.00 0.00 0.00 0.00 0.00 
44.0 45.5 47.0 48.5 49.4 50.1 51.6 51.7 53.0 55.0 55.5 56.7 57.1 55.0 55.0 56.7 57.5 57.9 58.0 0.00 0.00 0.00 0.00 0.00 0.00 0.00 0.00 
45.0 47.0 47.3 48.4 49.5 50.9 51.4 52.9 54.4 53.4 54.1 56.0 57.3 54.9 56.1 56.1 56.8 56.6 0.00 0.00 0.00 0.00 0.00 0.00 0.00 0.00 0.00 
45.5 47.6 48.8 50.0 51.1 51.8 52.3 53.8 55.4 55.6 54.8 56.1 57.8 57.4 0.00 0.00 0.00 0.00 0.00 0.00 0.00 0.00 0.00 0.00 0.00 0.00 0.00 
46.3 48.1 49.6 51.0 51.2 51.3 52.6 54.6 55.8 56.4 57.0 56.2 57.4 56.4 54.5 0.00 0.00 0.00 0.00 0.00 0.00 0.00 0.00 0.00 0.00 0.00 0.00 
