2016_CCC_ARR_IFD/catchment_depth_4320min_02000aep.txt.asc
ncols         27
nrows         23
xllcorner     150.975
yllcorner     -33.6
cellsize      0.025
NODATA_value  -9999
275 273 287 295 287 276 272 284 295 316 341 348 348 370 373 382 369 353 360 368 371 380 388 387 386 386 385 
288 288 291 300 299 295 287 293 308 332 356 376 370 370 387 365 360 356 359 365 372 378 382 383 384 384 384 
282 294 306 306 301 302 301 304 327 340 356 368 364 357 382 395 379 371 367 367 372 376 378 381 384 385 384 
298 299 312 294 297 300 319 316 321 337 353 355 364 368 383 372 376 367 369 370 376 378 380 382 383 386 392 
301 300 313 297 306 312 321 327 343 364 357 348 372 361 379 370 381 371 373 379 379 379 379 382 384 389 389 
297 316 312 299 319 315 315 325 351 370 358 362 364 368 379 365 378 383 386 378 379 381 382 382 387 392 387 
291 306 302 307 327 318 328 339 358 380 369 367 357 389 382 367 377 387 387 382 382 383 384 384 388 394 399 
291 317 327 334 341 322 340 360 375 391 374 361 370 378 391 387 379 380 384 382 382 384 385 382 384 386 0.00 
301 327 330 345 340 338 338 375 377 398 406 389 381 380 391 386 382 383 383 385 385 383 382 382 384 383 0.00 
310 313 335 339 349 342 341 361 370 406 412 408 417 395 389 395 384 385 386 389 388 385 384 384 0.00 0.00 0.00 
311 317 325 321 355 347 356 380 393 421 431 405 401 424 410 410 394 390 388 388 387 386 388 389 389 0.00 0.00 
304 313 330 345 366 354 351 388 414 413 439 437 411 413 414 413 410 400 393 391 390 389 390 0.00 0.00 0.00 0.00 
310 326 340 357 365 357 351 395 414 402 434 434 443 409 413 410 405 407 398 395 394 393 0.00 0.00 0.00 0.00 0.00 
314 325 333 355 356 357 362 392 406 406 426 420 446 428 422 416 418 421 409 400 400 395 0.00 0.00 0.00 0.00 0.00 
308 318 327 349 363 372 362 378 409 400 410 429 442 425 419 420 422 426 424 410 413 0.00 0.00 0.00 0.00 0.00 0.00 
324 324 327 348 370 371 365 378 389 409 409 419 439 427 422 425 430 417 418 410 431 0.00 0.00 0.00 0.00 0.00 0.00 
331 333 331 340 355 382 381 368 401 412 408 408 429 424 423 423 419 418 409 404 0.00 0.00 0.00 0.00 0.00 0.00 0.00 
333 341 342 341 353 363 366 373 406 406 401 423 428 419 411 421 422 418 408 0.00 0.00 0.00 0.00 0.00 0.00 0.00 0.00 
334 344 359 367 377 387 373 392 410 400 406 413 422 404 405 408 413 415 414 0.00 0.00 0.00 0.00 0.00 0.00 0.00 0.00 
337 353 368 379 380 376 386 373 380 399 402 416 420 397 397 412 418 419 418 0.00 0.00 0.00 0.00 0.00 0.00 0.00 0.00 
349 371 368 373 378 385 376 385 393 377 382 400 416 391 402 401 406 403 0.00 0.00 0.00 0.00 0.00 0.00 0.00 0.00 0.00 
354 378 388 396 401 398 389 396 414 397 385 397 420 411 0.00 0.00 0.00 0.00 0.00 0.00 0.00 0.00 0.00 0.00 0.00 0.00 0.00 
363 384 397 408 400 386 391 410 417 414 415 396 410 395 377 0.00 0.00 0.00 0.00 0.00 0.00 0.00 0.00 0.00 0.00 0.00 0.00 
