2016_CCC_ARR_IFD/catchment_depth_4320min_39347aep.txt.asc
ncols         27
nrows         23
xllcorner     150.975
yllcorner     -33.6
cellsize      0.025
NODATA_value  -9999
127 125 133 136 131 126 123 128 133 142 154 157 155 165 166 170 160 147 150 152 152 155 158 158 157 157 158 
133 133 134 138 138 135 130 133 140 150 162 171 167 166 173 159 154 149 150 151 153 155 157 157 158 158 158 
129 135 141 141 138 138 137 137 149 155 162 167 164 158 170 176 165 158 154 152 154 156 157 158 159 160 160 
137 137 144 134 135 136 146 143 145 153 161 160 163 163 170 162 162 156 156 155 157 158 159 160 160 161 165 
138 137 144 134 139 142 146 148 157 167 162 154 167 159 167 160 165 158 158 160 160 160 160 161 162 164 165 
135 144 142 134 145 142 141 146 160 170 161 161 161 162 167 157 164 165 166 161 161 162 162 162 164 167 165 
130 138 136 138 148 142 148 153 163 175 166 163 156 173 167 158 163 167 167 164 163 164 164 164 166 169 172 
130 143 148 152 155 143 153 163 171 179 168 159 163 166 172 169 164 164 166 165 164 166 166 165 166 167 0.00 
134 148 149 156 153 151 150 170 170 181 184 173 168 167 172 169 166 166 166 167 167 166 166 166 167 167 0.00 
138 139 150 152 157 152 151 161 165 183 185 182 186 174 170 173 167 167 168 169 169 168 168 168 0.00 0.00 0.00 
138 140 144 141 159 154 158 170 176 189 194 180 177 189 181 181 172 170 170 170 169 169 171 171 171 0.00 0.00 
133 137 145 153 163 156 154 173 185 184 196 195 182 183 183 182 181 175 172 172 172 171 172 0.00 0.00 0.00 0.00 
135 143 150 158 161 157 154 176 184 178 193 193 198 181 182 181 178 179 175 174 174 173 0.00 0.00 0.00 0.00 0.00 
136 142 145 156 156 156 158 173 180 179 189 186 199 190 187 184 185 187 181 177 177 175 0.00 0.00 0.00 0.00 0.00 
133 138 141 152 159 163 158 166 181 176 181 190 197 189 186 186 188 189 189 182 184 0.00 0.00 0.00 0.00 0.00 0.00 
140 139 141 151 162 162 159 165 171 180 180 185 195 190 188 189 192 186 187 183 193 0.00 0.00 0.00 0.00 0.00 0.00 
142 143 142 146 153 167 166 160 176 182 180 180 191 189 188 189 187 187 183 181 0.00 0.00 0.00 0.00 0.00 0.00 0.00 
143 146 147 146 152 157 158 162 179 179 177 188 190 187 183 188 189 187 182 0.00 0.00 0.00 0.00 0.00 0.00 0.00 0.00 
142 147 154 158 163 168 161 171 180 176 179 183 188 180 181 183 185 186 186 0.00 0.00 0.00 0.00 0.00 0.00 0.00 0.00 
143 150 157 163 164 162 168 162 166 176 178 185 187 177 178 185 188 189 188 0.00 0.00 0.00 0.00 0.00 0.00 0.00 0.00 
147 158 157 160 163 167 163 168 172 166 169 178 186 174 180 180 183 182 0.00 0.00 0.00 0.00 0.00 0.00 0.00 0.00 0.00 
149 161 166 170 173 173 169 174 183 176 170 177 189 185 0.00 0.00 0.00 0.00 0.00 0.00 0.00 0.00 0.00 0.00 0.00 0.00 0.00 
153 163 170 176 173 167 171 181 185 185 186 178 185 178 170 0.00 0.00 0.00 0.00 0.00 0.00 0.00 0.00 0.00 0.00 0.00 0.00 
