2016_CCC_ARR_IFD/catchment_depth_720min_00050aep.txt.asc
ncols         27
nrows         23
xllcorner     150.975
yllcorner     -33.6
cellsize      0.025
NODATA_value  -9999
231 232 241 248 248 246 248 258 267 281 295 303 308 319 325 332 336 340 349 358 366 374 381 385 388 392 395 
237 239 244 251 254 256 257 264 275 290 303 312 317 322 331 332 334 343 352 360 368 374 380 384 388 391 395 
234 242 251 254 256 261 265 270 285 296 306 314 319 322 334 342 344 345 355 363 369 375 379 384 389 392 395 
241 245 254 250 255 261 274 277 284 297 308 314 322 328 338 339 344 349 358 364 371 376 380 384 388 392 398 
242 245 255 251 260 267 276 283 296 309 312 313 328 329 340 340 349 354 361 367 373 377 380 384 388 393 396 
240 252 254 252 266 269 273 283 301 314 315 321 327 334 343 343 353 359 365 369 373 377 381 384 389 394 394 
237 247 250 256 270 270 280 291 306 320 321 325 325 345 348 347 356 364 369 372 375 378 381 384 388 394 398 
237 252 261 269 277 272 286 301 314 326 325 323 333 343 354 356 359 365 371 374 376 379 382 382 386 389 0.00 
241 256 262 273 276 280 285 309 315 331 339 337 339 344 354 357 362 368 372 376 378 378 380 381 384 386 0.00 
244 249 263 270 280 281 285 301 311 335 344 347 355 351 353 361 363 370 375 378 379 378 379 380 0.00 0.00 0.00 
243 250 258 260 282 282 292 310 323 341 351 344 347 362 361 366 366 371 375 376 376 377 379 381 383 0.00 0.00 
239 247 259 271 286 284 288 313 332 337 356 360 350 356 361 366 370 371 372 373 375 376 378 0.00 0.00 0.00 0.00 
241 252 263 276 284 285 286 315 330 329 352 356 365 351 358 361 364 370 369 371 373 374 0.00 0.00 0.00 0.00 0.00 
241 250 258 273 278 283 291 312 324 329 345 346 364 359 359 360 366 372 370 369 372 371 0.00 0.00 0.00 0.00 0.00 
238 246 254 269 281 290 289 302 324 323 334 348 359 354 352 357 364 371 374 370 374 0.00 0.00 0.00 0.00 0.00 0.00 
244 248 254 268 283 288 289 300 311 326 330 339 355 351 349 356 365 361 366 365 380 0.00 0.00 0.00 0.00 0.00 0.00 
246 251 255 264 275 293 297 293 316 326 327 329 346 345 342 349 353 357 356 358 0.00 0.00 0.00 0.00 0.00 0.00 0.00 
247 254 260 263 273 282 288 295 318 321 320 338 343 338 334 345 351 354 351 0.00 0.00 0.00 0.00 0.00 0.00 0.00 0.00 
250 257 268 275 285 294 290 305 318 316 322 329 337 325 328 334 342 348 351 0.00 0.00 0.00 0.00 0.00 0.00 0.00 0.00 
253 263 272 282 287 288 297 293 300 314 318 329 334 320 322 336 343 348 351 0.00 0.00 0.00 0.00 0.00 0.00 0.00 0.00 
259 272 274 280 286 293 291 299 307 299 303 317 330 313 324 326 333 334 0.00 0.00 0.00 0.00 0.00 0.00 0.00 0.00 0.00 
262 277 284 292 298 300 298 305 318 311 303 314 330 327 0.00 0.00 0.00 0.00 0.00 0.00 0.00 0.00 0.00 0.00 0.00 0.00 0.00 
268 281 290 299 298 292 298 312 319 320 322 311 322 315 304 0.00 0.00 0.00 0.00 0.00 0.00 0.00 0.00 0.00 0.00 0.00 0.00 
