2016_CCC_ARR_IFD/catchment_depth_180min_18127aep.txt.asc
ncols         27
nrows         23
xllcorner     150.975
yllcorner     -33.6
cellsize      0.025
NODATA_value  -9999
47.7 47.7 48.7 49.4 49.2 49.0 49.3 50.3 51.4 53.2 55.1 56.0 56.5 58.0 58.6 59.5 59.4 59.5 60.4 61.3 62.2 63.0 63.9 64.5 65.1 65.7 66.4 
48.3 48.5 48.9 49.8 50.1 50.3 50.4 51.2 52.5 54.4 56.2 57.5 57.8 58.4 59.6 59.1 59.2 60.1 61.1 61.9 62.7 63.5 64.3 64.9 65.6 66.2 66.8 
48.0 48.8 49.8 50.2 50.4 50.9 51.4 52.1 53.9 55.2 56.6 57.6 58.0 58.1 59.9 60.9 60.7 60.6 61.7 62.6 63.4 64.1 64.8 65.4 66.1 66.7 67.3 
48.8 49.1 50.2 49.6 50.3 51.0 52.6 53.0 53.9 55.4 56.8 57.5 58.4 59.1 60.4 60.3 60.9 61.6 62.6 63.3 64.1 64.7 65.4 66.0 66.6 67.2 67.9 
48.9 49.2 50.3 49.8 50.9 51.8 53.0 53.9 55.5 57.2 57.4 57.5 59.3 59.3 60.7 60.9 61.8 62.6 63.5 64.2 64.9 65.4 66.0 66.5 67.1 67.7 68.3 
48.8 50.1 50.3 50.0 51.8 52.2 52.9 54.1 56.2 57.9 57.9 58.7 59.5 60.3 61.3 62.0 62.8 63.6 64.4 65.1 65.6 66.2 66.6 67.1 67.7 68.3 68.6 
48.7 49.7 50.0 50.7 52.4 52.6 53.9 55.2 57.0 58.8 58.9 59.5 60.0 61.8 62.2 63.1 64.0 64.8 65.6 66.2 66.6 67.0 67.3 67.7 68.2 68.7 69.3 
49.0 50.3 51.3 52.4 53.4 53.1 54.8 56.7 58.2 59.7 59.7 59.9 61.1 62.2 63.3 64.1 65.2 66.1 66.8 67.2 67.5 67.7 68.0 68.1 68.5 68.9 0.00 
49.4 50.9 51.7 53.1 53.5 54.2 55.0 57.8 58.6 60.5 61.6 61.6 62.1 63.0 64.1 65.2 66.3 67.3 68.0 68.3 68.4 68.4 68.4 68.6 68.8 69.1 0.00 
49.8 50.5 52.1 53.0 54.2 54.7 55.5 57.3 58.6 61.3 62.4 62.9 64.0 64.0 64.9 66.1 67.3 68.5 69.3 69.3 69.2 69.0 68.9 69.0 0.00 0.00 0.00 
50.0 50.9 51.9 52.5 54.7 55.1 56.5 58.5 60.1 62.3 63.6 63.1 63.8 65.4 65.8 66.7 68.0 69.1 69.8 69.7 69.6 69.4 69.4 69.4 69.6 0.00 0.00 
50.1 51.0 52.2 53.6 55.4 55.7 56.5 59.2 61.4 62.2 64.5 65.1 64.5 65.5 66.4 67.3 68.3 69.3 69.7 69.8 69.8 69.8 69.8 0.00 0.00 0.00 0.00 
50.4 51.5 52.7 54.3 55.5 56.0 56.8 59.7 61.6 61.9 64.4 65.1 66.2 65.7 66.7 67.6 68.4 69.3 69.6 69.8 70.0 70.0 0.00 0.00 0.00 0.00 0.00 
50.6 51.6 52.6 54.3 55.2 56.2 57.4 59.7 61.3 62.2 64.1 64.6 66.5 66.5 67.2 67.8 68.7 69.5 69.8 69.8 70.2 70.1 0.00 0.00 0.00 0.00 0.00 
50.8 51.6 52.6 54.1 55.7 57.0 57.6 59.2 61.6 62.1 63.4 65.2 66.5 66.6 67.0 67.9 68.8 69.6 70.1 70.1 70.6 0.00 0.00 0.00 0.00 0.00 0.00 
50.9 51.8 52.9 54.3 56.1 57.1 57.9 59.4 60.8 62.7 63.5 64.8 66.5 66.7 66.9 68.0 69.1 69.1 69.9 70.0 71.2 0.00 0.00 0.00 0.00 0.00 0.00 
51.1 51.9 53.1 54.3 55.7 57.8 58.7 59.1 61.5 62.9 63.6 64.2 66.2 66.5 66.4 67.5 68.3 69.0 69.2 69.5 0.00 0.00 0.00 0.00 0.00 0.00 0.00 
51.3 52.2 53.4 54.6 55.9 57.2 58.3 59.5 61.9 62.8 63.3 65.3 66.2 66.2 66.0 67.5 68.5 69.1 69.0 0.00 0.00 0.00 0.00 0.00 0.00 0.00 0.00 
52.0 52.8 54.2 55.5 56.9 58.3 58.8 60.6 62.3 62.7 63.8 64.8 66.0 65.2 65.8 66.8 67.9 68.8 69.3 0.00 0.00 0.00 0.00 0.00 0.00 0.00 0.00 
52.5 53.6 54.9 56.3 57.3 58.1 59.5 59.8 61.0 62.9 63.8 65.2 66.1 65.0 65.5 67.3 68.4 69.1 69.5 0.00 0.00 0.00 0.00 0.00 0.00 0.00 0.00 
53.2 54.7 55.3 56.4 57.5 58.7 59.2 60.6 62.0 61.6 62.5 64.4 66.0 64.7 66.2 66.7 67.7 68.0 0.00 0.00 0.00 0.00 0.00 0.00 0.00 0.00 0.00 
53.7 55.3 56.4 57.6 58.7 59.5 59.9 61.2 62.9 63.1 62.9 64.4 66.3 66.5 0.00 0.00 0.00 0.00 0.00 0.00 0.00 0.00 0.00 0.00 0.00 0.00 0.00 
54.3 55.9 57.1 58.4 58.8 58.9 60.1 61.9 63.1 63.9 64.7 64.4 65.9 65.7 64.7 0.00 0.00 0.00 0.00 0.00 0.00 0.00 0.00 0.00 0.00 0.00 0.00 
