2016_CCC_ARR_IFD/catchment_depth_120min_00500aep.txt.asc
ncols         27
nrows         23
xllcorner     150.975
yllcorner     -33.6
cellsize      0.025
NODATA_value  -9999
88.2 88.3 90.2 91.8 91.9 92.1 93.1 95.4 97.7 101 104 106 108 110 112 114 115 116 118 121 122 124 126 127 129 130 132 
89.3 89.9 90.9 92.7 93.7 94.6 95.4 97.4 100 104 106 108 110 112 114 115 116 118 120 122 124 126 127 129 130 132 133 
89.0 90.7 92.6 93.6 94.5 96.0 97.6 99.4 103 106 108 110 112 114 116 117 119 120 122 124 126 127 129 130 132 133 134 
90.3 91.3 93.5 92.9 94.6 96.4 99.9 101 104 107 110 112 114 116 118 120 121 123 125 126 128 129 131 132 133 134 136 
90.6 91.5 93.8 93.1 95.8 98.1 101 103 107 110 112 114 116 119 121 122 124 126 127 128 130 131 132 133 135 136 137 
90.3 93.0 93.8 93.4 97.6 98.9 101 104 109 112 114 117 119 122 124 125 127 129 130 131 131 133 134 135 136 137 138 
90.1 92.1 93.0 94.7 98.6 99.7 103 106 110 114 116 119 121 124 127 127 130 131 133 133 134 135 135 136 137 138 139 
90.4 93.4 95.7 98.0 101 101 105 109 113 115 118 120 124 127 130 131 132 134 135 135 136 137 137 137 138 139 0.00 
91.0 94.4 96.2 99.3 101 103 105 111 114 117 120 123 126 129 132 133 134 136 137 138 138 138 138 139 139 140 0.00 
91.8 93.4 96.9 99.0 102 104 106 111 114 119 123 125 128 131 132 135 136 138 140 140 140 139 139 140 0.00 0.00 0.00 
91.9 93.9 96.2 97.7 103 104 108 113 116 121 124 126 128 131 134 136 138 139 141 141 140 140 141 141 141 0.00 0.00 
91.5 93.6 96.5 99.8 104 105 107 113 118 121 125 128 129 132 134 137 139 140 140 140 141 141 141 0.00 0.00 0.00 0.00 
91.7 94.4 97.3 101 104 105 107 114 118 120 125 128 130 131 134 136 138 140 140 140 140 141 0.00 0.00 0.00 0.00 0.00 
91.7 94.1 96.5 100 103 105 108 113 117 120 124 127 130 132 134 136 138 140 140 140 140 140 0.00 0.00 0.00 0.00 0.00 
91.4 93.5 95.8 99.6 103 106 107 111 117 119 122 126 129 131 133 135 137 139 140 140 141 0.00 0.00 0.00 0.00 0.00 0.00 
91.8 93.6 95.8 99.3 103 106 107 111 114 119 121 125 129 130 132 134 137 137 139 139 141 0.00 0.00 0.00 0.00 0.00 0.00 
91.9 93.6 95.8 98.4 102 106 108 109 115 118 120 122 127 129 129 132 134 136 136 136 0.00 0.00 0.00 0.00 0.00 0.00 0.00 
91.9 93.9 96.3 98.0 101 104 106 108 115 117 118 123 126 126 126 130 133 135 134 0.00 0.00 0.00 0.00 0.00 0.00 0.00 0.00 
92.6 94.6 97.7 100 103 106 106 110 115 115 118 120 124 122 124 127 130 132 134 0.00 0.00 0.00 0.00 0.00 0.00 0.00 0.00 
93.0 95.7 98.5 101 103 104 107 107 109 114 116 120 122 120 122 126 129 131 132 0.00 0.00 0.00 0.00 0.00 0.00 0.00 0.00 
93.9 97.5 98.7 101 103 105 105 108 111 109 111 116 121 118 122 123 126 127 0.00 0.00 0.00 0.00 0.00 0.00 0.00 0.00 0.00 
94.3 98.4 101 103 105 107 106 109 113 112 111 115 120 121 0.00 0.00 0.00 0.00 0.00 0.00 0.00 0.00 0.00 0.00 0.00 0.00 0.00 
95.3 99.0 102 105 105 104 106 111 113 114 116 114 118 117 115 0.00 0.00 0.00 0.00 0.00 0.00 0.00 0.00 0.00 0.00 0.00 0.00 
