2016_CCC_ARR_IFD/catchment_depth_5min_98168aep.txt.asc
ncols         27
nrows         23
xllcorner     150.975
yllcorner     -33.6
cellsize      0.025
NODATA_value  -9999
3.44 3.43 3.47 3.50 3.47 3.45 3.46 3.50 3.55 3.64 3.73 3.78 3.80 3.89 3.92 3.97 3.98 4.06 4.12 4.18 4.24 4.29 4.33 4.39 4.44 4.49 4.53 
3.49 3.49 3.50 3.53 3.54 3.54 3.53 3.57 3.63 3.72 3.81 3.89 3.90 3.92 3.99 3.98 4.04 4.12 4.18 4.24 4.29 4.34 4.39 4.44 4.49 4.53 4.58 
3.49 3.52 3.56 3.57 3.57 3.59 3.60 3.63 3.72 3.78 3.85 3.90 3.92 3.94 4.02 4.08 4.09 4.15 4.23 4.29 4.34 4.39 4.44 4.49 4.53 4.58 4.62 
3.54 3.55 3.59 3.56 3.59 3.61 3.68 3.70 3.73 3.81 3.88 3.91 3.96 4.00 4.07 4.09 4.15 4.22 4.29 4.35 4.40 4.45 4.49 4.54 4.58 4.62 4.66 
3.56 3.57 3.62 3.60 3.64 3.67 3.72 3.76 3.83 3.92 3.92 3.93 4.02 4.03 4.11 4.15 4.20 4.28 4.34 4.40 4.46 4.50 4.55 4.59 4.63 4.66 4.70 
3.57 3.62 3.63 3.63 3.70 3.71 3.73 3.78 3.89 3.97 3.96 4.00 4.04 4.09 4.15 4.21 4.27 4.33 4.39 4.47 4.52 4.56 4.60 4.63 4.67 4.71 4.74 
3.57 3.62 3.63 3.67 3.74 3.74 3.79 3.85 3.94 4.04 4.03 4.05 4.07 4.18 4.20 4.27 4.33 4.39 4.45 4.52 4.57 4.61 4.65 4.68 4.72 4.75 4.78 
3.59 3.66 3.71 3.75 3.80 3.77 3.85 3.94 4.02 4.10 4.07 4.07 4.12 4.19 4.26 4.31 4.39 4.46 4.52 4.58 4.62 4.66 4.69 4.72 4.76 4.79 0.00 
3.62 3.70 3.73 3.80 3.81 3.84 3.86 4.02 4.05 4.16 4.21 4.18 4.18 4.23 4.30 4.37 4.45 4.52 4.59 4.63 4.67 4.70 4.73 4.76 4.80 4.83 0.00 
3.65 3.67 3.76 3.80 3.86 3.86 3.89 3.98 4.04 4.21 4.26 4.27 4.33 4.29 4.35 4.42 4.50 4.58 4.65 4.69 4.72 4.75 4.78 4.80 0.00 0.00 0.00 
3.66 3.69 3.74 3.76 3.89 3.89 3.95 4.07 4.15 4.29 4.35 4.28 4.29 4.42 4.41 4.47 4.54 4.62 4.69 4.72 4.76 4.78 4.82 4.84 4.87 0.00 0.00 
3.65 3.69 3.77 3.84 3.94 3.93 3.95 4.11 4.25 4.27 4.41 4.44 4.35 4.40 4.45 4.50 4.57 4.64 4.70 4.75 4.79 4.82 4.85 0.00 0.00 0.00 0.00 
3.67 3.74 3.81 3.90 3.95 3.95 3.97 4.16 4.26 4.24 4.41 4.44 4.51 4.41 4.47 4.53 4.59 4.67 4.72 4.77 4.82 4.85 0.00 0.00 0.00 0.00 0.00 
3.69 3.75 3.80 3.91 3.94 3.97 4.02 4.16 4.25 4.27 4.39 4.40 4.54 4.50 4.51 4.55 4.62 4.69 4.75 4.80 4.85 4.88 0.00 0.00 0.00 0.00 0.00 
3.68 3.74 3.80 3.90 3.98 4.04 4.04 4.12 4.27 4.27 4.34 4.45 4.55 4.50 4.50 4.57 4.65 4.72 4.78 4.83 4.89 0.00 0.00 0.00 0.00 0.00 0.00 
3.76 3.78 3.82 3.92 4.02 4.06 4.07 4.14 4.22 4.33 4.35 4.43 4.56 4.53 4.52 4.60 4.69 4.73 4.80 4.85 4.93 0.00 0.00 0.00 0.00 0.00 0.00 
3.81 3.84 3.86 3.92 3.99 4.12 4.14 4.15 4.28 4.36 4.38 4.41 4.54 4.54 4.55 4.62 4.69 4.76 4.81 4.87 0.00 0.00 0.00 0.00 0.00 0.00 0.00 
3.84 3.89 3.92 3.95 4.01 4.08 4.13 4.19 4.33 4.37 4.39 4.52 4.58 4.56 4.59 4.66 4.74 4.79 4.84 0.00 0.00 0.00 0.00 0.00 0.00 0.00 0.00 
3.87 3.92 3.99 4.05 4.11 4.18 4.18 4.27 4.38 4.38 4.45 4.52 4.60 4.58 4.64 4.70 4.77 4.84 4.89 0.00 0.00 0.00 0.00 0.00 0.00 0.00 0.00 
3.91 3.97 4.04 4.11 4.15 4.18 4.25 4.27 4.33 4.43 4.48 4.59 4.65 4.63 4.69 4.78 4.85 4.91 4.96 0.00 0.00 0.00 0.00 0.00 0.00 0.00 0.00 
3.96 4.04 4.07 4.12 4.17 4.23 4.27 4.33 4.40 4.43 4.50 4.60 4.70 4.69 4.77 4.82 4.89 4.93 0.00 0.00 0.00 0.00 0.00 0.00 0.00 0.00 0.00 
4.01 4.09 4.15 4.21 4.26 4.30 4.34 4.41 4.51 4.53 4.57 4.66 4.78 4.82 0.00 0.00 0.00 0.00 0.00 0.00 0.00 0.00 0.00 0.00 0.00 0.00 0.00 
4.06 4.13 4.20 4.27 4.29 4.32 4.39 4.49 4.57 4.64 4.71 4.74 4.83 4.86 4.87 0.00 0.00 0.00 0.00 0.00 0.00 0.00 0.00 0.00 0.00 0.00 0.00 
