2016_CCC_ARR_IFD/catchment_depth_8640min_02000aep.txt.asc
ncols         27
nrows         23
xllcorner     150.975
yllcorner     -33.6
cellsize      0.025
NODATA_value  -9999
311 306 323 331 320 308 302 315 327 351 379 387 387 411 415 426 410 392 400 407 411 421 430 429 429 429 428 
326 325 327 337 336 329 321 327 344 369 396 419 412 412 431 406 401 397 401 405 413 420 424 426 428 428 428 
318 332 345 344 338 338 337 339 364 379 397 410 406 398 426 440 423 414 411 408 414 419 422 425 429 430 430 
337 338 352 330 334 336 356 352 358 376 394 397 406 410 428 416 420 411 414 413 420 422 425 428 429 433 440 
340 339 354 333 343 350 358 365 383 406 398 389 415 404 424 414 427 417 419 423 424 425 425 429 431 437 438 
335 356 351 335 358 354 354 365 391 413 401 405 408 413 425 411 426 431 435 424 426 428 429 430 436 441 436 
328 345 340 345 367 357 369 381 402 425 415 413 401 436 429 413 426 437 435 430 430 432 433 434 438 445 451 
329 358 368 376 384 361 381 404 420 438 421 408 418 427 440 437 429 428 433 432 431 435 436 432 435 437 0.00 
340 370 372 389 383 381 381 422 423 447 456 439 431 431 441 437 433 432 433 435 436 434 434 434 436 435 0.00 
351 353 378 382 394 385 384 407 417 458 464 460 470 448 440 448 433 435 437 441 440 437 436 437 0.00 0.00 0.00 
351 358 366 361 400 391 402 428 444 474 486 457 454 479 465 464 448 442 440 441 440 439 442 443 443 0.00 0.00 
343 353 370 388 411 398 396 437 466 466 496 494 465 468 470 468 466 453 445 444 444 443 445 0.00 0.00 0.00 0.00 
349 368 383 401 409 402 396 446 467 455 491 491 502 466 470 465 460 463 451 449 448 447 0.00 0.00 0.00 0.00 0.00 
353 365 373 399 399 401 408 442 458 459 482 477 503 486 481 475 476 479 466 454 455 450 0.00 0.00 0.00 0.00 0.00 
345 357 366 391 407 419 408 426 461 453 465 486 500 484 479 480 483 484 482 465 469 0.00 0.00 0.00 0.00 0.00 0.00 
362 362 367 390 415 417 409 424 438 461 461 474 496 485 485 486 491 475 477 467 489 0.00 0.00 0.00 0.00 0.00 0.00 
370 372 370 381 398 430 426 413 450 465 461 462 486 483 486 486 480 476 466 461 0.00 0.00 0.00 0.00 0.00 0.00 0.00 
372 380 383 380 395 406 410 419 457 458 453 479 484 476 471 480 482 476 464 0.00 0.00 0.00 0.00 0.00 0.00 0.00 0.00 
373 384 402 409 421 432 416 439 459 449 456 464 475 459 460 466 471 472 470 0.00 0.00 0.00 0.00 0.00 0.00 0.00 0.00 
377 395 410 423 425 419 431 417 425 447 451 468 472 450 451 468 473 475 474 0.00 0.00 0.00 0.00 0.00 0.00 0.00 0.00 
389 415 411 417 422 430 420 430 438 422 427 448 468 440 453 453 459 456 0.00 0.00 0.00 0.00 0.00 0.00 0.00 0.00 0.00 
394 422 432 442 448 445 432 441 462 443 428 445 469 462 0.00 0.00 0.00 0.00 0.00 0.00 0.00 0.00 0.00 0.00 0.00 0.00 0.00 
405 429 444 457 448 429 435 458 465 463 463 442 458 444 423 0.00 0.00 0.00 0.00 0.00 0.00 0.00 0.00 0.00 0.00 0.00 0.00 
