2016_CCC_ARR_IFD/catchment_depth_20min_39347aep.txt.asc
ncols         27
nrows         23
xllcorner     150.975
yllcorner     -33.6
cellsize      0.025
NODATA_value  -9999
18.3 18.2 18.4 18.5 18.3 18.2 18.2 18.4 18.6 19.0 19.4 19.6 19.7 20.0 20.2 20.4 20.4 20.5 20.7 20.9 21.1 21.3 21.5 21.6 21.8 22.0 22.1 
18.4 18.4 18.4 18.6 18.6 18.5 18.5 18.6 18.9 19.3 19.7 20.0 20.0 20.1 20.4 20.3 20.5 20.7 20.8 21.0 21.2 21.4 21.6 21.8 21.9 22.1 22.2 
18.4 18.5 18.7 18.7 18.6 18.7 18.7 18.8 19.2 19.5 19.8 20.0 20.1 20.1 20.4 20.7 20.7 20.9 21.0 21.2 21.4 21.5 21.7 21.9 22.0 22.2 22.3 
18.6 18.6 18.8 18.6 18.7 18.7 19.0 19.1 19.2 19.5 19.8 19.9 20.1 20.3 20.6 20.6 20.8 21.0 21.1 21.3 21.5 21.7 21.8 22.0 22.1 22.3 22.5 
18.6 18.7 18.8 18.7 18.8 19.0 19.1 19.3 19.6 20.0 19.9 19.9 20.3 20.3 20.6 20.7 20.9 21.1 21.3 21.5 21.6 21.8 21.9 22.1 22.2 22.4 22.6 
18.6 18.8 18.8 18.8 19.0 19.1 19.1 19.3 19.8 20.1 20.0 20.1 20.3 20.5 20.7 20.8 21.0 21.3 21.4 21.6 21.8 21.9 22.1 22.2 22.4 22.5 22.6 
18.7 18.8 18.8 18.9 19.2 19.2 19.4 19.6 19.9 20.3 20.2 20.3 20.3 20.8 20.8 20.9 21.2 21.4 21.6 21.7 21.9 22.0 22.2 22.3 22.5 22.6 22.8 
18.7 18.9 19.1 19.2 19.4 19.3 19.5 19.9 20.2 20.5 20.3 20.2 20.5 20.7 21.0 21.1 21.3 21.5 21.7 21.9 22.0 22.1 22.3 22.4 22.5 22.7 0.00 
18.8 19.1 19.2 19.4 19.4 19.5 19.6 20.2 20.3 20.7 20.9 20.7 20.6 20.8 21.0 21.2 21.4 21.6 21.8 22.0 22.1 22.2 22.4 22.5 22.6 22.7 0.00 
18.9 19.0 19.3 19.4 19.6 19.6 19.6 20.0 20.2 20.8 21.0 21.0 21.2 21.0 21.1 21.3 21.5 21.8 22.0 22.1 22.2 22.3 22.4 22.6 0.00 0.00 0.00 
19.0 19.1 19.2 19.3 19.7 19.7 19.9 20.3 20.6 21.1 21.3 21.0 21.0 21.5 21.4 21.5 21.6 21.9 22.0 22.2 22.3 22.4 22.5 22.7 22.8 0.00 0.00 
19.0 19.1 19.3 19.5 19.8 19.8 19.8 20.4 20.9 21.0 21.5 21.6 21.2 21.3 21.5 21.6 21.8 21.9 22.1 22.2 22.4 22.5 22.6 0.00 0.00 0.00 0.00 
19.1 19.2 19.4 19.7 19.9 19.9 19.9 20.5 20.9 20.8 21.4 21.5 21.8 21.3 21.5 21.6 21.8 22.0 22.2 22.3 22.5 22.6 0.00 0.00 0.00 0.00 0.00 
19.1 19.3 19.4 19.7 19.8 19.9 20.0 20.5 20.8 20.9 21.3 21.3 21.8 21.6 21.6 21.7 21.9 22.2 22.3 22.4 22.6 22.7 0.00 0.00 0.00 0.00 0.00 
19.2 19.3 19.4 19.7 19.9 20.1 20.1 20.3 20.9 20.8 21.0 21.5 21.8 21.6 21.6 21.8 22.0 22.3 22.4 22.5 22.7 0.00 0.00 0.00 0.00 0.00 0.00 
19.2 19.3 19.5 19.7 20.0 20.1 20.1 20.3 20.6 21.0 21.0 21.3 21.8 21.6 21.6 21.9 22.2 22.2 22.5 22.6 22.9 0.00 0.00 0.00 0.00 0.00 0.00 
19.3 19.4 19.5 19.7 19.9 20.3 20.3 20.3 20.8 21.1 21.1 21.2 21.7 21.7 21.7 21.9 22.1 22.3 22.5 22.6 0.00 0.00 0.00 0.00 0.00 0.00 0.00 
19.4 19.5 19.7 19.8 19.9 20.1 20.2 20.4 20.9 21.0 21.0 21.5 21.7 21.7 21.8 22.1 22.3 22.5 22.6 0.00 0.00 0.00 0.00 0.00 0.00 0.00 0.00 
19.5 19.6 19.9 20.0 20.2 20.4 20.3 20.7 21.1 21.0 21.2 21.5 21.8 21.7 21.9 22.1 22.4 22.6 22.8 0.00 0.00 0.00 0.00 0.00 0.00 0.00 0.00 
19.7 19.8 20.0 20.2 20.3 20.4 20.6 20.5 20.7 21.1 21.2 21.7 21.9 21.8 22.0 22.4 22.6 22.8 23.0 0.00 0.00 0.00 0.00 0.00 0.00 0.00 0.00 
19.8 20.1 20.1 20.3 20.4 20.6 20.6 20.7 20.9 21.0 21.2 21.6 22.1 22.0 22.3 22.5 22.7 22.8 0.00 0.00 0.00 0.00 0.00 0.00 0.00 0.00 0.00 
20.0 20.2 20.4 20.6 20.7 20.8 20.8 21.0 21.4 21.3 21.4 21.8 22.3 22.4 0.00 0.00 0.00 0.00 0.00 0.00 0.00 0.00 0.00 0.00 0.00 0.00 0.00 
20.1 20.4 20.6 20.8 20.8 20.8 21.0 21.4 21.6 21.8 22.0 22.1 22.5 22.5 22.6 0.00 0.00 0.00 0.00 0.00 0.00 0.00 0.00 0.00 0.00 0.00 0.00 
