2016_CCC_ARR_IFD/catchment_depth_3min_00050aep.txt.asc
ncols         27
nrows         23
xllcorner     150.975
yllcorner     -33.6
cellsize      0.025
NODATA_value  -9999
19.7 19.7 20.0 20.3 20.4 20.5 20.8 21.2 21.7 22.3 22.8 23.1 23.6 23.8 24.3 24.6 25.4 26.3 26.7 27.2 27.6 27.9 28.2 28.5 28.7 29.0 29.3 
19.8 19.9 20.1 20.4 20.6 20.8 21.1 21.5 22.1 22.6 23.0 23.2 23.7 24.2 24.4 25.4 25.9 26.7 27.2 27.7 28.0 28.3 28.6 28.8 29.1 29.3 29.5 
19.7 19.9 20.3 20.5 20.7 21.0 21.4 21.8 22.4 22.9 23.3 23.7 24.2 24.8 25.0 25.2 26.2 26.8 27.5 28.1 28.4 28.6 28.9 29.1 29.3 29.6 29.8 
19.8 20.0 20.3 20.3 20.6 21.0 21.6 22.1 22.6 23.1 23.6 24.2 24.6 25.2 25.4 26.3 26.8 27.5 27.9 28.3 28.6 28.9 29.2 29.4 29.6 29.8 30.0 
19.8 19.9 20.3 20.2 20.7 21.2 21.7 22.3 22.9 23.4 24.0 24.7 25.0 25.9 26.2 26.9 27.3 27.9 28.3 28.6 28.9 29.1 29.4 29.6 29.8 30.0 30.2 
19.6 20.1 20.2 20.1 20.9 21.2 21.8 22.4 23.2 23.7 24.4 25.0 25.7 26.4 26.8 27.5 27.9 28.3 28.6 28.9 29.1 29.4 29.6 29.8 30.0 30.2 30.4 
19.6 19.9 20.0 20.3 21.0 21.3 22.0 22.7 23.4 23.9 24.7 25.5 26.2 26.5 27.4 27.8 28.3 28.7 29.0 29.2 29.4 29.6 29.8 30.0 30.2 30.4 30.5 
19.6 20.0 20.4 20.9 21.3 21.5 22.2 23.0 23.7 24.2 25.0 25.8 26.6 27.3 27.8 28.3 28.7 29.1 29.4 29.6 29.7 29.9 30.1 30.2 30.3 30.5 0.00 
19.6 20.2 20.5 21.0 21.3 21.8 22.3 23.2 23.9 24.5 25.0 26.0 26.9 27.5 28.1 28.5 29.0 29.4 29.7 29.9 30.0 30.1 30.2 30.3 30.4 30.5 0.00 
19.7 20.0 20.6 20.9 21.5 21.9 22.4 23.2 24.0 24.7 25.4 26.1 26.6 27.7 28.2 28.7 29.1 29.7 30.0 30.1 30.2 30.2 30.3 30.4 0.00 0.00 0.00 
19.7 20.0 20.4 20.8 21.6 22.0 22.6 23.5 24.2 24.9 25.4 26.2 27.0 27.3 28.2 28.7 29.3 29.7 30.0 30.1 30.2 30.2 30.4 30.5 30.6 0.00 0.00 
19.6 20.0 20.5 21.0 21.7 22.0 22.5 23.5 24.3 25.0 25.7 26.3 26.9 27.6 28.1 28.7 29.2 29.6 29.8 30.0 30.1 30.2 30.3 0.00 0.00 0.00 0.00 
19.6 20.1 20.6 21.2 21.7 22.0 22.5 23.6 24.3 24.8 25.6 26.2 26.7 27.4 28.1 28.5 29.0 29.4 29.6 29.8 29.9 30.0 0.00 0.00 0.00 0.00 0.00 
19.6 20.0 20.4 21.1 21.5 22.0 22.5 23.4 24.2 24.8 25.5 26.1 26.6 27.3 27.8 28.4 28.8 29.3 29.5 29.5 29.8 29.8 0.00 0.00 0.00 0.00 0.00 
19.5 19.9 20.3 20.9 21.5 22.1 22.4 23.1 24.1 24.5 25.2 25.9 26.5 27.0 27.6 28.1 28.6 29.0 29.3 29.4 29.6 0.00 0.00 0.00 0.00 0.00 0.00 
19.6 19.9 20.3 20.9 21.6 22.0 22.3 23.0 23.6 24.5 25.0 25.6 26.3 26.8 27.3 27.8 28.3 28.5 28.9 29.0 29.3 0.00 0.00 0.00 0.00 0.00 0.00 
19.6 19.9 20.2 20.7 21.2 22.1 22.4 22.6 23.7 24.3 24.7 25.1 26.0 26.4 26.6 27.3 27.7 28.1 28.3 28.5 0.00 0.00 0.00 0.00 0.00 0.00 0.00 
19.5 19.9 20.3 20.6 21.1 21.6 22.0 22.5 23.6 24.0 24.2 25.1 25.7 25.9 26.0 26.8 27.4 27.8 27.8 0.00 0.00 0.00 0.00 0.00 0.00 0.00 0.00 
19.6 20.0 20.5 20.9 21.4 22.0 22.0 22.7 23.4 23.6 24.1 24.6 25.3 25.2 25.6 26.1 26.8 27.3 27.6 0.00 0.00 0.00 0.00 0.00 0.00 0.00 0.00 
19.7 20.1 20.6 21.1 21.4 21.6 22.1 22.0 22.5 23.3 23.7 24.5 24.9 24.7 25.1 25.9 26.5 26.9 27.2 0.00 0.00 0.00 0.00 0.00 0.00 0.00 0.00 
19.8 20.4 20.6 20.9 21.3 21.7 21.7 22.1 22.6 22.5 22.9 23.8 24.6 24.2 24.9 25.3 25.9 26.1 0.00 0.00 0.00 0.00 0.00 0.00 0.00 0.00 0.00 
19.8 20.5 20.9 21.3 21.7 21.9 21.9 22.3 23.1 22.8 22.8 23.5 24.4 24.6 0.00 0.00 0.00 0.00 0.00 0.00 0.00 0.00 0.00 0.00 0.00 0.00 0.00 
19.9 20.5 21.0 21.5 21.6 21.4 21.8 22.5 23.0 23.2 23.5 23.3 24.0 23.9 23.7 0.00 0.00 0.00 0.00 0.00 0.00 0.00 0.00 0.00 0.00 0.00 0.00 
