2016_CCC_ARR_IFD/catchment_depth_4min_95021aep.txt.asc
ncols         27
nrows         23
xllcorner     150.975
yllcorner     -33.6
cellsize      0.025
NODATA_value  -9999
3.40 3.39 3.42 3.45 3.42 3.40 3.41 3.45 3.49 3.57 3.67 3.71 3.73 3.81 3.84 3.88 3.89 3.96 4.01 4.06 4.12 4.16 4.20 4.26 4.30 4.34 4.39 
3.44 3.44 3.45 3.48 3.48 3.48 3.47 3.51 3.56 3.65 3.74 3.81 3.82 3.84 3.90 3.89 3.94 4.01 4.07 4.12 4.17 4.22 4.26 4.30 4.35 4.39 4.42 
3.44 3.47 3.50 3.51 3.51 3.53 3.54 3.57 3.65 3.71 3.77 3.82 3.84 3.85 3.93 3.98 3.99 4.04 4.12 4.18 4.22 4.27 4.31 4.35 4.39 4.43 4.46 
3.49 3.49 3.54 3.50 3.53 3.55 3.62 3.63 3.66 3.73 3.80 3.82 3.87 3.91 3.97 3.99 4.04 4.11 4.17 4.23 4.28 4.32 4.36 4.40 4.43 4.47 4.50 
3.51 3.51 3.56 3.53 3.57 3.61 3.65 3.69 3.76 3.84 3.84 3.84 3.93 3.94 4.00 4.04 4.09 4.17 4.23 4.28 4.33 4.37 4.41 4.44 4.48 4.51 4.54 
3.51 3.56 3.57 3.56 3.63 3.64 3.66 3.71 3.81 3.89 3.87 3.91 3.94 3.99 4.04 4.11 4.15 4.21 4.27 4.34 4.39 4.43 4.46 4.49 4.52 4.55 4.58 
3.52 3.56 3.57 3.60 3.67 3.67 3.72 3.77 3.86 3.95 3.94 3.95 3.98 4.07 4.09 4.17 4.22 4.27 4.33 4.40 4.45 4.48 4.50 4.53 4.56 4.59 4.62 
3.53 3.60 3.64 3.68 3.73 3.70 3.77 3.86 3.93 4.01 3.98 3.97 4.03 4.08 4.15 4.20 4.29 4.35 4.41 4.46 4.49 4.52 4.55 4.57 4.60 4.62 0.00 
3.56 3.63 3.66 3.73 3.74 3.76 3.79 3.93 3.96 4.06 4.11 4.07 4.08 4.13 4.19 4.26 4.34 4.41 4.47 4.51 4.54 4.56 4.59 4.61 4.63 4.66 0.00 
3.59 3.62 3.69 3.73 3.78 3.79 3.81 3.90 3.95 4.11 4.15 4.16 4.22 4.18 4.24 4.31 4.40 4.47 4.53 4.56 4.58 4.60 4.62 4.64 0.00 0.00 0.00 
3.60 3.64 3.68 3.70 3.82 3.82 3.87 3.98 4.05 4.18 4.24 4.17 4.18 4.29 4.29 4.34 4.43 4.51 4.57 4.60 4.62 4.64 4.66 4.68 4.70 0.00 0.00 
3.60 3.64 3.70 3.77 3.86 3.85 3.87 4.02 4.14 4.17 4.29 4.32 4.24 4.28 4.33 4.38 4.44 4.52 4.58 4.61 4.64 4.67 4.69 0.00 0.00 0.00 0.00 
3.62 3.68 3.75 3.82 3.87 3.88 3.89 4.06 4.16 4.14 4.29 4.32 4.38 4.29 4.35 4.40 4.47 4.53 4.59 4.63 4.67 4.69 0.00 0.00 0.00 0.00 0.00 
3.64 3.69 3.74 3.83 3.86 3.89 3.94 4.06 4.14 4.17 4.27 4.28 4.41 4.37 4.38 4.42 4.49 4.55 4.61 4.65 4.69 4.72 0.00 0.00 0.00 0.00 0.00 
3.64 3.69 3.74 3.83 3.90 3.96 3.96 4.03 4.17 4.16 4.23 4.33 4.41 4.37 4.37 4.43 4.51 4.57 4.63 4.67 4.72 0.00 0.00 0.00 0.00 0.00 0.00 
3.70 3.72 3.76 3.85 3.94 3.97 3.99 4.05 4.12 4.22 4.24 4.31 4.42 4.40 4.38 4.45 4.54 4.58 4.64 4.69 4.75 0.00 0.00 0.00 0.00 0.00 0.00 
3.74 3.77 3.79 3.85 3.91 4.02 4.05 4.06 4.18 4.25 4.27 4.29 4.41 4.41 4.41 4.47 4.53 4.60 4.65 4.70 0.00 0.00 0.00 0.00 0.00 0.00 0.00 
3.77 3.81 3.84 3.88 3.94 4.00 4.04 4.10 4.23 4.26 4.28 4.39 4.44 4.43 4.45 4.51 4.58 4.63 4.67 0.00 0.00 0.00 0.00 0.00 0.00 0.00 0.00 
3.79 3.84 3.91 3.96 4.02 4.08 4.09 4.17 4.27 4.28 4.33 4.39 4.47 4.44 4.49 4.55 4.61 4.67 4.72 0.00 0.00 0.00 0.00 0.00 0.00 0.00 0.00 
3.83 3.88 3.95 4.01 4.05 4.08 4.15 4.17 4.23 4.32 4.37 4.46 4.51 4.49 4.54 4.62 4.68 4.74 4.78 0.00 0.00 0.00 0.00 0.00 0.00 0.00 0.00 
3.88 3.95 3.98 4.02 4.07 4.13 4.17 4.23 4.30 4.32 4.38 4.47 4.56 4.55 4.62 4.66 4.72 4.75 0.00 0.00 0.00 0.00 0.00 0.00 0.00 0.00 0.00 
3.92 3.99 4.04 4.10 4.15 4.19 4.23 4.30 4.39 4.41 4.44 4.53 4.63 4.67 0.00 0.00 0.00 0.00 0.00 0.00 0.00 0.00 0.00 0.00 0.00 0.00 0.00 
3.97 4.03 4.09 4.15 4.18 4.21 4.27 4.37 4.44 4.50 4.57 4.60 4.68 4.71 4.71 0.00 0.00 0.00 0.00 0.00 0.00 0.00 0.00 0.00 0.00 0.00 0.00 
