2016_CCC_ARR_IFD/catchment_depth_1080min_18127aep.txt.asc
ncols         27
nrows         23
xllcorner     150.975
yllcorner     -33.6
cellsize      0.025
NODATA_value  -9999
94.2 93.9 98.1 101 98.9 96.8 96.2 99.6 103 109 116 118 118 124 125 128 124 120 122 124 125 127 130 130 130 131 131 
97.4 97.9 99.2 102 102 102 101 103 107 113 120 125 124 125 129 123 122 121 122 124 126 128 129 130 131 131 132 
95.9 99.5 103 104 103 104 104 106 112 116 121 124 123 121 128 132 128 125 125 125 127 128 129 130 132 132 133 
100 101 105 101 102 104 109 109 111 116 120 121 124 125 129 126 126 125 126 127 129 130 131 132 133 134 136 
101 101 105 102 105 107 110 112 117 123 122 119 126 123 128 125 129 127 128 130 130 131 132 133 134 135 136 
99.7 105 105 102 108 108 108 112 120 126 122 123 124 125 129 125 129 131 132 131 132 133 133 134 135 137 136 
98.1 103 102 104 110 108 112 116 122 129 126 125 122 132 130 127 130 133 133 133 133 134 135 135 137 138 140 
98.1 106 109 112 114 110 115 122 126 132 127 124 126 129 133 132 132 133 134 135 135 136 136 136 137 137 0.00 
101 108 110 114 114 114 115 126 127 134 136 132 130 130 134 133 134 135 136 136 137 136 136 137 137 137 0.00 
103 104 111 113 116 115 115 122 125 136 138 137 140 134 134 136 135 136 138 138 138 137 138 138 0.00 0.00 0.00 
103 105 108 108 118 116 120 127 131 140 143 136 136 143 139 140 138 138 139 139 138 138 139 140 140 0.00 0.00 
101 104 109 114 121 118 118 129 137 137 145 145 138 139 140 141 141 140 139 139 139 139 140 0.00 0.00 0.00 0.00 
103 108 112 117 120 119 118 131 137 134 144 144 148 138 140 140 140 141 140 140 140 140 0.00 0.00 0.00 0.00 0.00 
104 107 110 117 118 119 121 130 135 135 142 141 148 144 142 141 143 145 142 140 141 140 0.00 0.00 0.00 0.00 0.00 
102 106 109 115 120 123 121 126 136 134 137 143 148 143 141 142 144 146 146 143 144 0.00 0.00 0.00 0.00 0.00 0.00 
106 107 109 115 122 123 122 126 130 137 137 140 147 143 141 143 146 142 144 142 149 0.00 0.00 0.00 0.00 0.00 0.00 
107 109 110 113 118 126 127 124 134 138 137 137 144 142 140 141 142 142 141 141 0.00 0.00 0.00 0.00 0.00 0.00 0.00 
108 111 112 113 118 121 123 126 136 137 135 142 144 140 137 141 143 143 140 0.00 0.00 0.00 0.00 0.00 0.00 0.00 0.00 
109 112 117 120 124 128 125 132 137 135 137 140 143 136 136 138 140 142 142 0.00 0.00 0.00 0.00 0.00 0.00 0.00 0.00 
110 115 119 123 125 125 129 127 130 136 137 141 143 135 135 140 143 144 144 0.00 0.00 0.00 0.00 0.00 0.00 0.00 0.00 
113 120 120 122 125 128 127 131 134 130 131 137 142 134 138 137 140 139 0.00 0.00 0.00 0.00 0.00 0.00 0.00 0.00 0.00 
115 122 125 128 131 132 130 134 139 136 133 137 143 141 0.00 0.00 0.00 0.00 0.00 0.00 0.00 0.00 0.00 0.00 0.00 0.00 0.00 
117 124 128 132 131 128 131 137 140 141 142 137 141 137 131 0.00 0.00 0.00 0.00 0.00 0.00 0.00 0.00 0.00 0.00 0.00 0.00 
