2016_CCC_ARR_IFD/catchment_depth_5760min_00500aep.txt.asc
ncols         27
nrows         23
xllcorner     150.975
yllcorner     -33.6
cellsize      0.025
NODATA_value  -9999
374 369 389 400 388 374 368 384 400 429 462 473 473 502 507 520 504 487 498 508 513 524 535 534 532 532 530 
391 390 395 407 405 400 389 398 418 450 483 510 502 503 525 499 495 492 498 506 515 522 527 529 531 530 529 
382 398 415 415 408 409 408 412 443 461 483 499 495 487 519 537 518 511 508 509 515 520 523 527 531 531 530 
404 405 423 398 403 406 431 427 435 458 479 483 495 501 522 510 516 506 511 512 520 523 526 528 530 533 541 
408 406 424 401 414 422 434 442 464 493 484 473 505 494 517 507 523 512 516 523 525 525 525 528 530 536 537 
402 427 421 403 431 426 426 440 474 501 486 492 496 503 518 502 520 528 532 522 524 527 527 528 534 540 533 
392 413 408 414 441 429 444 459 485 514 501 499 487 529 521 503 518 532 532 527 526 528 529 530 535 543 549 
392 428 441 451 461 434 459 486 506 528 508 492 504 516 534 530 520 521 528 526 526 530 531 526 529 532 0.00 
406 441 445 465 458 456 457 507 509 538 549 528 519 519 534 528 524 526 526 528 530 527 526 526 528 527 0.00 
418 421 451 457 471 461 460 488 500 549 557 553 565 538 530 539 524 527 528 533 532 528 527 528 0.00 0.00 0.00 
418 426 437 431 478 467 480 513 531 568 583 548 544 575 557 559 538 533 531 532 531 530 532 534 534 0.00 0.00 
408 420 443 463 491 476 472 522 558 557 593 591 557 560 562 561 558 545 536 535 534 533 535 0.00 0.00 0.00 0.00 
415 437 456 479 489 479 472 532 557 542 586 586 599 555 560 557 551 554 542 539 538 537 0.00 0.00 0.00 0.00 0.00 
420 435 445 476 477 478 486 526 546 546 574 568 601 579 572 565 568 572 556 544 546 540 0.00 0.00 0.00 0.00 0.00 
411 425 436 466 486 498 485 507 549 538 553 578 596 575 568 570 573 577 575 557 561 0.00 0.00 0.00 0.00 0.00 0.00 
432 431 437 465 495 496 488 505 521 549 549 563 590 576 572 576 582 566 568 557 585 0.00 0.00 0.00 0.00 0.00 0.00 
441 444 440 453 474 511 508 492 536 552 547 548 576 572 572 573 568 566 554 549 0.00 0.00 0.00 0.00 0.00 0.00 0.00 
444 453 455 453 470 483 487 498 543 543 537 567 574 564 555 568 570 565 551 0.00 0.00 0.00 0.00 0.00 0.00 0.00 0.00 
444 457 478 488 502 515 495 522 547 534 542 552 565 543 545 550 557 560 558 0.00 0.00 0.00 0.00 0.00 0.00 0.00 0.00 
448 469 488 504 506 499 513 496 505 531 535 555 561 533 533 553 561 564 563 0.00 0.00 0.00 0.00 0.00 0.00 0.00 0.00 
463 494 489 496 502 511 500 510 521 501 508 532 555 522 538 537 545 542 0.00 0.00 0.00 0.00 0.00 0.00 0.00 0.00 0.00 
469 502 515 526 532 529 515 526 550 527 510 527 558 548 0.00 0.00 0.00 0.00 0.00 0.00 0.00 0.00 0.00 0.00 0.00 0.00 0.00 
482 510 528 542 531 511 518 544 553 550 551 526 544 526 503 0.00 0.00 0.00 0.00 0.00 0.00 0.00 0.00 0.00 0.00 0.00 0.00 
