2016_CCC_ARR_IFD/catchment_depth_4320min_98168aep.txt.asc
ncols         27
nrows         23
xllcorner     150.975
yllcorner     -33.6
cellsize      0.025
NODATA_value  -9999
54.4 53.6 56.6 58.0 56.0 53.4 52.0 54.0 55.7 59.6 64.3 65.2 64.3 68.6 68.6 70.1 65.1 59.6 60.5 61.5 62.0 63.5 64.9 65.0 65.3 65.7 66.1 
56.9 56.6 57.1 58.8 58.3 57.1 55.0 55.8 58.4 62.8 67.4 71.1 69.1 68.4 71.5 64.5 61.7 60.3 60.6 61.4 62.6 63.6 64.4 65.0 65.6 66.0 66.5 
55.0 57.5 60.0 59.7 58.5 58.3 57.7 57.6 62.2 64.5 67.4 69.2 67.5 64.5 69.9 72.3 66.6 63.0 62.2 62.0 62.9 63.8 64.4 65.2 66.1 66.6 67.1 
58.2 58.2 60.9 56.6 57.1 57.3 61.1 59.8 60.2 63.5 66.5 65.9 66.9 66.6 69.6 65.3 65.0 62.6 62.9 63.0 64.1 64.6 65.3 66.0 66.6 67.4 68.9 
58.3 57.9 60.6 56.5 58.4 59.4 61.0 61.7 65.1 69.4 66.7 63.1 68.2 64.3 67.8 64.3 66.2 63.8 64.1 64.9 65.2 65.5 65.8 66.6 67.2 68.4 68.9 
56.8 60.8 59.6 56.4 60.8 59.4 58.8 60.6 66.2 70.5 66.2 66.0 65.5 65.5 67.3 63.6 65.7 66.4 66.8 65.4 65.8 66.3 66.8 67.2 68.3 69.5 69.0 
54.8 58.0 56.9 57.6 61.8 59.2 61.2 63.2 67.3 72.0 68.1 66.6 63.6 70.1 67.6 64.3 66.0 67.6 67.4 66.7 66.8 67.3 67.7 68.1 69.1 70.4 71.6 
54.3 59.9 61.7 63.1 64.4 59.5 63.1 67.3 70.2 73.4 68.5 64.9 66.2 67.4 69.6 68.4 66.8 66.7 67.5 67.4 67.4 68.2 68.6 68.3 69.0 69.6 0.00 
56.0 61.4 61.8 64.7 63.3 62.6 62.1 69.9 69.6 73.9 74.9 70.5 68.4 67.9 69.7 68.5 67.7 67.8 67.9 68.3 68.7 68.5 68.8 69.0 69.5 69.7 0.00 
57.5 57.8 62.2 62.9 64.7 62.8 62.1 66.1 67.4 74.5 75.1 73.9 75.4 70.8 69.4 70.5 68.3 68.6 68.8 69.6 69.6 69.4 69.6 70.0 0.00 0.00 0.00 
57.0 58.0 59.6 58.4 65.3 63.2 64.8 69.4 71.6 76.7 78.5 73.0 72.1 76.4 73.5 73.5 70.6 69.9 69.8 70.0 70.0 70.2 70.8 71.3 71.6 0.00 0.00 
55.1 56.8 59.9 62.8 66.8 64.1 63.4 70.3 75.1 74.5 79.1 78.7 74.0 74.3 74.5 74.3 73.9 72.1 71.0 71.0 71.0 71.2 71.6 0.00 0.00 0.00 0.00 
55.7 58.9 61.4 64.7 66.0 64.3 63.2 71.4 74.7 72.5 78.1 78.0 79.8 74.0 74.6 74.1 73.4 73.8 72.4 72.0 72.1 72.1 0.00 0.00 0.00 0.00 0.00 
55.9 58.1 59.4 63.8 63.8 63.9 64.9 70.4 73.0 73.0 76.6 75.8 80.3 77.4 76.6 75.7 76.1 76.8 74.8 73.3 73.6 72.9 0.00 0.00 0.00 0.00 0.00 
54.3 56.3 57.9 61.9 64.7 66.4 64.7 67.6 73.4 72.0 74.0 77.3 79.8 77.2 76.5 76.8 77.4 78.0 77.8 75.5 76.2 0.00 0.00 0.00 0.00 0.00 0.00 
56.8 56.7 57.5 61.5 65.7 65.9 65.0 67.4 69.8 73.5 73.7 75.8 79.4 77.8 77.6 78.1 79.1 77.0 77.3 75.9 79.8 0.00 0.00 0.00 0.00 0.00 0.00 
57.7 58.1 57.7 59.6 62.5 67.7 67.6 65.7 71.8 74.1 73.8 74.2 78.0 77.7 78.0 78.2 77.7 77.5 76.0 75.3 0.00 0.00 0.00 0.00 0.00 0.00 0.00 
57.6 58.9 59.4 59.4 61.9 63.9 64.9 66.6 72.7 73.2 72.8 76.9 78.1 77.2 76.2 78.0 78.4 77.9 76.0 0.00 0.00 0.00 0.00 0.00 0.00 0.00 0.00 
57.1 59.0 62.1 63.7 65.8 68.0 65.9 69.8 73.4 72.2 73.8 75.4 77.3 74.7 75.1 76.0 77.0 77.6 77.4 0.00 0.00 0.00 0.00 0.00 0.00 0.00 0.00 
57.3 60.3 63.2 65.6 66.2 66.0 68.3 66.6 68.3 72.3 73.2 76.2 77.2 73.8 74.0 76.9 78.1 78.6 78.4 0.00 0.00 0.00 0.00 0.00 0.00 0.00 0.00 
58.9 63.3 63.0 64.3 65.7 67.5 66.7 68.7 70.7 68.6 70.0 73.7 76.9 72.7 75.1 75.1 76.3 75.9 0.00 0.00 0.00 0.00 0.00 0.00 0.00 0.00 0.00 
59.4 64.0 66.1 68.1 69.5 69.8 68.8 70.9 74.6 72.4 70.7 73.4 77.7 76.7 0.00 0.00 0.00 0.00 0.00 0.00 0.00 0.00 0.00 0.00 0.00 0.00 0.00 
60.7 64.7 67.5 70.1 69.4 67.8 69.5 73.6 75.5 75.8 76.4 73.6 76.4 74.2 71.0 0.00 0.00 0.00 0.00 0.00 0.00 0.00 0.00 0.00 0.00 0.00 0.00 
