2016_CCC_ARR_IFD/catchment_depth_8640min_10000aep.txt.asc
ncols         27
nrows         23
xllcorner     150.975
yllcorner     -33.6
cellsize      0.025
NODATA_value  -9999
219 216 228 234 227 218 213 222 231 247 267 273 272 290 292 299 286 270 275 280 282 289 295 294 294 294 294 
230 229 231 238 237 233 226 230 242 260 280 297 291 290 304 283 278 274 275 279 284 288 291 293 294 294 294 
224 234 244 243 238 239 237 239 257 267 280 290 286 279 299 310 295 287 282 281 285 288 290 292 295 296 296 
238 238 248 232 235 237 251 248 252 265 278 279 285 287 300 290 292 283 285 285 289 290 292 295 296 298 304 
240 238 249 234 241 246 253 257 270 287 280 272 291 282 296 288 297 288 289 293 293 293 293 296 298 301 302 
236 251 247 235 252 248 247 255 276 292 281 283 285 288 296 285 295 299 301 294 295 296 297 297 301 305 302 
230 242 238 242 258 250 258 267 282 300 290 288 279 305 299 287 295 303 302 299 298 299 300 300 304 309 313 
229 251 258 264 269 253 267 283 295 308 294 284 290 297 307 304 298 298 302 300 300 302 303 300 302 304 0.00 
238 260 261 272 268 266 266 295 296 313 319 306 300 299 308 304 301 302 302 303 304 302 302 302 303 303 0.00 
246 247 265 267 275 269 267 284 290 319 323 320 327 312 307 312 303 305 305 308 307 305 304 305 0.00 0.00 0.00 
246 250 257 252 280 272 280 299 309 330 339 319 316 334 324 325 313 310 308 309 308 307 309 310 310 0.00 0.00 
240 247 260 272 289 278 276 305 326 324 346 343 324 326 328 328 326 318 313 312 311 311 311 0.00 0.00 0.00 0.00 
244 257 268 282 288 280 276 311 325 317 341 341 349 325 328 326 323 325 318 315 315 314 0.00 0.00 0.00 0.00 0.00 
247 256 261 280 280 280 284 308 320 320 336 333 352 340 336 333 334 337 327 320 320 316 0.00 0.00 0.00 0.00 0.00 
242 250 257 274 286 292 285 298 322 316 325 339 350 339 335 337 339 341 340 328 331 0.00 0.00 0.00 0.00 0.00 0.00 
254 254 256 274 292 291 287 298 307 324 324 333 348 341 339 341 345 335 336 329 346 0.00 0.00 0.00 0.00 0.00 0.00 
260 261 258 266 278 301 300 290 317 327 324 325 342 340 341 341 338 336 329 326 0.00 0.00 0.00 0.00 0.00 0.00 0.00 
261 267 268 266 277 285 288 295 322 323 319 338 342 336 331 339 340 337 328 0.00 0.00 0.00 0.00 0.00 0.00 0.00 0.00 
261 269 282 288 296 305 294 310 325 318 324 330 337 324 326 329 333 335 334 0.00 0.00 0.00 0.00 0.00 0.00 0.00 0.00 
263 276 288 298 300 296 305 295 301 318 320 333 336 319 319 332 337 338 337 0.00 0.00 0.00 0.00 0.00 0.00 0.00 0.00 
273 292 289 294 298 304 298 305 313 300 304 320 334 313 323 323 328 325 0.00 0.00 0.00 0.00 0.00 0.00 0.00 0.00 0.00 
277 297 306 313 318 316 308 315 331 317 307 318 337 331 0.00 0.00 0.00 0.00 0.00 0.00 0.00 0.00 0.00 0.00 0.00 0.00 0.00 
285 303 314 324 318 306 311 328 334 333 333 318 330 318 303 0.00 0.00 0.00 0.00 0.00 0.00 0.00 0.00 0.00 0.00 0.00 0.00 
