2016_CCC_ARR_IFD/catchment_depth_2880min_95021aep.txt.asc
ncols         27
nrows         23
xllcorner     150.975
yllcorner     -33.6
cellsize      0.025
NODATA_value  -9999
56.0 55.3 58.2 59.7 57.8 55.5 54.3 56.3 58.1 61.9 66.5 67.5 66.8 70.9 71.1 72.6 68.2 63.3 64.2 65.2 65.7 67.1 68.5 68.6 68.8 69.1 69.5 
58.4 58.2 58.8 60.5 60.2 59.1 57.3 58.2 60.8 65.1 69.5 73.2 71.4 70.9 74.0 67.7 65.3 64.1 64.4 65.2 66.3 67.3 68.1 68.6 69.1 69.5 69.9 
56.7 59.2 61.6 61.5 60.4 60.4 59.9 60.0 64.5 66.8 69.6 71.5 70.1 67.5 72.6 75.0 70.0 66.9 66.1 65.9 66.8 67.6 68.2 68.9 69.8 70.2 70.6 
59.8 59.9 62.6 58.7 59.2 59.6 63.3 62.2 62.8 66.0 69.0 68.6 69.7 69.7 72.6 68.8 68.7 66.4 66.8 66.9 68.0 68.5 69.1 69.8 70.3 71.0 72.5 
60.0 59.8 62.4 58.7 60.6 61.7 63.3 64.2 67.5 71.6 69.4 66.2 71.1 67.7 71.1 68.0 69.9 67.7 68.0 68.9 69.1 69.4 69.6 70.4 71.0 72.1 72.6 
58.7 62.5 61.6 58.7 63.0 61.9 61.4 63.3 68.7 72.9 69.1 69.0 68.8 69.0 70.8 67.5 69.6 70.3 70.8 69.5 69.8 70.3 70.7 71.1 72.1 73.3 72.8 
56.8 60.0 59.1 59.9 64.0 61.8 63.8 65.9 69.9 74.5 71.0 69.7 67.0 73.4 71.2 68.1 69.9 71.6 71.5 70.8 70.9 71.4 71.7 72.0 73.0 74.3 75.4 
56.4 61.9 63.7 65.2 66.6 62.2 65.7 69.8 72.8 75.9 71.6 68.3 69.7 70.9 73.2 72.2 70.8 70.8 71.7 71.5 71.6 72.3 72.6 72.4 73.0 73.5 0.00 
58.1 63.4 64.0 66.9 65.7 65.2 64.9 72.4 72.4 76.6 77.7 73.7 71.9 71.5 73.4 72.4 71.7 71.9 72.1 72.5 72.8 72.7 72.8 73.1 73.5 73.6 0.00 
59.5 60.0 64.4 65.2 67.1 65.5 65.0 68.9 70.4 77.4 78.1 77.1 78.7 74.4 73.1 74.3 72.3 72.8 73.1 73.8 73.8 73.5 73.7 74.1 0.00 0.00 0.00 
59.2 60.3 61.9 61.0 67.8 65.9 67.7 72.2 74.6 79.6 81.5 76.4 75.6 79.8 77.2 77.3 74.6 74.0 74.0 74.1 74.2 74.3 74.9 75.4 75.6 0.00 0.00 
57.4 59.2 62.4 65.3 69.3 66.9 66.4 73.3 78.0 77.7 82.2 82.0 77.4 77.8 78.1 78.0 77.7 76.1 75.0 75.0 75.1 75.2 75.7 0.00 0.00 0.00 0.00 
58.1 61.3 63.9 67.3 68.6 67.2 66.2 74.4 77.7 75.7 81.3 81.3 83.2 77.5 78.2 77.8 77.1 77.7 76.3 76.0 76.1 76.1 0.00 0.00 0.00 0.00 0.00 
58.4 60.6 62.0 66.4 66.6 66.8 68.0 73.5 76.2 76.3 79.9 79.2 83.7 80.9 80.1 79.2 79.8 80.5 78.6 77.1 77.4 76.8 0.00 0.00 0.00 0.00 0.00 
56.9 58.9 60.6 64.7 67.6 69.4 67.8 70.9 76.6 75.3 77.4 80.7 83.2 80.7 79.8 80.2 80.9 81.6 81.5 79.2 80.0 0.00 0.00 0.00 0.00 0.00 0.00 
59.3 59.5 60.4 64.3 68.6 69.0 68.2 70.8 73.2 76.9 77.2 79.2 82.9 81.2 80.7 81.4 82.5 80.4 80.8 79.5 83.5 0.00 0.00 0.00 0.00 0.00 0.00 
60.3 60.8 60.7 62.7 65.6 70.8 70.9 69.1 75.2 77.6 77.3 77.7 81.5 81.0 80.9 81.3 80.9 80.8 79.4 78.8 0.00 0.00 0.00 0.00 0.00 0.00 0.00 
60.3 61.7 62.3 62.6 65.2 67.3 68.3 70.2 76.2 76.8 76.4 80.5 81.6 80.4 79.2 81.1 81.6 81.2 79.4 0.00 0.00 0.00 0.00 0.00 0.00 0.00 0.00 
60.0 62.0 65.1 66.8 69.1 71.3 69.5 73.4 77.0 76.0 77.4 79.0 80.9 77.9 78.3 79.2 80.2 80.9 80.8 0.00 0.00 0.00 0.00 0.00 0.00 0.00 0.00 
60.4 63.3 66.3 68.8 69.6 69.5 71.9 70.4 72.2 76.1 77.0 79.9 80.8 77.1 77.2 80.2 81.5 81.9 81.8 0.00 0.00 0.00 0.00 0.00 0.00 0.00 0.00 
62.1 66.4 66.2 67.7 69.2 71.0 70.4 72.6 74.7 72.5 73.7 77.4 80.6 76.1 78.5 78.4 79.6 79.2 0.00 0.00 0.00 0.00 0.00 0.00 0.00 0.00 0.00 
62.7 67.2 69.4 71.4 72.9 73.3 72.5 74.7 78.3 76.4 74.6 77.2 81.4 80.3 0.00 0.00 0.00 0.00 0.00 0.00 0.00 0.00 0.00 0.00 0.00 0.00 0.00 
64.0 68.0 70.8 73.4 72.9 71.4 73.2 77.2 79.1 79.5 80.1 77.4 80.0 77.8 74.4 0.00 0.00 0.00 0.00 0.00 0.00 0.00 0.00 0.00 0.00 0.00 0.00 
