2016_CCC_ARR_IFD/catchment_depth_20min_95021aep.txt.asc
ncols         27
nrows         23
xllcorner     150.975
yllcorner     -33.6
cellsize      0.025
NODATA_value  -9999
9.13 9.09 9.18 9.24 9.18 9.10 9.10 9.21 9.32 9.53 9.78 9.87 9.91 10.1 10.2 10.3 10.3 10.4 10.5 10.6 10.7 10.8 11.0 11.1 11.2 11.3 11.4 
9.22 9.22 9.24 9.31 9.32 9.30 9.27 9.34 9.49 9.71 9.94 10.1 10.1 10.2 10.3 10.3 10.3 10.5 10.6 10.7 10.8 10.9 11.0 11.1 11.3 11.4 11.5 
9.21 9.28 9.37 9.39 9.38 9.40 9.43 9.47 9.69 9.83 9.99 10.1 10.1 10.1 10.4 10.5 10.5 10.6 10.7 10.8 10.9 11.0 11.1 11.2 11.3 11.4 11.5 
9.32 9.34 9.44 9.36 9.40 9.44 9.60 9.61 9.69 9.86 10.0 10.1 10.2 10.3 10.4 10.4 10.5 10.6 10.8 10.9 11.0 11.1 11.2 11.3 11.4 11.5 11.6 
9.36 9.38 9.48 9.42 9.50 9.57 9.66 9.74 9.91 10.1 10.1 10.1 10.3 10.3 10.5 10.5 10.6 10.7 10.9 11.0 11.1 11.2 11.3 11.4 11.5 11.6 11.7 
9.36 9.48 9.50 9.49 9.62 9.64 9.66 9.77 10.0 10.2 10.1 10.2 10.3 10.4 10.5 10.5 10.7 10.8 10.9 11.1 11.2 11.3 11.4 11.5 11.6 11.7 11.7 
9.35 9.46 9.49 9.56 9.70 9.68 9.79 9.91 10.1 10.3 10.3 10.3 10.3 10.6 10.6 10.6 10.8 10.9 11.0 11.2 11.3 11.4 11.4 11.5 11.6 11.7 11.8 
9.37 9.54 9.64 9.73 9.82 9.73 9.90 10.1 10.3 10.5 10.3 10.2 10.4 10.5 10.7 10.7 10.8 11.0 11.1 11.2 11.3 11.4 11.5 11.6 11.7 11.8 0.00 
9.43 9.61 9.68 9.82 9.83 9.86 9.90 10.3 10.3 10.6 10.7 10.5 10.5 10.5 10.7 10.8 10.9 11.1 11.2 11.3 11.4 11.5 11.6 11.7 11.8 11.8 0.00 
9.49 9.54 9.72 9.79 9.91 9.90 9.92 10.1 10.2 10.6 10.7 10.7 10.9 10.7 10.7 10.9 11.0 11.1 11.3 11.4 11.5 11.5 11.6 11.7 0.00 0.00 0.00 
9.50 9.57 9.66 9.68 9.97 9.94 10.1 10.3 10.5 10.8 10.9 10.7 10.7 11.0 10.9 11.0 11.1 11.2 11.3 11.4 11.5 11.6 11.7 11.8 11.9 0.00 0.00 
9.47 9.56 9.70 9.85 10.1 10.0 10.0 10.4 10.7 10.7 11.0 11.1 10.8 10.9 10.9 11.0 11.1 11.2 11.3 11.5 11.6 11.7 11.8 0.00 0.00 0.00 0.00 
9.51 9.64 9.77 9.95 10.1 10.0 10.0 10.5 10.7 10.6 11.0 11.0 11.2 10.8 10.9 11.0 11.1 11.3 11.4 11.5 11.6 11.7 0.00 0.00 0.00 0.00 0.00 
9.54 9.64 9.73 9.94 9.98 10.0 10.1 10.4 10.6 10.6 10.9 10.9 11.2 11.1 11.0 11.1 11.2 11.4 11.4 11.5 11.7 11.8 0.00 0.00 0.00 0.00 0.00 
9.53 9.62 9.71 9.90 10.1 10.2 10.1 10.3 10.6 10.6 10.7 11.0 11.2 11.0 11.0 11.1 11.3 11.4 11.6 11.6 11.8 0.00 0.00 0.00 0.00 0.00 0.00 
9.63 9.67 9.73 9.91 10.1 10.2 10.2 10.3 10.4 10.7 10.7 10.9 11.2 11.1 11.0 11.2 11.4 11.4 11.6 11.7 11.9 0.00 0.00 0.00 0.00 0.00 0.00 
9.70 9.75 9.78 9.88 10.0 10.3 10.3 10.3 10.6 10.7 10.7 10.8 11.1 11.1 11.1 11.2 11.4 11.5 11.6 11.7 0.00 0.00 0.00 0.00 0.00 0.00 0.00 
9.74 9.83 9.88 9.92 10.0 10.1 10.2 10.3 10.7 10.7 10.7 11.0 11.1 11.1 11.2 11.3 11.5 11.6 11.7 0.00 0.00 0.00 0.00 0.00 0.00 0.00 0.00 
9.79 9.88 10.0 10.1 10.2 10.4 10.3 10.5 10.7 10.7 10.8 11.0 11.2 11.1 11.2 11.4 11.5 11.7 11.8 0.00 0.00 0.00 0.00 0.00 0.00 0.00 0.00 
9.87 9.98 10.1 10.2 10.3 10.3 10.4 10.4 10.5 10.7 10.9 11.1 11.3 11.2 11.3 11.5 11.7 11.8 12.0 0.00 0.00 0.00 0.00 0.00 0.00 0.00 0.00 
9.97 10.1 10.2 10.2 10.3 10.4 10.5 10.6 10.7 10.7 10.9 11.1 11.4 11.3 11.5 11.6 11.8 11.9 0.00 0.00 0.00 0.00 0.00 0.00 0.00 0.00 0.00 
10.1 10.2 10.3 10.4 10.5 10.6 10.6 10.7 11.0 10.9 11.0 11.2 11.6 11.6 0.00 0.00 0.00 0.00 0.00 0.00 0.00 0.00 0.00 0.00 0.00 0.00 0.00 
10.2 10.3 10.5 10.6 10.6 10.6 10.7 11.0 11.1 11.3 11.4 11.4 11.7 11.7 11.8 0.00 0.00 0.00 0.00 0.00 0.00 0.00 0.00 0.00 0.00 0.00 0.00 
