2016_CCC_ARR_IFD/catchment_depth_1080min_10000aep.txt.asc
ncols         27
nrows         23
xllcorner     150.975
yllcorner     -33.6
cellsize      0.025
NODATA_value  -9999
111 111 116 119 117 115 114 118 122 129 138 141 141 148 150 153 149 144 146 149 150 154 157 157 157 158 159 
115 115 117 121 121 121 119 122 127 135 143 149 148 149 154 148 145 145 146 149 151 154 155 157 158 158 159 
113 117 122 123 122 123 124 125 133 138 144 148 147 145 154 158 153 149 149 150 152 154 155 157 158 159 160 
118 119 124 119 121 123 130 129 132 138 143 145 148 149 154 150 151 149 151 152 154 155 157 158 159 161 163 
119 120 124 120 124 127 130 133 139 147 145 142 151 147 153 149 153 151 153 155 156 157 157 159 160 162 163 
118 124 124 121 128 128 128 133 142 150 146 147 148 149 153 149 154 156 157 156 157 158 159 160 162 164 163 
116 121 121 123 131 129 133 137 145 153 150 149 146 157 155 151 155 158 159 159 159 160 161 161 163 165 167 
116 125 129 132 136 130 137 145 150 157 151 147 151 154 159 158 157 158 160 160 160 161 162 161 162 163 0.00 
119 128 130 136 135 135 136 150 151 159 162 157 155 155 159 159 159 160 161 162 162 162 162 162 163 163 0.00 
122 124 131 134 138 137 137 145 148 162 164 163 167 160 159 162 160 162 163 164 164 163 163 163 0.00 0.00 0.00 
122 125 128 128 140 138 142 151 156 166 171 162 161 170 166 167 163 164 164 164 164 164 165 165 165 0.00 0.00 
120 124 130 136 143 140 140 153 163 164 173 173 165 166 167 168 168 166 165 165 165 165 166 0.00 0.00 0.00 0.00 
122 128 133 139 143 141 140 156 163 160 172 172 176 164 166 166 166 168 166 165 166 166 0.00 0.00 0.00 0.00 0.00 
123 127 131 139 140 141 144 155 160 161 169 167 177 171 169 168 169 172 169 166 167 166 0.00 0.00 0.00 0.00 0.00 
122 126 129 137 142 146 144 150 161 159 163 170 176 170 167 168 170 173 173 169 171 0.00 0.00 0.00 0.00 0.00 0.00 
126 127 129 137 145 146 145 150 155 162 162 167 174 170 167 169 173 169 171 169 177 0.00 0.00 0.00 0.00 0.00 0.00 
128 130 131 135 140 150 151 147 159 164 163 162 171 169 166 167 168 169 167 166 0.00 0.00 0.00 0.00 0.00 0.00 0.00 
129 132 134 135 140 144 146 149 161 162 160 169 171 166 163 167 169 169 166 0.00 0.00 0.00 0.00 0.00 0.00 0.00 0.00 
130 134 139 143 147 152 149 156 163 160 163 165 169 161 161 163 166 168 169 0.00 0.00 0.00 0.00 0.00 0.00 0.00 0.00 
131 137 142 147 149 149 153 150 153 161 162 167 169 159 159 166 169 170 170 0.00 0.00 0.00 0.00 0.00 0.00 0.00 0.00 
135 143 143 146 149 152 151 155 159 153 155 162 168 158 163 162 165 164 0.00 0.00 0.00 0.00 0.00 0.00 0.00 0.00 0.00 
137 146 150 153 156 157 155 159 165 161 157 161 170 167 0.00 0.00 0.00 0.00 0.00 0.00 0.00 0.00 0.00 0.00 0.00 0.00 0.00 
140 148 153 158 156 153 156 163 166 167 167 161 167 162 154 0.00 0.00 0.00 0.00 0.00 0.00 0.00 0.00 0.00 0.00 0.00 0.00 
