2016_CCC_ARR_IFD/catchment_depth_20min_05000aep.txt.asc
ncols         27
nrows         23
xllcorner     150.975
yllcorner     -33.6
cellsize      0.025
NODATA_value  -9999
32.3 32.2 32.6 33.0 32.7 32.5 32.6 33.2 33.8 34.8 35.8 36.2 36.5 37.2 37.6 38.0 38.4 38.6 39.0 39.5 39.8 40.3 40.7 41.0 41.2 41.6 41.9 
32.6 32.6 32.7 33.1 33.2 33.1 33.1 33.6 34.3 35.3 36.2 36.8 37.0 37.4 37.9 38.2 38.6 38.9 39.2 39.6 40.0 40.4 40.7 41.1 41.4 41.7 42.0 
32.3 32.7 33.1 33.2 33.2 33.4 33.6 33.9 35.0 35.6 36.3 36.9 37.2 37.5 38.1 38.5 39.0 39.5 39.6 39.8 40.2 40.5 40.8 41.2 41.5 41.9 42.2 
32.7 32.7 33.3 32.6 32.9 33.2 34.1 34.3 34.8 35.7 36.4 36.8 37.4 37.9 38.4 38.9 39.4 39.5 39.8 40.0 40.4 40.7 41.0 41.4 41.7 42.0 42.4 
32.7 32.7 33.2 32.5 33.1 33.6 34.2 34.7 35.6 36.5 36.7 36.9 37.7 38.1 38.7 39.2 39.7 39.8 40.1 40.4 40.6 40.9 41.2 41.5 41.8 42.2 42.5 
32.6 33.2 33.1 32.5 33.6 33.7 34.1 34.7 35.9 36.8 36.9 37.4 37.9 38.5 39.1 39.3 39.9 40.3 40.6 40.5 40.7 41.0 41.3 41.6 42.0 42.4 42.6 
32.6 32.8 32.7 32.9 33.9 33.8 34.5 35.2 36.2 37.1 37.3 37.7 38.2 38.9 39.4 39.5 40.1 40.6 40.8 40.8 41.0 41.3 41.5 41.8 42.1 42.5 42.9 
32.8 33.3 33.7 34.1 34.5 34.2 35.0 36.0 36.7 37.5 37.6 38.0 38.7 39.3 39.8 40.2 40.3 40.6 40.9 41.1 41.2 41.5 41.7 41.9 42.2 42.5 0.00 
33.1 33.7 33.9 34.5 34.5 34.8 35.2 36.5 36.9 37.8 38.3 38.6 39.1 39.6 40.1 40.4 40.6 40.9 41.1 41.4 41.5 41.7 41.8 42.1 42.3 42.5 0.00 
33.4 33.6 34.2 34.5 35.0 35.1 35.5 36.3 37.0 38.1 38.6 39.0 39.6 40.0 40.2 40.7 40.8 41.2 41.4 41.7 41.8 41.9 42.0 42.2 0.00 0.00 0.00 
33.6 33.9 34.2 34.4 35.3 35.4 36.0 36.9 37.6 38.5 39.1 39.2 39.7 40.3 40.7 41.1 41.2 41.4 41.6 41.8 41.9 42.0 42.2 42.4 42.6 0.00 0.00 
33.8 34.1 34.5 35.0 35.8 35.8 36.1 37.2 38.1 38.6 39.4 39.8 39.9 40.4 40.9 41.3 41.6 41.7 41.8 41.9 42.1 42.2 42.4 0.00 0.00 0.00 0.00 
34.0 34.5 34.9 35.5 35.9 36.0 36.3 37.5 38.3 38.5 39.5 39.9 40.4 40.5 41.0 41.3 41.5 41.9 41.9 42.1 42.2 42.4 0.00 0.00 0.00 0.00 0.00 
34.3 34.6 35.0 35.6 35.9 36.2 36.7 37.6 38.3 38.7 39.5 39.8 40.5 40.8 41.2 41.5 41.9 42.2 42.2 42.2 42.4 42.5 0.00 0.00 0.00 0.00 0.00 
34.3 34.7 35.0 35.6 36.2 36.7 36.8 37.5 38.4 38.7 39.3 40.0 40.6 40.9 41.2 41.6 42.0 42.3 42.5 42.5 42.7 0.00 0.00 0.00 0.00 0.00 0.00 
34.7 34.9 35.2 35.8 36.5 36.7 36.9 37.5 38.1 38.9 39.3 39.9 40.6 40.9 41.4 41.7 42.1 42.2 42.5 42.5 43.0 0.00 0.00 0.00 0.00 0.00 0.00 
35.0 35.2 35.3 35.7 36.2 37.1 37.3 37.4 38.4 39.0 39.3 39.7 40.5 40.9 41.1 41.6 41.9 42.2 42.2 42.3 0.00 0.00 0.00 0.00 0.00 0.00 0.00 
35.1 35.5 35.6 35.8 36.3 36.7 37.0 37.5 38.6 38.9 39.2 40.1 40.5 40.8 40.9 41.5 42.0 42.2 42.2 0.00 0.00 0.00 0.00 0.00 0.00 0.00 0.00 
35.2 35.6 36.1 36.4 36.8 37.3 37.2 37.9 38.7 38.8 39.3 39.8 40.4 40.4 40.7 41.2 41.7 42.1 42.3 0.00 0.00 0.00 0.00 0.00 0.00 0.00 0.00 
35.3 35.8 36.2 36.7 36.9 37.0 37.5 37.4 37.9 38.7 39.2 39.9 40.4 40.2 40.6 41.3 41.8 42.1 42.3 0.00 0.00 0.00 0.00 0.00 0.00 0.00 0.00 
35.5 36.2 36.3 36.6 36.9 37.2 37.3 37.7 38.2 38.2 38.7 39.5 40.3 40.1 40.8 41.1 41.5 41.7 0.00 0.00 0.00 0.00 0.00 0.00 0.00 0.00 0.00 
35.6 36.3 36.6 37.0 37.4 37.6 37.6 38.0 38.8 38.7 38.8 39.5 40.4 40.6 0.00 0.00 0.00 0.00 0.00 0.00 0.00 0.00 0.00 0.00 0.00 0.00 0.00 
35.7 36.3 36.8 37.3 37.3 37.2 37.6 38.4 38.9 39.2 39.6 39.6 40.3 40.4 40.2 0.00 0.00 0.00 0.00 0.00 0.00 0.00 0.00 0.00 0.00 0.00 0.00 
