2016_CCC_ARR_IFD/catchment_depth_5min_01000aep.txt.asc
ncols         27
nrows         23
xllcorner     150.975
yllcorner     -33.6
cellsize      0.025
NODATA_value  -9999
19.1 19.0 19.4 19.6 19.6 19.5 19.6 20.0 20.5 21.1 21.7 22.0 22.3 22.6 22.9 23.2 23.5 23.6 23.9 24.2 24.4 24.7 25.0 25.2 25.4 25.6 25.8 
19.2 19.3 19.4 19.7 19.8 19.9 20.0 20.3 20.8 21.5 22.0 22.3 22.6 22.9 23.2 23.5 23.6 23.8 24.1 24.4 24.7 24.9 25.2 25.4 25.6 25.8 26.0 
19.1 19.4 19.7 19.8 19.9 20.1 20.3 20.6 21.3 21.7 22.2 22.5 22.8 23.1 23.5 23.7 24.1 24.3 24.4 24.6 24.9 25.1 25.3 25.5 25.8 26.0 26.1 
19.3 19.4 19.8 19.5 19.7 20.0 20.7 20.9 21.3 21.9 22.3 22.7 23.1 23.4 23.8 24.1 24.4 24.5 24.7 24.9 25.1 25.3 25.5 25.8 26.0 26.2 26.4 
19.3 19.4 19.8 19.4 19.9 20.3 20.7 21.2 21.8 22.3 22.6 22.9 23.4 23.8 24.2 24.5 24.8 24.9 25.1 25.3 25.4 25.6 25.7 26.0 26.2 26.4 26.5 
19.2 19.7 19.7 19.3 20.2 20.3 20.7 21.2 22.0 22.6 22.9 23.3 23.8 24.2 24.6 24.7 25.1 25.4 25.6 25.5 25.6 25.8 26.0 26.2 26.4 26.6 26.7 
19.2 19.4 19.4 19.6 20.4 20.4 21.0 21.6 22.3 22.9 23.2 23.7 24.0 24.5 25.0 25.0 25.4 25.7 25.8 25.8 25.9 26.1 26.2 26.4 26.6 26.8 27.0 
19.3 19.7 20.1 20.4 20.8 20.7 21.3 22.1 22.6 23.1 23.5 24.0 24.5 25.0 25.4 25.7 25.7 25.9 26.1 26.1 26.2 26.3 26.5 26.5 26.7 26.8 0.00 
19.5 20.0 20.2 20.7 20.8 21.1 21.5 22.4 22.8 23.4 23.8 24.3 24.9 25.3 25.7 25.9 26.0 26.2 26.4 26.5 26.5 26.5 26.6 26.7 26.8 26.9 0.00 
19.7 19.9 20.4 20.7 21.1 21.3 21.7 22.3 22.9 23.7 24.1 24.6 25.0 25.6 25.8 26.2 26.2 26.5 26.7 26.8 26.8 26.7 26.8 26.9 0.00 0.00 0.00 
19.8 20.1 20.4 20.6 21.3 21.5 22.0 22.7 23.3 23.9 24.3 24.8 25.2 25.6 26.1 26.4 26.5 26.6 26.8 26.8 26.9 26.9 27.0 27.1 27.2 0.00 0.00 
19.9 20.1 20.5 21.0 21.6 21.7 22.0 22.9 23.6 24.0 24.6 25.0 25.3 25.8 26.2 26.5 26.7 26.8 26.8 26.9 26.9 27.0 27.1 0.00 0.00 0.00 0.00 
20.0 20.4 20.8 21.3 21.7 21.8 22.1 23.1 23.7 24.0 24.7 25.0 25.4 25.8 26.2 26.4 26.6 26.9 26.8 26.9 27.0 27.0 0.00 0.00 0.00 0.00 0.00 
20.1 20.4 20.8 21.3 21.6 21.9 22.3 23.1 23.6 24.0 24.6 25.0 25.4 25.8 26.2 26.4 26.7 27.0 27.0 26.9 27.0 27.0 0.00 0.00 0.00 0.00 0.00 
20.1 20.4 20.7 21.3 21.8 22.2 22.3 22.9 23.7 24.0 24.5 25.1 25.5 25.8 26.1 26.4 26.7 27.0 27.1 27.0 27.2 0.00 0.00 0.00 0.00 0.00 0.00 
20.3 20.5 20.8 21.3 21.9 22.2 22.4 22.9 23.4 24.1 24.4 24.9 25.4 25.7 26.0 26.3 26.7 26.7 26.9 26.9 27.2 0.00 0.00 0.00 0.00 0.00 0.00 
20.5 20.7 20.8 21.2 21.7 22.4 22.6 22.6 23.5 24.0 24.3 24.6 25.3 25.5 25.6 26.0 26.3 26.5 26.5 26.6 0.00 0.00 0.00 0.00 0.00 0.00 0.00 
20.5 20.8 21.0 21.1 21.6 22.0 22.2 22.6 23.6 23.9 24.0 24.8 25.2 25.3 25.2 25.8 26.2 26.4 26.3 0.00 0.00 0.00 0.00 0.00 0.00 0.00 0.00 
20.5 20.9 21.3 21.6 22.0 22.4 22.3 23.0 23.6 23.6 24.0 24.4 24.9 24.7 25.0 25.3 25.8 26.1 26.3 0.00 0.00 0.00 0.00 0.00 0.00 0.00 0.00 
20.5 21.0 21.4 21.8 22.0 22.1 22.5 22.4 22.8 23.5 23.8 24.4 24.8 24.4 24.7 25.4 25.8 26.0 26.2 0.00 0.00 0.00 0.00 0.00 0.00 0.00 0.00 
20.7 21.3 21.4 21.7 21.9 22.2 22.2 22.6 23.0 22.8 23.1 23.9 24.6 24.2 24.7 24.9 25.3 25.5 0.00 0.00 0.00 0.00 0.00 0.00 0.00 0.00 0.00 
20.7 21.3 21.7 22.0 22.3 22.5 22.4 22.8 23.4 23.2 23.1 23.7 24.5 24.6 0.00 0.00 0.00 0.00 0.00 0.00 0.00 0.00 0.00 0.00 0.00 0.00 0.00 
20.8 21.4 21.8 22.2 22.2 22.0 22.3 23.0 23.4 23.6 23.8 23.7 24.2 24.2 23.9 0.00 0.00 0.00 0.00 0.00 0.00 0.00 0.00 0.00 0.00 0.00 0.00 
