2016_CCC_ARR_IFD/catchment_depth_1800min_05000aep.txt.asc
ncols         27
nrows         23
xllcorner     150.975
yllcorner     -33.6
cellsize      0.025
NODATA_value  -9999
163 163 171 176 172 167 166 172 179 191 205 209 210 221 224 229 222 212 216 221 223 228 233 233 233 234 234 
170 171 173 179 179 178 174 178 187 200 213 224 221 222 231 219 215 214 216 219 223 227 230 231 233 233 234 
167 174 181 182 181 182 182 184 197 205 214 221 219 215 229 236 227 221 220 220 223 226 228 230 233 234 234 
176 177 185 176 179 181 192 190 194 204 213 214 219 221 230 223 224 219 221 222 226 227 229 231 233 235 239 
177 178 186 178 183 187 193 197 207 219 215 209 223 217 227 221 227 222 224 227 228 229 229 232 233 236 237 
176 186 185 179 191 189 190 196 211 223 216 217 219 221 227 219 226 229 231 227 229 230 231 232 235 238 236 
172 181 180 183 195 190 197 204 215 228 222 220 214 233 229 221 227 232 232 231 231 232 233 233 236 240 243 
173 187 193 198 203 193 203 216 224 234 225 217 222 227 234 232 229 229 232 231 231 233 234 233 234 236 0.00 
178 192 195 204 202 202 202 224 225 238 243 233 228 228 234 232 231 232 232 233 234 233 233 233 234 234 0.00 
183 185 198 201 207 204 204 216 221 242 246 244 249 236 233 237 232 234 235 236 236 234 234 234 0.00 0.00 0.00 
184 188 193 191 211 207 212 226 234 250 257 242 239 253 245 245 237 236 236 236 236 235 236 237 237 0.00 0.00 
180 186 195 204 216 211 209 231 246 246 261 260 245 246 247 246 246 241 238 237 237 237 237 0.00 0.00 0.00 0.00 
184 193 201 211 216 212 210 235 246 240 258 258 264 244 246 244 242 244 240 239 239 238 0.00 0.00 0.00 0.00 0.00 
186 193 197 210 211 212 216 233 241 242 253 250 265 255 251 247 249 252 245 241 241 239 0.00 0.00 0.00 0.00 0.00 
183 189 195 207 215 221 216 225 243 238 244 255 263 253 247 248 251 254 253 246 248 0.00 0.00 0.00 0.00 0.00 0.00 
192 192 195 207 220 221 218 225 232 244 243 249 261 253 248 251 255 248 250 246 259 0.00 0.00 0.00 0.00 0.00 0.00 
196 198 197 203 212 227 227 220 239 246 243 242 255 251 247 249 248 248 244 242 0.00 0.00 0.00 0.00 0.00 0.00 0.00 
197 202 204 204 211 217 219 224 243 243 239 253 255 248 242 248 250 249 243 0.00 0.00 0.00 0.00 0.00 0.00 0.00 0.00 
198 204 213 218 224 230 223 235 245 240 243 247 252 239 239 242 245 247 247 0.00 0.00 0.00 0.00 0.00 0.00 0.00 0.00 
201 209 218 225 227 225 231 225 229 240 241 250 251 237 236 245 249 251 250 0.00 0.00 0.00 0.00 0.00 0.00 0.00 0.00 
207 220 219 223 226 230 227 232 237 228 230 241 250 234 241 240 243 241 0.00 0.00 0.00 0.00 0.00 0.00 0.00 0.00 0.00 
210 224 230 235 238 238 233 238 249 240 232 240 252 248 0.00 0.00 0.00 0.00 0.00 0.00 0.00 0.00 0.00 0.00 0.00 0.00 0.00 
216 228 235 242 239 231 235 246 250 250 250 240 247 239 227 0.00 0.00 0.00 0.00 0.00 0.00 0.00 0.00 0.00 0.00 0.00 0.00 
