2016_CCC_ARR_IFD/catchment_depth_5760min_00200aep.txt.asc
ncols         27
nrows         23
xllcorner     150.975
yllcorner     -33.6
cellsize      0.025
NODATA_value  -9999
429 425 448 461 447 431 425 444 463 495 534 546 547 580 587 602 586 570 583 595 601 614 626 624 623 621 618 
449 448 453 468 466 460 449 459 483 519 557 588 580 582 607 579 577 576 583 594 604 612 617 619 620 619 617 
438 457 477 476 469 471 470 475 511 531 557 576 572 564 601 621 602 596 595 598 604 609 612 615 620 619 619 
464 465 486 457 463 467 496 492 501 528 553 558 572 579 603 592 599 591 597 600 609 611 614 617 618 621 632 
467 466 486 460 475 485 499 509 534 567 558 547 583 572 599 589 607 597 602 611 612 613 612 616 618 626 626 
460 489 483 463 495 490 490 506 545 576 560 567 573 581 600 582 604 613 619 608 611 614 615 616 623 630 622 
449 473 467 474 506 492 510 527 557 591 576 575 562 611 603 583 602 618 619 613 613 615 616 617 623 632 640 
448 489 504 516 528 498 526 558 581 607 584 567 582 595 616 612 603 605 613 611 611 615 618 613 616 619 0.00 
463 504 509 532 524 522 523 581 584 618 630 607 597 598 616 610 606 608 609 612 614 612 612 612 614 613 0.00 
477 481 515 522 538 527 526 558 573 629 639 635 649 619 611 622 605 608 611 617 616 613 612 613 0.00 0.00 0.00 
476 486 499 492 546 533 549 586 608 650 668 629 625 660 641 643 620 614 613 614 613 614 617 618 619 0.00 0.00 
464 479 504 528 561 543 539 597 638 637 679 677 638 642 646 645 642 627 617 617 616 617 619 0.00 0.00 0.00 0.00 
472 498 519 546 558 546 539 607 636 620 670 670 686 636 642 639 632 637 624 620 620 619 0.00 0.00 0.00 0.00 0.00 
477 495 506 542 543 545 553 600 623 624 656 648 688 663 655 647 651 657 639 626 628 621 0.00 0.00 0.00 0.00 0.00 
466 483 496 530 553 567 552 577 626 613 630 659 681 657 649 651 656 661 660 639 645 0.00 0.00 0.00 0.00 0.00 0.00 
490 490 496 528 563 564 555 575 594 625 625 642 674 657 653 657 666 647 650 638 671 0.00 0.00 0.00 0.00 0.00 0.00 
501 504 500 515 538 580 578 559 610 628 623 624 657 651 652 653 648 647 634 629 0.00 0.00 0.00 0.00 0.00 0.00 0.00 
503 514 517 514 534 549 554 566 617 618 611 646 653 642 632 647 650 645 630 0.00 0.00 0.00 0.00 0.00 0.00 0.00 0.00 
503 518 543 554 569 584 562 593 621 606 616 627 642 617 620 627 634 639 638 0.00 0.00 0.00 0.00 0.00 0.00 0.00 0.00 
508 532 554 571 574 566 582 563 573 603 608 631 637 605 607 629 639 643 642 0.00 0.00 0.00 0.00 0.00 0.00 0.00 0.00 
525 559 555 562 569 580 567 579 592 569 576 604 631 593 611 611 620 617 0.00 0.00 0.00 0.00 0.00 0.00 0.00 0.00 0.00 
532 569 583 596 603 600 584 596 624 598 579 598 634 622 0.00 0.00 0.00 0.00 0.00 0.00 0.00 0.00 0.00 0.00 0.00 0.00 0.00 
546 577 598 615 602 580 588 617 627 624 625 596 618 597 571 0.00 0.00 0.00 0.00 0.00 0.00 0.00 0.00 0.00 0.00 0.00 0.00 
