2016_CCC_ARR_IFD/catchment_depth_360min_00050aep.txt.asc
ncols         27
nrows         23
xllcorner     150.975
yllcorner     -33.6
cellsize      0.025
NODATA_value  -9999
174 175 181 185 186 186 189 195 201 210 218 223 228 234 239 243 248 253 260 266 272 278 283 286 289 293 296 
177 179 182 187 190 192 194 199 207 215 223 228 233 237 242 246 248 257 264 270 275 280 284 287 291 294 297 
176 181 186 189 192 195 199 204 213 220 226 231 236 240 246 251 256 258 266 273 278 282 285 289 292 295 298 
180 183 188 187 192 196 205 208 214 222 229 234 240 245 251 254 258 264 270 275 280 284 287 290 293 297 300 
180 183 189 188 194 200 207 213 221 229 233 236 245 248 255 258 263 268 273 278 282 285 288 292 294 298 300 
179 187 189 189 199 202 206 213 225 233 236 242 248 254 260 262 268 273 277 281 284 287 290 293 296 299 300 
178 184 187 191 201 203 210 218 228 237 241 246 249 260 265 266 272 278 282 284 287 289 292 294 297 300 303 
178 187 193 199 205 204 214 225 233 241 244 247 255 262 270 273 276 281 285 287 289 291 293 294 296 298 0.00 
180 189 193 201 205 209 214 229 235 245 252 255 259 264 272 275 280 285 288 290 292 292 293 294 296 297 0.00 
181 185 195 200 207 210 214 226 233 248 256 260 266 268 271 278 281 288 292 293 293 293 293 294 0.00 0.00 0.00 
181 186 191 194 208 210 218 231 240 252 259 259 263 273 276 280 284 288 292 292 292 293 294 295 296 0.00 0.00 
179 184 192 200 210 212 216 232 245 250 263 267 265 271 276 280 285 288 289 290 291 292 293 0.00 0.00 0.00 0.00 
179 186 194 203 209 211 214 233 244 246 260 265 271 268 274 278 281 286 287 288 290 290 0.00 0.00 0.00 0.00 0.00 
179 185 191 201 206 210 216 231 240 245 256 259 270 271 273 276 281 286 286 286 288 288 0.00 0.00 0.00 0.00 0.00 
177 182 188 198 206 214 215 225 240 241 249 260 267 267 268 273 279 284 287 285 289 0.00 0.00 0.00 0.00 0.00 0.00 
179 183 188 197 208 212 215 223 231 242 246 254 264 264 266 271 278 277 282 282 290 0.00 0.00 0.00 0.00 0.00 0.00 
180 184 188 194 202 215 218 218 233 241 243 246 259 260 259 266 269 273 274 276 0.00 0.00 0.00 0.00 0.00 0.00 0.00 
180 185 190 194 201 208 212 218 233 237 238 251 256 254 253 262 267 271 269 0.00 0.00 0.00 0.00 0.00 0.00 0.00 0.00 
182 187 194 200 207 214 213 224 233 233 238 244 251 244 248 253 260 265 268 0.00 0.00 0.00 0.00 0.00 0.00 0.00 0.00 
184 190 197 204 208 210 217 215 220 231 234 243 248 239 242 253 259 264 266 0.00 0.00 0.00 0.00 0.00 0.00 0.00 0.00 
187 196 198 203 207 213 212 218 224 220 224 234 244 234 243 245 251 253 0.00 0.00 0.00 0.00 0.00 0.00 0.00 0.00 0.00 
189 199 204 210 215 217 216 222 231 227 223 231 244 243 0.00 0.00 0.00 0.00 0.00 0.00 0.00 0.00 0.00 0.00 0.00 0.00 0.00 
192 201 208 214 215 212 216 226 231 233 235 229 238 234 227 0.00 0.00 0.00 0.00 0.00 0.00 0.00 0.00 0.00 0.00 0.00 0.00 
