2016_CCC_ARR_IFD/catchment_depth_2min_98168aep.txt.asc
ncols         27
nrows         23
xllcorner     150.975
yllcorner     -33.6
cellsize      0.025
NODATA_value  -9999
1.72 1.71 1.73 1.75 1.73 1.72 1.73 1.75 1.77 1.82 1.87 1.89 1.90 1.94 1.96 1.98 1.99 2.03 2.05 2.08 2.11 2.13 2.15 2.18 2.20 2.23 2.25 
1.74 1.74 1.75 1.76 1.77 1.77 1.76 1.78 1.81 1.86 1.91 1.94 1.95 1.96 1.99 1.99 2.01 2.06 2.09 2.12 2.14 2.16 2.19 2.21 2.23 2.25 2.27 
1.74 1.76 1.78 1.78 1.78 1.79 1.80 1.82 1.86 1.89 1.93 1.96 1.96 1.97 2.01 2.04 2.04 2.07 2.12 2.15 2.18 2.20 2.22 2.24 2.26 2.28 2.30 
1.77 1.77 1.80 1.78 1.79 1.80 1.84 1.85 1.87 1.91 1.95 1.96 1.99 2.01 2.04 2.05 2.07 2.12 2.15 2.19 2.21 2.23 2.25 2.27 2.28 2.30 2.32 
1.78 1.78 1.81 1.79 1.82 1.84 1.86 1.88 1.92 1.97 1.97 1.97 2.02 2.03 2.06 2.08 2.11 2.16 2.19 2.22 2.24 2.26 2.28 2.30 2.31 2.33 2.34 
1.78 1.81 1.82 1.81 1.85 1.85 1.87 1.90 1.95 2.00 1.99 2.01 2.03 2.06 2.09 2.13 2.15 2.18 2.21 2.26 2.28 2.30 2.31 2.32 2.34 2.35 2.37 
1.79 1.81 1.81 1.83 1.87 1.87 1.90 1.93 1.98 2.03 2.03 2.04 2.06 2.10 2.12 2.17 2.20 2.22 2.26 2.29 2.32 2.33 2.34 2.35 2.36 2.37 2.39 
1.80 1.83 1.86 1.88 1.91 1.89 1.93 1.98 2.03 2.07 2.05 2.06 2.09 2.12 2.15 2.19 2.24 2.28 2.31 2.33 2.35 2.36 2.37 2.38 2.38 2.40 0.00 
1.81 1.85 1.87 1.91 1.91 1.93 1.94 2.03 2.04 2.10 2.13 2.11 2.12 2.15 2.18 2.23 2.28 2.32 2.35 2.37 2.38 2.39 2.39 2.40 2.41 2.42 0.00 
1.83 1.84 1.89 1.91 1.94 1.95 1.96 2.01 2.04 2.13 2.16 2.16 2.19 2.18 2.22 2.25 2.31 2.36 2.39 2.40 2.41 2.41 2.41 2.42 0.00 0.00 0.00 
1.84 1.86 1.88 1.89 1.96 1.96 2.00 2.06 2.10 2.17 2.20 2.17 2.18 2.24 2.24 2.27 2.33 2.38 2.41 2.42 2.43 2.43 2.43 2.44 2.44 0.00 0.00 
1.84 1.86 1.90 1.94 1.99 1.99 2.00 2.08 2.15 2.17 2.24 2.25 2.21 2.23 2.26 2.30 2.33 2.38 2.42 2.43 2.44 2.45 2.45 0.00 0.00 0.00 0.00 
1.85 1.89 1.92 1.97 2.00 2.00 2.01 2.11 2.16 2.15 2.24 2.25 2.29 2.24 2.28 2.31 2.35 2.39 2.42 2.44 2.46 2.47 0.00 0.00 0.00 0.00 0.00 
1.86 1.89 1.92 1.97 1.99 2.01 2.04 2.11 2.16 2.17 2.23 2.24 2.30 2.29 2.30 2.32 2.36 2.39 2.43 2.45 2.47 2.48 0.00 0.00 0.00 0.00 0.00 
1.86 1.89 1.92 1.97 2.02 2.05 2.05 2.10 2.17 2.17 2.21 2.27 2.31 2.29 2.29 2.33 2.37 2.40 2.43 2.46 2.49 0.00 0.00 0.00 0.00 0.00 0.00 
1.90 1.91 1.94 1.99 2.04 2.06 2.07 2.11 2.15 2.20 2.22 2.26 2.32 2.31 2.29 2.34 2.39 2.41 2.44 2.47 2.49 0.00 0.00 0.00 0.00 0.00 0.00 
1.93 1.94 1.95 1.99 2.03 2.09 2.11 2.12 2.18 2.22 2.24 2.25 2.31 2.31 2.31 2.34 2.38 2.42 2.45 2.47 0.00 0.00 0.00 0.00 0.00 0.00 0.00 
1.94 1.97 1.98 2.01 2.04 2.08 2.11 2.14 2.21 2.23 2.24 2.30 2.33 2.32 2.33 2.37 2.40 2.43 2.46 0.00 0.00 0.00 0.00 0.00 0.00 0.00 0.00 
1.95 1.98 2.02 2.05 2.08 2.12 2.13 2.18 2.23 2.24 2.28 2.31 2.35 2.34 2.36 2.39 2.42 2.45 2.48 0.00 0.00 0.00 0.00 0.00 0.00 0.00 0.00 
1.98 2.01 2.04 2.08 2.10 2.13 2.17 2.18 2.22 2.27 2.30 2.35 2.38 2.36 2.39 2.43 2.46 2.49 2.51 0.00 0.00 0.00 0.00 0.00 0.00 0.00 0.00 
2.00 2.04 2.06 2.08 2.12 2.15 2.18 2.22 2.26 2.27 2.31 2.36 2.40 2.40 2.43 2.46 2.49 2.50 0.00 0.00 0.00 0.00 0.00 0.00 0.00 0.00 0.00 
2.02 2.06 2.09 2.12 2.15 2.18 2.21 2.25 2.30 2.32 2.34 2.39 2.44 2.46 0.00 0.00 0.00 0.00 0.00 0.00 0.00 0.00 0.00 0.00 0.00 0.00 0.00 
2.04 2.08 2.11 2.15 2.17 2.19 2.23 2.28 2.33 2.37 2.40 2.43 2.47 2.48 2.48 0.00 0.00 0.00 0.00 0.00 0.00 0.00 0.00 0.00 0.00 0.00 0.00 
