2016_CCC_ARR_IFD/catchment_depth_120min_00100aep.txt.asc
ncols         27
nrows         23
xllcorner     150.975
yllcorner     -33.6
cellsize      0.025
NODATA_value  -9999
113 113 115 117 118 118 120 123 126 131 134 137 140 142 145 147 151 154 158 161 164 166 168 170 172 174 176 
114 115 116 118 120 121 123 126 129 133 136 138 142 144 146 150 152 157 160 163 166 168 170 172 174 176 178 
113 115 118 119 121 123 125 128 132 136 139 141 144 147 149 151 156 158 163 166 168 170 172 174 176 178 179 
115 116 119 119 121 123 128 130 133 137 141 144 147 150 153 156 159 162 165 168 170 172 174 176 177 179 181 
115 116 119 119 122 125 129 132 137 140 143 147 150 154 157 160 162 165 168 170 172 174 175 177 179 180 182 
114 118 119 119 124 126 129 133 139 142 146 150 154 158 161 163 166 169 171 172 174 176 177 179 180 182 183 
114 117 118 120 125 127 131 136 141 145 149 153 156 160 164 166 169 172 174 175 176 177 179 180 182 183 184 
114 118 121 124 127 128 133 139 143 147 151 155 159 164 167 170 172 174 176 178 178 179 181 181 182 183 0.00 
115 119 121 125 127 130 134 141 145 149 153 157 162 166 169 172 174 177 179 180 181 181 181 182 183 184 0.00 
115 118 122 125 129 131 134 140 145 151 156 159 163 167 170 174 176 179 181 182 182 182 182 183 0.00 0.00 0.00 
115 118 121 123 129 131 136 142 147 153 156 160 164 167 171 174 177 180 182 182 182 182 183 184 184 0.00 0.00 
115 117 121 125 130 132 135 143 149 153 159 162 164 168 172 175 178 180 181 182 182 182 183 0.00 0.00 0.00 0.00 
115 118 122 126 130 132 135 143 149 152 158 161 165 167 171 174 176 179 180 181 181 182 0.00 0.00 0.00 0.00 0.00 
114 117 121 126 128 132 135 142 147 151 157 160 164 167 170 173 176 179 179 179 181 181 0.00 0.00 0.00 0.00 0.00 
114 116 119 124 129 133 135 140 147 149 154 159 163 166 168 172 175 177 179 179 181 0.00 0.00 0.00 0.00 0.00 0.00 
114 116 119 124 129 132 134 139 143 149 152 157 162 164 167 170 173 174 177 177 180 0.00 0.00 0.00 0.00 0.00 0.00 
114 116 119 122 126 133 135 136 144 148 151 153 159 162 163 167 169 172 172 174 0.00 0.00 0.00 0.00 0.00 0.00 0.00 
114 116 120 122 126 129 132 135 143 146 148 154 157 159 159 164 168 170 170 0.00 0.00 0.00 0.00 0.00 0.00 0.00 0.00 
115 117 121 124 128 132 132 137 143 143 147 150 155 153 156 159 163 167 169 0.00 0.00 0.00 0.00 0.00 0.00 0.00 0.00 
115 119 122 126 128 130 133 133 136 142 144 150 153 150 152 158 162 165 167 0.00 0.00 0.00 0.00 0.00 0.00 0.00 0.00 
116 121 122 125 127 130 131 134 137 136 139 145 150 147 152 154 158 159 0.00 0.00 0.00 0.00 0.00 0.00 0.00 0.00 0.00 
117 122 125 128 130 132 132 135 140 139 138 143 149 150 0.00 0.00 0.00 0.00 0.00 0.00 0.00 0.00 0.00 0.00 0.00 0.00 0.00 
118 122 126 129 130 129 131 137 140 141 143 141 146 146 143 0.00 0.00 0.00 0.00 0.00 0.00 0.00 0.00 0.00 0.00 0.00 0.00 
