2016_CCC_ARR_IFD/catchment_depth_3min_95021aep.txt.asc
ncols         27
nrows         23
xllcorner     150.975
yllcorner     -33.6
cellsize      0.025
NODATA_value  -9999
2.73 2.72 2.74 2.76 2.74 2.72 2.73 2.76 2.80 2.87 2.95 2.98 2.99 3.06 3.08 3.12 3.12 3.18 3.22 3.26 3.31 3.34 3.37 3.41 3.45 3.49 3.52 
2.76 2.76 2.76 2.79 2.79 2.79 2.79 2.81 2.86 2.93 3.00 3.06 3.06 3.08 3.13 3.12 3.16 3.22 3.27 3.31 3.35 3.39 3.42 3.46 3.49 3.52 3.55 
2.76 2.78 2.81 2.82 2.82 2.83 2.84 2.86 2.93 2.98 3.03 3.07 3.08 3.09 3.15 3.20 3.20 3.24 3.31 3.36 3.40 3.43 3.47 3.50 3.53 3.55 3.58 
2.80 2.80 2.84 2.81 2.83 2.85 2.90 2.91 2.94 3.00 3.05 3.07 3.11 3.14 3.19 3.20 3.24 3.31 3.36 3.41 3.44 3.48 3.51 3.53 3.56 3.59 3.61 
2.81 2.82 2.85 2.83 2.86 2.89 2.93 2.96 3.02 3.08 3.09 3.09 3.16 3.16 3.22 3.25 3.29 3.36 3.41 3.45 3.49 3.52 3.55 3.57 3.60 3.62 3.65 
2.82 2.86 2.86 2.85 2.91 2.92 2.94 2.98 3.06 3.13 3.11 3.14 3.17 3.21 3.25 3.31 3.35 3.39 3.44 3.51 3.54 3.57 3.59 3.61 3.63 3.66 3.68 
2.82 2.85 2.86 2.88 2.94 2.94 2.99 3.03 3.10 3.17 3.17 3.18 3.21 3.27 3.29 3.37 3.41 3.44 3.50 3.55 3.59 3.61 3.63 3.65 3.67 3.69 3.71 
2.84 2.89 2.92 2.95 2.99 2.97 3.03 3.10 3.16 3.22 3.20 3.20 3.25 3.29 3.34 3.39 3.46 3.52 3.56 3.61 3.63 3.65 3.67 3.68 3.70 3.72 0.00 
2.86 2.92 2.94 2.99 3.00 3.02 3.05 3.16 3.19 3.26 3.31 3.28 3.29 3.33 3.38 3.45 3.52 3.58 3.62 3.65 3.67 3.69 3.70 3.71 3.73 3.75 0.00 
2.88 2.90 2.96 2.99 3.04 3.05 3.07 3.14 3.18 3.31 3.35 3.35 3.40 3.37 3.43 3.48 3.56 3.63 3.68 3.70 3.71 3.72 3.73 3.74 0.00 0.00 0.00 
2.89 2.92 2.96 2.97 3.07 3.07 3.12 3.20 3.26 3.36 3.41 3.36 3.38 3.46 3.46 3.51 3.59 3.66 3.71 3.73 3.74 3.75 3.76 3.77 3.78 0.00 0.00 
2.89 2.92 2.98 3.03 3.11 3.10 3.12 3.24 3.34 3.36 3.46 3.48 3.42 3.45 3.49 3.54 3.59 3.67 3.71 3.74 3.76 3.77 3.78 0.00 0.00 0.00 0.00 
2.91 2.96 3.01 3.08 3.12 3.12 3.14 3.27 3.35 3.34 3.46 3.48 3.53 3.47 3.51 3.56 3.62 3.67 3.72 3.75 3.78 3.79 0.00 0.00 0.00 0.00 0.00 
2.93 2.97 3.01 3.08 3.11 3.14 3.18 3.28 3.34 3.36 3.45 3.45 3.55 3.53 3.54 3.57 3.63 3.68 3.73 3.76 3.79 3.81 0.00 0.00 0.00 0.00 0.00 
2.93 2.97 3.01 3.08 3.14 3.19 3.19 3.26 3.36 3.36 3.42 3.50 3.56 3.53 3.53 3.58 3.64 3.69 3.74 3.78 3.81 0.00 0.00 0.00 0.00 0.00 0.00 
2.98 3.00 3.03 3.10 3.17 3.20 3.22 3.27 3.33 3.41 3.43 3.48 3.57 3.55 3.54 3.60 3.67 3.70 3.75 3.79 3.83 0.00 0.00 0.00 0.00 0.00 0.00 
3.01 3.04 3.06 3.10 3.16 3.25 3.27 3.28 3.38 3.44 3.45 3.47 3.56 3.56 3.56 3.61 3.66 3.71 3.76 3.80 0.00 0.00 0.00 0.00 0.00 0.00 0.00 
3.03 3.07 3.10 3.13 3.18 3.23 3.27 3.32 3.41 3.45 3.46 3.55 3.59 3.58 3.59 3.64 3.70 3.74 3.77 0.00 0.00 0.00 0.00 0.00 0.00 0.00 0.00 
3.06 3.09 3.15 3.19 3.24 3.29 3.31 3.38 3.45 3.46 3.51 3.56 3.61 3.59 3.63 3.67 3.72 3.77 3.81 0.00 0.00 0.00 0.00 0.00 0.00 0.00 0.00 
3.09 3.13 3.18 3.23 3.27 3.30 3.35 3.38 3.43 3.50 3.54 3.61 3.65 3.64 3.67 3.73 3.78 3.82 3.86 0.00 0.00 0.00 0.00 0.00 0.00 0.00 0.00 
3.12 3.18 3.20 3.24 3.29 3.34 3.37 3.43 3.48 3.50 3.55 3.62 3.69 3.68 3.74 3.77 3.81 3.84 0.00 0.00 0.00 0.00 0.00 0.00 0.00 0.00 0.00 
3.16 3.21 3.25 3.30 3.34 3.38 3.42 3.48 3.55 3.58 3.60 3.67 3.75 3.78 0.00 0.00 0.00 0.00 0.00 0.00 0.00 0.00 0.00 0.00 0.00 0.00 0.00 
3.19 3.24 3.29 3.34 3.37 3.40 3.45 3.53 3.59 3.64 3.70 3.72 3.79 3.81 3.81 0.00 0.00 0.00 0.00 0.00 0.00 0.00 0.00 0.00 0.00 0.00 0.00 
