2016_CCC_ARR_IFD/catchment_depth_1440min_95021aep.txt.asc
ncols         27
nrows         23
xllcorner     150.975
yllcorner     -33.6
cellsize      0.025
NODATA_value  -9999
43.4 43.0 44.9 46.0 44.9 43.6 43.0 44.4 45.6 48.2 51.2 52.0 51.8 54.6 54.8 56.0 53.5 50.9 51.7 52.5 52.9 53.9 54.9 55.0 55.2 55.5 55.8 
44.9 44.9 45.3 46.5 46.4 45.9 44.9 45.6 47.4 50.3 53.3 55.8 54.8 54.7 56.8 53.1 52.0 51.6 52.0 52.6 53.5 54.2 54.8 55.2 55.6 55.9 56.3 
43.9 45.5 47.2 47.2 46.7 46.8 46.7 46.9 49.8 51.4 53.4 54.8 54.0 52.7 56.0 57.7 54.9 53.2 53.1 53.2 53.9 54.6 55.0 55.6 56.2 56.6 56.9 
45.9 46.0 47.8 45.5 46.0 46.4 48.8 48.4 48.9 51.1 53.1 53.1 53.9 54.1 56.1 54.1 54.2 53.3 53.8 54.1 54.9 55.3 55.8 56.3 56.7 57.3 58.3 
46.0 46.0 47.8 45.7 47.0 47.8 49.0 49.7 51.9 54.6 53.5 51.8 55.0 53.1 55.4 53.8 55.2 54.3 54.8 55.5 55.8 56.1 56.4 56.9 57.4 58.1 58.5 
45.3 47.8 47.4 45.8 48.5 48.1 48.0 49.3 52.8 55.5 53.5 53.7 53.8 54.1 55.4 53.9 55.3 56.0 56.6 56.1 56.5 57.0 57.3 57.6 58.3 59.0 58.8 
44.2 46.3 45.9 46.6 49.3 48.2 49.6 51.1 53.7 56.6 54.8 54.3 53.1 56.9 55.9 54.7 55.9 57.1 57.3 57.3 57.4 57.8 58.1 58.4 59.0 59.8 60.5 
44.0 47.5 48.9 50.0 51.0 48.5 50.9 53.6 55.6 57.7 55.4 53.7 54.8 55.8 57.3 57.1 56.8 57.1 57.9 58.0 58.1 58.6 58.9 58.7 59.2 59.5 0.00 
45.1 48.5 49.1 51.1 50.6 50.5 50.6 55.4 55.6 58.4 59.3 57.1 56.3 56.4 57.7 57.6 57.6 58.1 58.5 58.8 59.1 59.0 59.2 59.3 59.6 59.7 0.00 
46.1 46.6 49.5 50.2 51.6 50.8 50.8 53.4 54.6 59.0 59.7 59.4 60.5 58.3 57.9 58.9 58.2 58.9 59.4 59.8 59.9 59.7 59.8 60.1 0.00 0.00 0.00 
45.9 46.8 48.0 47.7 52.1 51.2 52.6 55.6 57.3 60.6 62.0 59.1 58.9 61.6 60.3 60.7 59.7 59.8 60.0 60.1 60.1 60.2 60.6 61.0 61.1 0.00 0.00 
44.9 46.2 48.4 50.5 53.2 52.0 51.9 56.4 59.6 59.6 62.7 62.7 60.1 60.6 61.0 61.2 61.4 60.9 60.5 60.6 60.6 60.8 61.1 0.00 0.00 0.00 0.00 
45.3 47.6 49.4 51.8 52.9 52.2 51.9 57.2 59.5 58.5 62.2 62.5 63.8 60.4 61.1 61.1 61.0 61.7 61.0 61.0 61.1 61.2 0.00 0.00 0.00 0.00 0.00 
45.6 47.2 48.4 51.3 51.7 52.2 53.2 56.8 58.7 59.1 61.5 61.3 64.2 62.7 62.3 62.0 62.5 63.3 62.3 61.6 61.9 61.6 0.00 0.00 0.00 0.00 0.00 
44.8 46.3 47.6 50.4 52.5 53.9 53.2 55.4 59.2 58.6 60.1 62.4 64.1 62.6 62.0 62.4 63.1 63.8 64.0 62.7 63.4 0.00 0.00 0.00 0.00 0.00 0.00 
46.4 46.7 47.6 50.3 53.2 53.8 53.7 55.5 57.2 59.8 60.1 61.5 64.0 63.0 62.3 63.0 64.2 62.9 63.4 62.8 65.5 0.00 0.00 0.00 0.00 0.00 0.00 
47.0 47.6 47.9 49.5 51.6 55.1 55.5 54.7 58.7 60.3 60.4 60.6 63.2 62.9 62.3 62.8 62.9 63.1 62.4 62.2 0.00 0.00 0.00 0.00 0.00 0.00 0.00 
47.1 48.3 49.0 49.6 51.5 53.2 54.1 55.6 59.5 60.1 60.0 62.7 63.4 62.5 61.4 62.8 63.5 63.3 62.3 0.00 0.00 0.00 0.00 0.00 0.00 0.00 0.00 
47.3 48.7 50.9 52.3 54.0 55.7 55.1 57.8 60.1 59.9 60.9 61.9 63.1 60.9 61.0 61.7 62.6 63.2 63.3 0.00 0.00 0.00 0.00 0.00 0.00 0.00 0.00 
47.7 49.7 51.8 53.6 54.5 54.8 56.7 56.1 57.6 60.3 60.9 62.7 63.3 60.5 60.5 62.7 63.6 64.1 64.1 0.00 0.00 0.00 0.00 0.00 0.00 0.00 0.00 
49.0 51.8 52.0 53.1 54.4 55.9 56.0 57.7 59.4 57.9 58.8 61.3 63.2 60.0 61.7 61.6 62.5 62.2 0.00 0.00 0.00 0.00 0.00 0.00 0.00 0.00 0.00 
49.5 52.5 54.1 55.5 56.7 57.4 57.3 59.0 61.4 60.7 59.5 61.2 63.8 63.1 0.00 0.00 0.00 0.00 0.00 0.00 0.00 0.00 0.00 0.00 0.00 0.00 0.00 
50.5 53.1 55.1 56.9 56.8 56.2 57.7 60.4 61.8 62.3 62.9 61.3 63.0 61.5 59.0 0.00 0.00 0.00 0.00 0.00 0.00 0.00 0.00 0.00 0.00 0.00 0.00 
