2016_CCC_ARR_IFD/catchment_depth_25min_00500aep.txt.asc
ncols         27
nrows         23
xllcorner     150.975
yllcorner     -33.6
cellsize      0.025
NODATA_value  -9999
54.9 54.7 55.6 56.3 56.1 55.9 56.2 57.4 58.6 60.4 61.9 62.8 63.7 64.6 65.5 66.2 67.7 68.9 69.9 70.8 71.5 72.3 73.1 73.6 74.1 74.7 75.3 
55.3 55.3 55.6 56.4 56.7 56.9 57.0 58.0 59.5 61.2 62.6 63.5 64.3 65.2 65.9 67.5 68.7 69.7 70.5 71.3 72.1 72.9 73.5 74.1 74.6 75.2 75.7 
54.7 55.4 56.4 56.6 56.7 57.2 57.8 58.6 60.5 61.8 63.1 64.0 64.9 66.1 66.8 67.5 69.3 70.7 71.4 72.0 72.7 73.3 73.9 74.5 75.2 75.7 76.2 
55.3 55.4 56.5 55.4 56.1 56.9 58.7 59.3 60.5 62.1 63.5 64.5 65.6 66.8 67.6 69.3 70.5 71.3 72.0 72.5 73.3 73.9 74.5 75.1 75.6 76.2 76.9 
55.2 55.2 56.4 55.1 56.3 57.5 58.8 60.0 61.7 63.2 64.0 65.2 66.4 67.9 68.8 70.4 71.3 72.0 72.6 73.3 73.8 74.3 74.9 75.5 76.1 76.7 77.2 
54.7 56.1 55.9 54.8 57.2 57.5 58.5 60.1 62.2 63.7 64.6 66.0 67.4 68.8 69.9 70.9 72.2 73.0 73.7 73.7 74.1 74.8 75.4 75.9 76.6 77.2 77.5 
54.5 55.2 55.0 55.5 57.6 57.7 59.3 60.9 62.8 64.3 65.4 66.8 68.3 69.2 70.9 71.5 72.7 73.6 74.2 74.4 74.7 75.3 75.9 76.4 77.0 77.6 78.1 
54.8 55.9 56.8 57.7 58.7 58.3 60.0 62.0 63.6 65.0 66.1 67.7 69.4 70.7 71.6 72.7 73.2 73.8 74.6 74.9 75.3 75.9 76.4 76.7 77.3 77.7 0.00 
55.2 56.6 57.1 58.4 58.6 59.3 60.4 62.9 64.0 65.6 66.7 68.2 70.2 71.4 72.5 73.2 73.7 74.4 75.0 75.5 75.9 76.2 76.7 77.1 77.6 77.9 0.00 
55.7 56.1 57.5 58.2 59.3 59.8 60.9 62.7 64.2 66.2 67.4 68.7 69.8 71.9 72.7 73.7 74.0 74.8 75.5 76.0 76.4 76.6 77.0 77.5 0.00 0.00 0.00 
55.9 56.5 57.3 57.8 59.8 60.3 61.6 63.5 65.1 66.7 67.8 69.2 70.7 71.4 73.1 74.1 74.6 75.2 75.7 76.1 76.5 76.8 77.4 77.9 78.2 0.00 0.00 
55.9 56.6 57.7 58.9 60.5 60.8 61.7 64.0 65.7 66.9 68.4 69.6 70.8 72.1 73.3 74.3 75.1 75.5 75.7 76.1 76.5 76.9 77.4 0.00 0.00 0.00 0.00 
56.1 57.2 58.3 59.6 60.6 61.1 61.9 64.3 65.9 66.9 68.5 69.7 70.7 72.1 73.3 74.1 74.7 75.6 75.7 76.1 76.5 76.9 0.00 0.00 0.00 0.00 0.00 
56.3 57.3 58.1 59.6 60.3 61.2 62.3 64.3 65.8 66.9 68.5 69.6 70.6 72.1 73.3 74.2 75.0 75.8 76.0 76.0 76.5 76.7 0.00 0.00 0.00 0.00 0.00 
56.1 57.0 57.9 59.4 60.7 61.8 62.3 63.8 65.8 66.7 68.2 69.6 70.6 72.0 73.0 74.0 74.9 75.6 76.1 76.1 76.7 0.00 0.00 0.00 0.00 0.00 0.00 
56.8 57.2 57.9 59.5 61.0 61.7 62.3 63.7 65.1 66.8 67.9 69.3 70.5 71.7 72.9 73.8 74.6 74.9 75.6 75.7 76.6 0.00 0.00 0.00 0.00 0.00 0.00 
57.2 57.8 58.0 59.0 60.2 62.1 62.8 63.0 65.3 66.7 67.6 68.6 70.2 71.3 71.8 73.1 73.7 74.5 74.6 74.9 0.00 0.00 0.00 0.00 0.00 0.00 0.00 
57.3 58.1 58.5 58.8 60.0 61.1 61.9 63.0 65.3 66.2 66.9 68.7 69.8 70.6 70.8 72.4 73.4 74.0 74.0 0.00 0.00 0.00 0.00 0.00 0.00 0.00 0.00 
57.0 58.0 59.1 59.9 60.9 62.0 61.9 63.6 65.1 65.6 66.8 68.0 69.2 69.2 70.1 71.1 72.3 73.2 73.8 0.00 0.00 0.00 0.00 0.00 0.00 0.00 0.00 
56.8 58.1 59.2 60.2 60.8 61.1 62.3 62.3 63.4 65.2 66.2 67.7 68.7 68.4 69.2 70.9 71.9 72.7 73.2 0.00 0.00 0.00 0.00 0.00 0.00 0.00 0.00 
57.1 58.6 58.9 59.6 60.3 61.2 61.4 62.5 63.7 63.6 64.7 66.5 68.1 67.6 69.1 69.8 70.8 71.3 0.00 0.00 0.00 0.00 0.00 0.00 0.00 0.00 0.00 
56.9 58.6 59.4 60.3 61.0 61.5 61.7 62.8 64.4 64.4 64.5 66.0 67.8 68.3 0.00 0.00 0.00 0.00 0.00 0.00 0.00 0.00 0.00 0.00 0.00 0.00 0.00 
57.0 58.4 59.4 60.4 60.6 60.4 61.4 63.1 64.1 64.8 65.7 65.6 67.0 67.2 66.8 0.00 0.00 0.00 0.00 0.00 0.00 0.00 0.00 0.00 0.00 0.00 0.00 
