2016_CCC_ARR_IFD/catchment_depth_7200min_99752aep.txt.asc
ncols         27
nrows         23
xllcorner     150.975
yllcorner     -33.6
cellsize      0.025
NODATA_value  -9999
46.1 45.3 47.9 49.2 47.2 44.9 43.6 45.2 46.7 50.0 54.2 54.9 54.0 57.8 57.7 59.0 54.2 49.1 49.9 50.8 51.4 52.8 54.1 54.4 54.8 55.3 55.8 
48.3 48.0 48.3 49.7 49.2 48.1 46.1 46.7 48.9 52.8 56.9 60.2 58.2 57.4 60.3 53.5 50.7 49.7 50.1 50.8 51.9 52.9 53.7 54.4 55.0 55.6 56.2 
46.5 48.7 50.8 50.4 49.2 49.0 48.4 48.2 52.2 54.2 56.7 58.2 56.5 53.5 58.5 60.8 55.2 51.7 51.3 51.4 52.3 53.1 53.8 54.6 55.5 56.1 56.6 
49.3 49.2 51.5 47.5 47.9 48.0 51.3 49.9 50.2 53.1 55.7 54.9 55.7 55.4 58.1 53.9 53.5 51.5 51.9 52.2 53.2 53.8 54.5 55.3 55.9 56.8 58.2 
49.3 48.9 51.2 47.4 48.9 49.7 51.0 51.6 54.5 58.2 55.7 52.2 56.8 53.1 56.2 52.8 54.5 52.6 53.0 53.8 54.2 54.6 55.0 55.8 56.5 57.6 58.2 
47.9 51.3 50.1 47.1 50.9 49.6 48.9 50.4 55.4 59.1 55.0 54.7 54.2 54.1 55.6 52.5 54.2 54.8 55.2 54.3 54.8 55.4 55.9 56.4 57.4 58.6 58.4 
45.9 48.6 47.6 48.1 51.7 49.3 50.9 52.6 56.2 60.3 56.6 55.1 52.5 58.1 55.9 53.2 54.5 55.9 55.9 55.5 55.7 56.3 56.7 57.2 58.2 59.4 60.6 
45.4 50.3 51.7 52.8 53.9 49.5 52.6 56.1 58.6 61.4 56.9 53.8 54.8 55.7 57.6 56.6 55.4 55.4 56.2 56.1 56.3 57.1 57.5 57.5 58.2 58.8 0.00 
46.8 51.5 51.8 54.2 52.8 52.1 51.6 58.3 58.0 61.7 62.5 58.5 56.7 56.2 57.7 56.8 56.3 56.4 56.6 57.0 57.5 57.5 57.8 58.1 58.7 58.9 0.00 
48.0 48.2 52.0 52.5 54.0 52.2 51.6 54.9 56.0 62.1 62.6 61.4 62.7 58.8 57.6 58.6 56.9 57.2 57.5 58.2 58.4 58.3 58.5 59.0 0.00 0.00 0.00 
47.6 48.4 49.6 48.5 54.5 52.5 53.8 57.7 59.6 64.0 65.6 60.6 59.9 63.5 61.1 61.2 58.9 58.5 58.4 58.7 58.8 59.0 59.7 60.2 60.5 0.00 0.00 
45.8 47.2 49.9 52.3 55.7 53.3 52.6 58.4 62.6 61.9 65.9 65.5 61.5 61.8 62.1 62.0 61.7 60.3 59.5 59.6 59.7 59.9 60.4 0.00 0.00 0.00 0.00 
46.4 49.0 51.2 54.0 54.9 53.3 52.4 59.4 62.2 60.2 64.9 64.9 66.5 61.6 62.3 62.0 61.4 61.9 60.8 60.5 60.7 60.8 0.00 0.00 0.00 0.00 0.00 
46.5 48.3 49.4 53.1 52.9 53.0 53.8 58.5 60.6 60.7 63.7 63.1 66.9 64.6 64.0 63.4 63.8 64.4 62.8 61.7 62.0 61.5 0.00 0.00 0.00 0.00 0.00 
45.1 46.7 47.9 51.4 53.7 55.1 53.6 56.1 61.0 59.8 61.6 64.4 66.5 64.5 64.1 64.4 65.0 65.5 65.4 63.5 64.2 0.00 0.00 0.00 0.00 0.00 0.00 
47.1 47.0 47.6 50.9 54.5 54.6 53.9 56.0 58.0 61.1 61.4 63.2 66.2 65.0 65.1 65.6 66.4 64.8 65.1 64.0 67.3 0.00 0.00 0.00 0.00 0.00 0.00 
47.8 48.1 47.7 49.3 51.7 56.1 56.0 54.5 59.6 61.6 61.5 62.0 65.1 65.1 65.6 65.8 65.4 65.2 64.0 63.5 0.00 0.00 0.00 0.00 0.00 0.00 0.00 
47.7 48.8 49.1 49.1 51.2 52.9 53.8 55.3 60.4 60.9 60.7 64.2 65.2 64.7 64.0 65.6 66.0 65.6 64.1 0.00 0.00 0.00 0.00 0.00 0.00 0.00 0.00 
47.1 48.8 51.4 52.7 54.5 56.3 54.6 58.0 61.0 60.1 61.5 62.9 64.6 62.7 63.2 64.0 64.9 65.4 65.3 0.00 0.00 0.00 0.00 0.00 0.00 0.00 0.00 
47.3 49.8 52.2 54.2 54.8 54.6 56.6 55.3 56.8 60.1 61.0 63.6 64.6 61.9 62.2 64.6 65.7 66.2 66.2 0.00 0.00 0.00 0.00 0.00 0.00 0.00 0.00 
48.6 52.2 52.0 53.1 54.3 55.8 55.3 57.0 58.8 57.1 58.4 61.5 64.3 61.0 63.0 63.2 64.2 64.0 0.00 0.00 0.00 0.00 0.00 0.00 0.00 0.00 0.00 
48.9 52.7 54.6 56.3 57.5 57.8 57.0 58.8 62.0 60.3 59.0 61.3 65.0 64.3 0.00 0.00 0.00 0.00 0.00 0.00 0.00 0.00 0.00 0.00 0.00 0.00 0.00 
49.9 53.2 55.7 57.9 57.3 56.1 57.6 61.1 62.7 63.1 63.7 61.5 63.9 62.2 59.6 0.00 0.00 0.00 0.00 0.00 0.00 0.00 0.00 0.00 0.00 0.00 0.00 
