2016_CCC_ARR_IFD/catchment_depth_4320min_10000aep.txt.asc
ncols         27
nrows         23
xllcorner     150.975
yllcorner     -33.6
cellsize      0.025
NODATA_value  -9999
193 190 201 206 199 191 187 195 203 218 236 241 240 256 257 264 252 238 243 247 249 254 260 259 258 258 257 
202 201 203 210 209 205 199 203 213 230 247 262 256 256 268 250 246 241 242 245 250 253 256 257 258 257 257 
197 206 215 214 210 210 209 210 227 236 248 256 252 246 264 273 260 253 248 247 250 252 254 256 258 259 258 
209 209 219 205 207 208 222 219 222 234 245 246 252 254 265 255 257 249 250 250 253 254 256 258 258 260 265 
211 210 220 206 213 217 223 227 238 254 247 240 257 249 261 253 261 253 254 257 256 257 256 258 260 263 264 
208 221 218 208 223 219 218 225 244 258 248 250 251 253 261 250 259 262 264 257 257 259 259 259 263 266 263 
203 214 211 214 228 221 228 236 250 266 256 254 245 269 263 251 259 265 264 261 260 261 261 262 264 268 272 
203 222 229 234 239 223 236 251 261 273 260 250 255 261 270 266 260 260 263 261 261 263 263 261 263 264 0.00 
210 229 231 242 237 236 235 262 263 278 283 270 264 263 270 266 263 263 263 264 264 262 262 262 263 263 0.00 
217 218 234 237 244 238 237 251 257 284 287 284 290 274 268 273 264 265 265 267 267 264 264 264 0.00 0.00 0.00 
217 221 227 223 248 241 248 265 275 294 302 282 278 295 284 284 272 269 267 267 267 266 268 268 268 0.00 0.00 
212 218 230 241 256 247 244 271 289 288 307 306 286 287 287 286 284 276 271 270 269 269 270 0.00 0.00 0.00 0.00 
216 228 237 250 254 249 244 276 289 281 304 303 310 285 287 284 280 282 275 273 273 272 0.00 0.00 0.00 0.00 0.00 
219 227 231 248 248 248 252 274 284 283 298 294 312 299 294 290 291 293 284 277 277 274 0.00 0.00 0.00 0.00 0.00 
214 221 227 243 253 260 252 263 286 279 287 300 309 297 292 293 295 297 295 285 287 0.00 0.00 0.00 0.00 0.00 0.00 
225 225 228 242 258 259 254 263 271 286 285 293 307 298 295 297 301 291 292 285 301 0.00 0.00 0.00 0.00 0.00 0.00 
231 232 230 237 247 267 265 256 280 288 285 285 300 297 296 296 293 292 285 282 0.00 0.00 0.00 0.00 0.00 0.00 0.00 
232 237 238 236 246 252 254 260 284 284 280 297 300 294 288 295 296 293 285 0.00 0.00 0.00 0.00 0.00 0.00 0.00 0.00 
232 239 250 256 263 270 259 274 287 280 284 289 296 283 284 286 289 291 290 0.00 0.00 0.00 0.00 0.00 0.00 0.00 0.00 
234 246 256 264 265 262 269 260 265 279 281 292 295 279 279 289 293 294 293 0.00 0.00 0.00 0.00 0.00 0.00 0.00 0.00 
242 259 257 260 264 269 262 268 275 263 267 280 293 274 282 281 285 283 0.00 0.00 0.00 0.00 0.00 0.00 0.00 0.00 0.00 
245 263 271 277 280 279 271 277 291 278 269 279 295 290 0.00 0.00 0.00 0.00 0.00 0.00 0.00 0.00 0.00 0.00 0.00 0.00 0.00 
252 268 277 286 280 269 274 288 293 292 292 279 289 279 265 0.00 0.00 0.00 0.00 0.00 0.00 0.00 0.00 0.00 0.00 0.00 0.00 
