2016_CCC_ARR_IFD/catchment_depth_5760min_00100aep.txt.asc
ncols         27
nrows         23
xllcorner     150.975
yllcorner     -33.6
cellsize      0.025
NODATA_value  -9999
473 468 494 508 494 477 470 491 512 549 591 605 607 643 650 667 651 637 652 666 674 688 700 698 696 694 691 
494 494 500 516 515 508 496 508 535 574 616 650 641 644 672 643 643 644 653 666 677 686 691 692 693 691 690 
483 503 525 525 518 520 519 525 564 588 616 637 633 626 666 688 669 665 666 670 677 682 685 688 693 692 690 
510 511 535 504 510 516 548 544 554 584 611 617 633 642 668 657 667 660 668 672 682 684 687 690 690 694 704 
514 512 535 507 523 535 551 561 590 626 616 605 645 634 664 655 675 666 672 682 684 685 684 688 690 697 698 
505 538 531 509 545 539 540 559 602 635 619 628 635 644 665 647 672 682 690 679 682 685 686 686 693 701 693 
493 519 514 522 556 542 561 581 615 651 637 636 623 676 668 648 668 687 688 683 683 686 687 687 694 703 712 
492 537 554 567 580 548 579 614 640 668 645 626 643 659 682 679 669 672 681 680 679 685 686 681 685 689 0.00 
508 553 559 584 576 574 576 639 643 680 694 670 660 661 681 675 671 674 676 680 683 680 679 679 683 682 0.00 
522 527 565 573 591 579 578 614 630 692 704 699 716 683 675 688 670 674 677 684 684 679 679 680 0.00 0.00 0.00 
522 532 547 540 599 585 602 644 668 715 735 692 688 728 707 709 685 679 678 680 680 679 683 685 687 0.00 0.00 
508 524 553 579 615 595 592 655 700 700 746 745 702 707 711 711 709 693 682 682 682 682 685 0.00 0.00 0.00 0.00 
517 545 568 598 611 598 591 666 698 680 736 737 754 699 707 703 697 702 689 685 685 684 0.00 0.00 0.00 0.00 0.00 
521 541 554 593 594 596 606 658 683 684 719 712 756 728 719 712 716 723 704 691 693 686 0.00 0.00 0.00 0.00 0.00 
509 528 542 579 605 621 605 632 686 672 691 723 747 720 712 715 721 728 726 704 711 0.00 0.00 0.00 0.00 0.00 0.00 
535 535 542 578 615 617 607 629 650 685 685 703 739 720 716 721 731 711 715 702 739 0.00 0.00 0.00 0.00 0.00 0.00 
547 550 546 562 588 634 632 611 667 688 682 683 719 713 713 716 711 710 697 691 0.00 0.00 0.00 0.00 0.00 0.00 0.00 
550 562 564 561 583 599 605 618 675 675 668 706 715 702 692 708 712 708 692 0.00 0.00 0.00 0.00 0.00 0.00 0.00 0.00 
549 566 592 605 622 638 614 648 679 662 673 685 702 675 678 686 695 700 699 0.00 0.00 0.00 0.00 0.00 0.00 0.00 0.00 
554 580 604 624 626 618 636 614 626 659 664 690 697 662 663 688 700 704 703 0.00 0.00 0.00 0.00 0.00 0.00 0.00 0.00 
572 610 605 613 621 632 618 632 646 621 629 660 689 648 668 668 679 676 0.00 0.00 0.00 0.00 0.00 0.00 0.00 0.00 0.00 
579 620 636 650 658 654 637 650 680 652 632 653 692 680 0.00 0.00 0.00 0.00 0.00 0.00 0.00 0.00 0.00 0.00 0.00 0.00 0.00 
595 629 652 670 657 632 641 673 684 681 682 651 674 652 624 0.00 0.00 0.00 0.00 0.00 0.00 0.00 0.00 0.00 0.00 0.00 0.00 
