2016_CCC_ARR_IFD/catchment_depth_8640min_39347aep.txt.asc
ncols         27
nrows         23
xllcorner     150.975
yllcorner     -33.6
cellsize      0.025
NODATA_value  -9999
146 144 153 157 151 145 141 147 152 163 177 180 178 190 191 195 183 169 172 174 175 179 183 182 182 182 183 
153 153 154 159 158 155 150 152 160 173 186 197 192 190 199 182 176 172 172 174 177 179 181 182 183 183 184 
149 155 163 162 159 159 157 158 171 177 186 192 188 181 195 202 189 181 177 176 178 179 181 182 184 185 186 
158 158 165 154 155 156 167 164 166 175 184 183 187 187 195 186 186 179 179 179 181 182 183 185 186 187 191 
158 157 165 154 159 162 167 169 179 191 185 176 191 182 191 183 189 182 182 184 184 184 185 186 187 190 191 
155 166 163 154 166 163 162 167 183 195 184 184 184 185 191 181 188 190 191 186 186 187 187 188 190 194 192 
150 158 156 158 169 163 169 174 186 199 190 186 179 197 192 182 188 193 192 189 189 190 190 190 193 196 199 
149 164 169 173 177 164 174 186 194 204 191 182 187 191 197 194 190 190 192 191 190 192 192 191 192 194 0.00 
154 169 170 178 175 173 172 194 193 206 209 198 193 192 197 194 192 192 192 193 194 193 193 193 194 194 0.00 
158 159 172 174 179 174 173 184 188 208 210 208 212 200 196 200 194 194 195 197 196 195 195 195 0.00 0.00 0.00 
158 161 165 162 181 176 181 194 200 215 221 206 203 216 208 208 200 198 197 197 197 197 198 199 199 0.00 0.00 
153 157 166 175 186 179 177 197 211 209 223 222 209 210 211 210 209 204 200 200 200 199 200 0.00 0.00 0.00 0.00 
155 164 171 181 184 180 177 200 210 204 220 220 226 209 211 210 207 209 204 203 202 202 0.00 0.00 0.00 0.00 0.00 
156 162 166 179 178 179 182 198 205 206 216 214 227 219 216 214 215 217 211 206 207 204 0.00 0.00 0.00 0.00 0.00 
152 158 162 174 182 187 182 190 207 203 209 218 226 218 216 217 218 220 219 212 214 0.00 0.00 0.00 0.00 0.00 0.00 
160 159 162 173 185 186 183 190 197 207 208 214 225 220 219 220 223 217 217 213 225 0.00 0.00 0.00 0.00 0.00 0.00 
163 164 163 168 176 191 191 185 203 209 208 209 220 219 220 220 219 218 213 211 0.00 0.00 0.00 0.00 0.00 0.00 0.00 
163 167 168 168 175 181 183 188 206 207 205 217 221 217 214 219 221 219 213 0.00 0.00 0.00 0.00 0.00 0.00 0.00 0.00 
163 168 177 181 187 193 186 198 208 204 208 213 218 210 211 214 216 218 217 0.00 0.00 0.00 0.00 0.00 0.00 0.00 0.00 
164 172 181 187 189 187 194 188 193 204 207 215 218 207 208 216 220 221 220 0.00 0.00 0.00 0.00 0.00 0.00 0.00 0.00 
169 182 181 184 188 192 189 195 200 193 197 207 217 204 211 211 214 213 0.00 0.00 0.00 0.00 0.00 0.00 0.00 0.00 0.00 
171 185 191 196 200 200 196 201 212 205 199 207 220 216 0.00 0.00 0.00 0.00 0.00 0.00 0.00 0.00 0.00 0.00 0.00 0.00 0.00 
176 187 195 203 199 194 198 210 215 215 216 207 215 209 199 0.00 0.00 0.00 0.00 0.00 0.00 0.00 0.00 0.00 0.00 0.00 0.00 
