2016_CCC_ARR_IFD/catchment_depth_2min_95021aep.txt.asc
ncols         27
nrows         23
xllcorner     150.975
yllcorner     -33.6
cellsize      0.025
NODATA_value  -9999
1.98 1.97 1.99 2.01 1.99 1.98 1.98 2.01 2.03 2.08 2.14 2.16 2.17 2.22 2.24 2.26 2.26 2.30 2.33 2.36 2.39 2.42 2.44 2.47 2.49 2.52 2.54 
2.01 2.00 2.01 2.03 2.03 2.03 2.02 2.04 2.08 2.13 2.18 2.22 2.22 2.24 2.27 2.26 2.29 2.33 2.37 2.40 2.43 2.45 2.47 2.50 2.52 2.54 2.57 
2.01 2.02 2.04 2.05 2.04 2.05 2.06 2.08 2.13 2.16 2.20 2.23 2.24 2.24 2.29 2.32 2.32 2.35 2.40 2.44 2.46 2.49 2.51 2.53 2.55 2.57 2.59 
2.03 2.04 2.06 2.04 2.05 2.07 2.11 2.11 2.14 2.18 2.22 2.23 2.26 2.28 2.31 2.32 2.35 2.40 2.44 2.47 2.50 2.52 2.54 2.56 2.58 2.60 2.61 
2.04 2.05 2.07 2.05 2.08 2.10 2.13 2.15 2.19 2.24 2.24 2.24 2.29 2.30 2.33 2.36 2.38 2.44 2.47 2.50 2.53 2.55 2.57 2.59 2.60 2.62 2.64 
2.05 2.07 2.08 2.07 2.11 2.12 2.13 2.16 2.22 2.27 2.26 2.28 2.30 2.33 2.36 2.41 2.43 2.46 2.50 2.55 2.57 2.59 2.60 2.62 2.63 2.64 2.66 
2.05 2.07 2.08 2.09 2.14 2.14 2.17 2.20 2.25 2.31 2.30 2.31 2.33 2.38 2.39 2.45 2.48 2.50 2.54 2.58 2.61 2.62 2.63 2.64 2.66 2.67 2.68 
2.06 2.10 2.12 2.15 2.17 2.16 2.20 2.25 2.30 2.34 2.33 2.33 2.36 2.39 2.43 2.47 2.52 2.57 2.60 2.62 2.64 2.65 2.66 2.67 2.68 2.69 0.00 
2.08 2.12 2.14 2.17 2.18 2.20 2.21 2.30 2.32 2.37 2.40 2.38 2.39 2.43 2.46 2.51 2.56 2.61 2.64 2.66 2.67 2.68 2.69 2.69 2.70 2.71 0.00 
2.09 2.11 2.15 2.18 2.21 2.21 2.23 2.28 2.32 2.41 2.43 2.44 2.47 2.46 2.50 2.54 2.60 2.65 2.69 2.70 2.70 2.70 2.71 2.71 0.00 0.00 0.00 
2.10 2.12 2.15 2.16 2.23 2.23 2.27 2.33 2.38 2.45 2.48 2.45 2.46 2.52 2.52 2.55 2.62 2.67 2.71 2.72 2.72 2.73 2.73 2.73 2.74 0.00 0.00 
2.11 2.13 2.17 2.21 2.26 2.26 2.27 2.36 2.43 2.44 2.52 2.53 2.49 2.51 2.54 2.58 2.62 2.67 2.71 2.73 2.74 2.74 2.75 0.00 0.00 0.00 0.00 
2.12 2.16 2.19 2.24 2.27 2.27 2.29 2.38 2.44 2.43 2.52 2.53 2.57 2.52 2.56 2.59 2.64 2.68 2.71 2.73 2.75 2.76 0.00 0.00 0.00 0.00 0.00 
2.13 2.16 2.19 2.24 2.26 2.28 2.31 2.39 2.43 2.45 2.51 2.51 2.59 2.57 2.58 2.60 2.64 2.68 2.71 2.74 2.76 2.77 0.00 0.00 0.00 0.00 0.00 
2.13 2.16 2.19 2.24 2.29 2.32 2.33 2.37 2.45 2.45 2.49 2.55 2.59 2.57 2.57 2.61 2.65 2.69 2.72 2.75 2.77 0.00 0.00 0.00 0.00 0.00 0.00 
2.17 2.18 2.21 2.26 2.31 2.33 2.35 2.39 2.43 2.48 2.50 2.54 2.60 2.59 2.57 2.62 2.67 2.69 2.73 2.76 2.78 0.00 0.00 0.00 0.00 0.00 0.00 
2.19 2.21 2.23 2.26 2.30 2.36 2.38 2.39 2.46 2.50 2.51 2.53 2.59 2.59 2.59 2.62 2.66 2.70 2.73 2.76 0.00 0.00 0.00 0.00 0.00 0.00 0.00 
2.21 2.23 2.25 2.28 2.31 2.35 2.38 2.42 2.49 2.51 2.52 2.59 2.61 2.60 2.61 2.65 2.69 2.72 2.74 0.00 0.00 0.00 0.00 0.00 0.00 0.00 0.00 
2.22 2.25 2.29 2.32 2.36 2.40 2.41 2.46 2.51 2.52 2.56 2.59 2.63 2.62 2.64 2.67 2.71 2.74 2.77 0.00 0.00 0.00 0.00 0.00 0.00 0.00 0.00 
2.25 2.27 2.31 2.35 2.38 2.40 2.44 2.46 2.50 2.55 2.58 2.63 2.66 2.65 2.67 2.72 2.75 2.78 2.80 0.00 0.00 0.00 0.00 0.00 0.00 0.00 0.00 
2.27 2.31 2.33 2.36 2.39 2.43 2.46 2.50 2.54 2.56 2.59 2.64 2.69 2.68 2.72 2.74 2.77 2.79 0.00 0.00 0.00 0.00 0.00 0.00 0.00 0.00 0.00 
2.29 2.33 2.36 2.39 2.43 2.46 2.49 2.53 2.58 2.61 2.63 2.68 2.73 2.75 0.00 0.00 0.00 0.00 0.00 0.00 0.00 0.00 0.00 0.00 0.00 0.00 0.00 
2.31 2.35 2.38 2.42 2.44 2.47 2.51 2.56 2.61 2.65 2.69 2.71 2.76 2.78 2.77 0.00 0.00 0.00 0.00 0.00 0.00 0.00 0.00 0.00 0.00 0.00 0.00 
