2016_CCC_ARR_IFD/catchment_depth_7200min_00050aep.txt.asc
ncols         27
nrows         23
xllcorner     150.975
yllcorner     -33.6
cellsize      0.025
NODATA_value  -9999
522 516 545 561 545 527 519 543 567 607 653 669 672 712 721 740 724 712 730 747 756 771 785 783 780 778 775 
546 545 551 569 568 561 548 562 591 635 681 719 710 714 745 716 717 721 733 748 761 770 776 777 778 776 774 
533 556 580 579 571 574 574 580 624 650 682 705 702 695 738 763 744 743 747 754 761 767 769 773 778 777 775 
563 565 590 556 563 570 605 601 613 646 677 684 702 713 742 732 744 739 749 755 767 769 772 775 776 779 790 
567 566 591 559 578 591 608 621 652 693 682 672 716 705 738 731 753 745 754 766 769 770 769 773 776 783 784 
557 593 586 562 601 596 597 618 665 703 686 696 705 717 740 723 750 763 772 761 766 769 771 771 779 788 778 
543 573 567 576 614 598 620 642 679 720 705 705 692 750 744 723 747 768 771 765 766 770 771 772 779 790 799 
543 593 611 626 640 605 639 678 707 739 714 695 714 732 759 757 748 751 762 761 762 769 771 765 770 773 0.00 
560 610 616 644 635 634 636 706 710 752 768 742 732 735 758 753 749 753 756 761 765 762 762 763 766 765 0.00 
576 581 623 632 652 639 638 678 697 766 779 774 793 759 750 766 747 753 757 765 766 761 761 763 0.00 0.00 0.00 
575 586 603 595 661 645 665 711 738 791 813 766 763 807 785 789 763 758 757 760 761 761 766 769 769 0.00 0.00 
560 577 609 639 678 656 653 723 774 774 825 825 778 784 790 791 789 772 762 762 762 763 766 0.00 0.00 0.00 0.00 
569 600 626 660 674 659 651 735 771 752 814 815 835 775 785 782 775 782 768 765 766 765 0.00 0.00 0.00 0.00 0.00 
574 595 609 653 655 657 668 725 754 755 795 787 836 806 798 790 796 805 785 770 773 766 0.00 0.00 0.00 0.00 0.00 
560 580 596 638 666 683 666 696 756 742 763 799 826 797 789 794 801 809 808 784 793 0.00 0.00 0.00 0.00 0.00 0.00 
588 588 595 635 678 679 668 693 716 755 756 777 816 796 793 799 811 790 795 782 823 0.00 0.00 0.00 0.00 0.00 0.00 
601 605 600 618 646 698 695 673 735 757 752 754 794 788 790 793 789 788 774 769 0.00 0.00 0.00 0.00 0.00 0.00 0.00 
604 617 620 616 640 659 665 680 742 744 735 779 789 776 766 784 789 785 768 0.00 0.00 0.00 0.00 0.00 0.00 0.00 0.00 
602 621 651 664 683 701 674 712 747 728 741 755 774 746 750 759 769 776 776 0.00 0.00 0.00 0.00 0.00 0.00 0.00 0.00 
608 637 664 685 688 678 698 675 688 724 730 759 768 730 732 760 774 780 779 0.00 0.00 0.00 0.00 0.00 0.00 0.00 0.00 
627 670 664 673 681 694 678 694 709 682 692 725 759 714 736 737 750 747 0.00 0.00 0.00 0.00 0.00 0.00 0.00 0.00 0.00 
635 680 698 714 722 718 699 714 748 716 694 718 762 749 0.00 0.00 0.00 0.00 0.00 0.00 0.00 0.00 0.00 0.00 0.00 0.00 0.00 
652 690 715 736 721 693 703 739 752 748 749 715 742 717 687 0.00 0.00 0.00 0.00 0.00 0.00 0.00 0.00 0.00 0.00 0.00 0.00 
