2016_CCC_ARR_IFD/catchment_depth_45min_18127aep.txt.asc
ncols         27
nrows         23
xllcorner     150.975
yllcorner     -33.6
cellsize      0.025
NODATA_value  -9999
31.6 31.4 31.8 32.1 31.9 31.7 31.8 32.3 32.9 33.7 34.7 35.1 35.3 36.0 36.3 36.8 37.0 37.3 37.7 38.2 38.6 39.0 39.4 39.7 40.1 40.5 40.8 
31.8 31.8 31.9 32.3 32.3 32.4 32.3 32.7 33.4 34.3 35.1 35.7 35.9 36.2 36.7 36.8 37.2 37.6 38.0 38.4 38.8 39.2 39.6 39.9 40.3 40.6 41.0 
31.7 31.9 32.3 32.4 32.4 32.6 32.8 33.1 34.0 34.6 35.3 35.8 36.0 36.2 36.9 37.4 37.6 38.0 38.3 38.7 39.1 39.4 39.8 40.1 40.5 40.8 41.2 
32.0 32.0 32.5 32.1 32.3 32.6 33.4 33.5 34.0 34.7 35.4 35.7 36.2 36.6 37.2 37.4 37.9 38.3 38.6 39.0 39.4 39.7 40.0 40.4 40.7 41.0 41.4 
32.0 32.1 32.5 32.1 32.6 33.0 33.5 34.0 34.7 35.5 35.6 35.8 36.6 36.8 37.4 37.8 38.2 38.6 39.0 39.3 39.6 39.9 40.2 40.6 40.9 41.2 41.5 
32.0 32.5 32.5 32.2 33.0 33.2 33.5 34.1 35.0 35.8 35.9 36.3 36.7 37.2 37.7 38.1 38.6 39.0 39.4 39.6 39.9 40.2 40.5 40.8 41.1 41.4 41.7 
32.0 32.3 32.3 32.6 33.3 33.4 33.9 34.5 35.4 36.2 36.3 36.6 37.0 37.8 38.1 38.5 39.0 39.4 39.7 40.0 40.2 40.5 40.7 41.0 41.2 41.6 41.9 
32.2 32.6 33.0 33.4 33.8 33.7 34.4 35.2 35.9 36.6 36.6 36.9 37.4 38.0 38.5 38.9 39.4 39.8 40.1 40.4 40.5 40.7 40.9 41.1 41.4 41.6 0.00 
32.4 32.9 33.2 33.8 33.9 34.2 34.5 35.7 36.1 36.9 37.4 37.5 37.8 38.3 38.8 39.3 39.8 40.2 40.5 40.7 40.9 41.0 41.1 41.3 41.5 41.7 0.00 
32.6 32.9 33.4 33.8 34.3 34.4 34.8 35.6 36.1 37.3 37.8 38.1 38.6 38.7 39.1 39.6 40.1 40.6 41.0 41.1 41.2 41.2 41.3 41.4 0.00 0.00 0.00 
32.8 33.1 33.4 33.7 34.5 34.7 35.2 36.1 36.8 37.8 38.3 38.2 38.5 39.3 39.5 39.9 40.4 40.9 41.2 41.3 41.4 41.4 41.5 41.6 41.8 0.00 0.00 
33.0 33.2 33.7 34.2 34.9 35.0 35.4 36.4 37.4 37.7 38.7 39.0 38.9 39.3 39.8 40.2 40.6 41.1 41.3 41.5 41.6 41.6 41.8 0.00 0.00 0.00 0.00 
33.1 33.5 33.9 34.5 35.0 35.2 35.5 36.7 37.5 37.6 38.7 39.1 39.6 39.5 40.0 40.4 40.8 41.2 41.4 41.6 41.7 41.8 0.00 0.00 0.00 0.00 0.00 
33.3 33.6 34.0 34.6 35.0 35.3 35.8 36.7 37.4 37.8 38.6 38.9 39.7 39.8 40.2 40.6 41.0 41.4 41.6 41.7 41.9 42.0 0.00 0.00 0.00 0.00 0.00 
33.5 33.7 34.1 34.6 35.2 35.7 35.9 36.6 37.6 37.8 38.4 39.1 39.8 39.9 40.3 40.7 41.1 41.5 41.8 41.9 42.1 0.00 0.00 0.00 0.00 0.00 0.00 
33.5 33.9 34.2 34.7 35.4 35.8 36.1 36.7 37.3 38.0 38.4 39.0 39.8 40.0 40.4 40.9 41.3 41.5 41.8 41.9 42.4 0.00 0.00 0.00 0.00 0.00 0.00 
33.7 33.9 34.4 34.8 35.3 36.1 36.4 36.6 37.6 38.2 38.5 38.9 39.7 40.1 40.3 40.8 41.2 41.5 41.7 41.9 0.00 0.00 0.00 0.00 0.00 0.00 0.00 
33.8 34.1 34.5 34.9 35.4 35.9 36.3 36.8 37.8 38.1 38.4 39.3 39.8 40.0 40.2 40.9 41.3 41.6 41.7 0.00 0.00 0.00 0.00 0.00 0.00 0.00 0.00 
34.1 34.4 34.9 35.3 35.8 36.4 36.4 37.2 37.9 38.1 38.6 39.2 39.8 39.8 40.2 40.7 41.2 41.6 41.9 0.00 0.00 0.00 0.00 0.00 0.00 0.00 0.00 
34.3 34.7 35.1 35.6 36.0 36.3 36.8 36.9 37.4 38.1 38.6 39.4 39.9 39.8 40.2 40.9 41.4 41.8 42.1 0.00 0.00 0.00 0.00 0.00 0.00 0.00 0.00 
34.6 35.1 35.3 35.7 36.1 36.5 36.7 37.2 37.7 37.8 38.3 39.1 39.9 39.8 40.5 40.8 41.3 41.6 0.00 0.00 0.00 0.00 0.00 0.00 0.00 0.00 0.00 
34.7 35.3 35.8 36.2 36.6 36.9 37.0 37.5 38.3 38.3 38.5 39.2 40.1 40.4 0.00 0.00 0.00 0.00 0.00 0.00 0.00 0.00 0.00 0.00 0.00 0.00 0.00 
35.0 35.5 36.0 36.5 36.7 36.7 37.2 38.0 38.5 38.9 39.3 39.4 40.1 40.3 40.3 0.00 0.00 0.00 0.00 0.00 0.00 0.00 0.00 0.00 0.00 0.00 0.00 
