2016_CCC_ARR_IFD/catchment_depth_120min_05000aep.txt.asc
ncols         27
nrows         23
xllcorner     150.975
yllcorner     -33.6
cellsize      0.025
NODATA_value  -9999
58.1 58.1 59.3 60.2 60.0 59.8 60.3 61.6 63.0 65.2 67.4 68.5 69.3 70.8 71.8 72.8 73.2 73.4 74.6 75.7 76.8 77.9 79.0 79.8 80.6 81.4 82.2 
58.7 59.0 59.6 60.6 61.1 61.4 61.7 62.8 64.5 66.7 68.6 69.9 70.7 71.6 72.8 73.0 73.1 74.3 75.4 76.5 77.5 78.5 79.5 80.3 81.2 81.9 82.7 
58.5 59.4 60.6 61.2 61.5 62.2 62.9 63.9 66.1 67.7 69.3 70.5 71.3 71.9 73.6 74.7 75.2 75.2 76.4 77.4 78.3 79.2 80.1 80.9 81.8 82.6 83.3 
59.3 59.8 61.1 60.5 61.4 62.4 64.4 65.1 66.3 68.2 69.9 70.9 72.2 73.2 74.6 75.0 75.8 76.5 77.5 78.4 79.3 80.1 80.9 81.7 82.4 83.2 84.1 
59.5 59.9 61.3 60.7 62.1 63.4 64.9 66.2 68.2 70.1 70.9 71.5 73.4 74.1 75.5 76.1 77.2 77.9 78.7 79.6 80.2 80.9 81.6 82.3 83.1 83.9 84.5 
59.3 60.9 61.2 60.9 63.2 63.9 64.9 66.6 69.2 71.1 71.8 73.0 74.3 75.5 76.8 77.4 78.5 79.4 80.3 80.6 81.1 81.8 82.4 83.0 83.8 84.5 85.0 
59.3 60.4 60.8 61.7 64.0 64.4 66.1 67.9 70.2 72.2 73.1 74.2 75.1 77.1 78.3 78.7 80.0 80.9 81.6 82.0 82.3 82.8 83.3 83.8 84.4 85.2 85.9 
59.6 61.2 62.5 63.8 65.2 65.1 67.2 69.6 71.6 73.4 74.1 74.9 76.7 78.3 79.7 80.6 81.4 82.3 83.0 83.3 83.5 83.9 84.2 84.4 84.8 85.4 0.00 
60.1 61.9 62.9 64.6 65.3 66.4 67.6 70.9 72.3 74.5 76.0 76.8 78.0 79.2 80.8 81.7 82.8 83.8 84.4 84.7 84.8 84.7 84.8 85.0 85.3 85.7 0.00 
60.6 61.5 63.3 64.6 66.2 66.9 68.1 70.5 72.4 75.5 77.1 78.2 79.6 80.5 81.5 82.9 83.8 85.2 86.0 86.0 85.8 85.5 85.4 85.5 0.00 0.00 0.00 
60.8 61.8 63.1 64.1 66.8 67.5 69.3 71.9 74.0 76.6 78.2 78.7 79.9 81.6 82.6 83.8 84.9 86.0 86.7 86.6 86.3 86.1 86.1 86.1 86.3 0.00 0.00 
60.9 62.0 63.5 65.3 67.5 68.1 69.3 72.6 75.3 76.7 79.4 80.5 80.6 81.9 83.2 84.4 85.5 86.4 86.6 86.7 86.7 86.6 86.6 0.00 0.00 0.00 0.00 
61.1 62.5 64.1 66.0 67.5 68.4 69.5 73.2 75.5 76.3 79.3 80.5 81.8 82.1 83.5 84.6 85.5 86.5 86.6 86.7 86.9 86.8 0.00 0.00 0.00 0.00 0.00 
61.3 62.5 63.8 66.0 67.2 68.6 70.1 73.1 75.2 76.6 78.9 79.9 82.0 82.8 83.9 84.8 85.9 86.8 87.0 86.8 87.1 86.9 0.00 0.00 0.00 0.00 0.00 
61.5 62.5 63.8 65.7 67.6 69.4 70.2 72.3 75.4 76.2 78.1 80.3 82.0 82.7 83.6 84.8 86.0 86.8 87.4 87.1 87.7 0.00 0.00 0.00 0.00 0.00 0.00 
61.6 62.7 63.9 65.7 68.0 69.4 70.3 72.2 74.2 76.6 77.8 79.7 81.8 82.6 83.5 84.8 86.0 86.1 86.9 86.8 88.1 0.00 0.00 0.00 0.00 0.00 0.00 
61.7 62.7 64.1 65.6 67.4 70.0 71.1 71.5 74.8 76.7 77.7 78.7 81.2 82.1 82.3 83.9 84.9 85.8 85.7 86.0 0.00 0.00 0.00 0.00 0.00 0.00 0.00 
61.9 63.0 64.5 65.7 67.3 68.9 70.2 71.7 75.0 76.2 76.9 79.6 80.9 81.3 81.3 83.4 84.8 85.5 85.2 0.00 0.00 0.00 0.00 0.00 0.00 0.00 0.00 
62.6 63.6 65.3 66.9 68.6 70.3 70.5 72.9 75.1 75.5 77.0 78.6 80.3 79.5 80.5 82.0 83.5 84.7 85.3 0.00 0.00 0.00 0.00 0.00 0.00 0.00 0.00 
63.0 64.4 66.1 67.7 68.9 69.7 71.4 71.3 72.7 75.3 76.4 78.6 79.9 78.8 79.7 82.1 83.5 84.5 85.1 0.00 0.00 0.00 0.00 0.00 0.00 0.00 0.00 
63.8 65.7 66.4 67.6 68.9 70.2 70.5 72.0 73.6 73.1 74.4 77.0 79.3 77.9 80.0 80.8 82.2 82.7 0.00 0.00 0.00 0.00 0.00 0.00 0.00 0.00 0.00 
64.1 66.3 67.7 69.1 70.3 71.1 71.2 72.8 75.1 74.7 74.4 76.6 79.3 79.7 0.00 0.00 0.00 0.00 0.00 0.00 0.00 0.00 0.00 0.00 0.00 0.00 0.00 
64.7 66.8 68.4 70.0 70.3 70.0 71.3 73.7 75.1 75.9 76.9 76.3 78.4 78.2 77.2 0.00 0.00 0.00 0.00 0.00 0.00 0.00 0.00 0.00 0.00 0.00 0.00 
