2016_CCC_ARR_IFD/catchment_depth_2160min_01000aep.txt.asc
ncols         27
nrows         23
xllcorner     150.975
yllcorner     -33.6
cellsize      0.025
NODATA_value  -9999
245 244 256 264 258 251 248 259 270 288 310 317 318 335 339 347 338 326 333 340 345 353 360 360 361 361 361 
254 255 260 268 268 267 261 268 281 301 322 338 335 336 350 333 329 328 332 338 345 350 354 356 359 359 360 
250 260 271 273 270 273 273 276 296 308 322 333 331 326 347 358 345 338 338 339 344 348 351 354 358 359 359 
263 265 276 263 267 271 287 286 291 306 320 323 331 334 348 338 341 335 339 341 347 349 352 354 356 359 366 
265 266 277 265 274 280 289 295 310 328 323 315 337 328 344 335 345 339 342 347 348 350 351 354 356 361 362 
262 278 276 267 285 283 284 293 316 334 324 327 329 333 343 332 343 348 352 346 348 351 352 353 358 363 360 
257 270 269 274 291 285 295 305 322 342 333 331 323 351 345 334 343 351 352 350 350 352 353 354 358 364 369 
258 279 288 296 303 288 304 322 335 350 337 326 334 341 352 350 345 346 350 350 350 353 354 352 354 357 0.00 
266 287 291 304 302 301 302 334 337 356 363 349 343 342 352 349 347 349 350 352 353 351 351 351 353 354 0.00 
273 277 295 300 309 304 304 322 330 362 367 365 373 354 349 356 348 351 352 355 354 352 352 352 0.00 0.00 0.00 
274 280 287 285 314 308 317 338 350 373 383 361 358 379 366 367 355 354 354 354 353 353 354 355 356 0.00 0.00 
269 277 291 305 322 314 312 344 366 366 389 388 366 368 369 368 367 360 356 355 355 354 356 0.00 0.00 0.00 0.00 
274 288 299 315 322 316 313 350 366 357 385 385 393 364 367 364 362 364 358 357 357 356 0.00 0.00 0.00 0.00 0.00 
277 287 294 313 315 316 321 347 359 360 377 373 395 380 374 369 371 375 366 359 361 357 0.00 0.00 0.00 0.00 0.00 
272 282 290 308 321 329 322 335 362 355 364 380 391 376 369 370 374 378 377 366 370 0.00 0.00 0.00 0.00 0.00 0.00 
285 286 290 308 327 328 324 335 345 362 361 370 388 377 370 374 380 369 372 366 385 0.00 0.00 0.00 0.00 0.00 0.00 
291 294 293 302 315 338 337 327 355 365 361 360 379 373 369 370 369 369 363 361 0.00 0.00 0.00 0.00 0.00 0.00 0.00 
294 300 303 303 314 322 325 332 360 360 355 375 379 368 361 369 372 370 362 0.00 0.00 0.00 0.00 0.00 0.00 0.00 0.00 
295 304 317 324 333 342 331 348 363 355 360 366 373 355 356 359 364 367 367 0.00 0.00 0.00 0.00 0.00 0.00 0.00 0.00 
299 312 324 334 337 334 343 333 339 355 357 369 372 351 351 364 370 372 371 0.00 0.00 0.00 0.00 0.00 0.00 0.00 0.00 
309 327 326 331 336 342 336 343 351 337 340 356 370 346 356 355 360 358 0.00 0.00 0.00 0.00 0.00 0.00 0.00 0.00 0.00 
313 333 342 349 354 353 346 353 368 355 343 354 373 366 0.00 0.00 0.00 0.00 0.00 0.00 0.00 0.00 0.00 0.00 0.00 0.00 0.00 
322 339 350 359 354 343 348 364 370 369 369 354 365 353 336 0.00 0.00 0.00 0.00 0.00 0.00 0.00 0.00 0.00 0.00 0.00 0.00 
