2016_CCC_ARR_IFD/catchment_depth_7200min_01000aep.txt.asc
ncols         27
nrows         23
xllcorner     150.975
yllcorner     -33.6
cellsize      0.025
NODATA_value  -9999
347 342 360 370 359 345 339 354 368 394 425 434 434 461 466 478 461 444 453 462 466 477 486 485 483 483 481 
363 362 365 376 375 369 359 366 385 413 444 469 462 462 483 457 453 449 454 461 469 475 480 482 482 482 481 
355 370 385 384 378 378 377 380 408 424 445 460 455 447 478 494 476 468 465 464 469 474 477 480 483 483 483 
376 376 393 369 373 376 398 395 401 422 441 445 455 461 480 469 474 464 468 469 475 477 480 482 483 486 494 
379 378 394 372 383 391 402 408 428 455 446 436 466 455 476 467 481 470 473 480 480 480 480 483 485 490 491 
374 397 391 374 400 395 395 408 438 462 449 454 459 464 478 462 479 486 490 479 480 483 484 483 489 495 489 
365 384 379 385 409 398 412 425 449 475 464 462 450 490 482 464 478 491 491 485 484 486 486 486 491 498 504 
365 398 410 419 428 403 426 451 469 490 471 456 468 478 495 490 481 482 488 485 484 488 488 484 487 489 0.00 
378 411 414 432 426 424 424 471 472 499 509 490 482 482 496 489 485 486 486 488 489 486 485 485 487 486 0.00 
389 392 420 425 438 429 427 454 465 510 518 514 525 500 493 501 486 488 489 493 492 489 487 488 0.00 0.00 0.00 
389 396 406 401 445 434 446 477 494 528 542 510 506 535 519 520 500 495 492 493 492 491 493 494 494 0.00 0.00 
379 391 412 431 457 443 440 486 519 519 552 551 519 522 524 523 520 507 498 496 495 495 495 0.00 0.00 0.00 0.00 
386 407 424 446 455 446 440 496 519 506 546 546 558 518 523 520 513 516 505 501 500 498 0.00 0.00 0.00 0.00 0.00 
390 404 414 443 443 445 452 490 509 510 535 530 560 541 534 528 531 534 519 508 507 501 0.00 0.00 0.00 0.00 0.00 
382 395 406 433 452 464 451 472 512 501 515 538 556 537 532 533 537 539 537 520 523 0.00 0.00 0.00 0.00 0.00 0.00 
401 401 406 432 460 461 454 471 486 512 512 526 551 538 537 540 545 529 530 520 546 0.00 0.00 0.00 0.00 0.00 0.00 
410 412 409 422 440 475 473 458 500 515 511 512 538 535 537 538 532 530 518 513 0.00 0.00 0.00 0.00 0.00 0.00 0.00 
412 421 423 421 437 449 454 463 505 506 501 529 535 528 520 532 534 529 515 0.00 0.00 0.00 0.00 0.00 0.00 0.00 0.00 
412 425 445 453 466 479 461 486 509 497 505 515 527 508 510 516 521 524 522 0.00 0.00 0.00 0.00 0.00 0.00 0.00 0.00 
416 435 454 468 470 464 477 461 470 495 499 518 523 497 499 517 525 527 526 0.00 0.00 0.00 0.00 0.00 0.00 0.00 0.00 
430 458 455 461 467 475 465 474 485 467 473 496 518 487 502 501 509 506 0.00 0.00 0.00 0.00 0.00 0.00 0.00 0.00 0.00 
436 466 478 489 495 492 478 488 511 490 474 491 520 511 0.00 0.00 0.00 0.00 0.00 0.00 0.00 0.00 0.00 0.00 0.00 0.00 0.00 
447 474 490 505 494 475 482 506 514 512 513 489 507 490 469 0.00 0.00 0.00 0.00 0.00 0.00 0.00 0.00 0.00 0.00 0.00 0.00 
