2016_CCC_ARR_IFD/catchment_depth_20min_00050aep.txt.asc
ncols         27
nrows         23
xllcorner     150.975
yllcorner     -33.6
cellsize      0.025
NODATA_value  -9999
70.4 70.2 71.4 72.3 72.2 72.2 73.0 74.5 76.3 78.4 80.1 81.4 82.9 83.6 85.1 86.1 89.4 93.2 94.8 96.3 97.6 98.7 99.7 101 101 102 103 
70.6 70.7 71.2 72.2 72.7 73.1 73.6 75.1 77.0 79.1 80.5 81.4 83.0 84.5 85.2 88.9 91.7 94.0 95.7 97.2 98.4 99.4 100 101 102 103 103 
69.7 70.6 71.8 72.2 72.5 73.3 74.3 75.6 77.9 79.6 81.1 82.3 84.0 86.2 86.6 87.3 91.1 94.5 96.4 98.0 98.9 99.8 101 101 102 103 104 
70.2 70.4 71.8 70.7 71.6 72.8 75.1 76.1 77.8 79.8 81.6 83.3 84.9 86.7 87.7 91.0 93.0 95.4 96.9 98.1 99.2 100 101 102 102 103 104 
69.9 69.9 71.4 70.0 71.7 73.2 75.0 76.6 78.8 80.6 82.1 84.3 85.5 88.4 89.4 92.5 93.8 95.9 97.2 98.3 99.3 100 101 102 103 103 104 
69.1 70.8 70.6 69.5 72.4 73.0 74.6 76.7 79.2 81.1 82.8 84.9 87.1 89.2 90.7 93.2 94.8 96.3 97.5 98.3 99.1 100 101 102 103 104 104 
68.8 69.5 69.4 70.1 72.7 73.2 75.2 77.3 79.7 81.5 83.4 85.7 88.3 88.9 91.7 93.5 95.3 96.6 97.8 98.5 99.3 100 101 102 103 104 104 
68.9 70.2 71.3 72.5 73.8 73.7 75.9 78.3 80.3 82.0 84.1 86.8 89.1 91.0 92.1 94.2 95.5 96.7 97.9 98.7 99.5 100 101 102 103 103 0.00 
69.1 70.9 71.5 73.1 73.5 74.5 76.1 79.0 80.6 82.5 84.2 86.6 89.6 91.6 93.1 94.5 95.7 96.9 97.9 98.9 99.7 100 101 102 103 103 0.00 
69.5 70.1 71.8 72.7 74.2 74.9 76.5 78.8 80.8 83.0 84.8 86.7 88.2 91.6 93.1 94.7 95.5 96.9 98.0 99.0 99.7 100 101 102 0.00 0.00 0.00 
69.6 70.4 71.4 72.2 74.6 75.3 77.1 79.4 81.4 83.3 84.8 87.1 89.4 90.2 92.9 94.4 95.7 96.8 97.8 98.6 99.4 100 101 102 102 0.00 0.00 
69.4 70.3 71.7 73.2 75.1 75.7 77.1 79.7 81.8 83.5 85.3 86.9 89.1 91.0 92.7 94.3 95.7 96.7 97.3 98.2 99.0 99.7 101 0.00 0.00 0.00 0.00 
69.5 70.8 72.2 73.9 75.1 75.8 77.1 79.9 81.8 83.3 85.3 86.9 88.2 90.8 92.5 93.9 95.0 96.3 96.9 97.6 98.5 99.2 0.00 0.00 0.00 0.00 0.00 
69.6 70.8 71.8 73.7 74.7 75.8 77.3 79.7 81.6 83.2 85.0 86.8 87.9 90.1 92.0 93.5 94.8 95.9 96.6 97.1 98.0 98.5 0.00 0.00 0.00 0.00 0.00 
69.1 70.3 71.4 73.4 74.9 76.3 77.1 79.0 81.4 82.8 84.7 86.4 87.7 89.8 91.5 92.9 94.2 95.2 96.2 96.7 97.6 0.00 0.00 0.00 0.00 0.00 0.00 
70.0 70.5 71.4 73.3 75.1 76.1 76.9 78.7 80.5 82.6 84.1 85.9 87.4 89.2 91.0 92.3 93.4 94.2 95.3 95.8 96.7 0.00 0.00 0.00 0.00 0.00 0.00 
70.4 71.0 71.3 72.6 74.1 76.3 77.3 77.9 80.5 82.2 83.5 85.0 86.9 88.5 89.5 91.1 92.2 93.3 93.8 94.5 0.00 0.00 0.00 0.00 0.00 0.00 0.00 
70.4 71.3 71.8 72.3 73.7 75.1 76.2 77.6 80.2 81.5 82.6 84.7 86.2 87.4 88.0 90.0 91.3 92.4 92.7 0.00 0.00 0.00 0.00 0.00 0.00 0.00 0.00 
69.9 71.1 72.5 73.4 74.6 75.9 76.1 78.1 79.9 80.7 82.2 83.7 85.3 85.7 86.9 88.3 89.8 91.1 92.0 0.00 0.00 0.00 0.00 0.00 0.00 0.00 0.00 
69.7 71.2 72.4 73.6 74.4 74.9 76.3 76.6 78.0 80.0 81.3 83.1 84.4 84.5 85.6 87.6 89.0 90.1 91.0 0.00 0.00 0.00 0.00 0.00 0.00 0.00 0.00 
69.9 71.6 72.0 72.9 73.7 74.9 75.3 76.6 78.1 78.2 79.6 81.6 83.5 83.3 85.1 86.1 87.5 88.3 0.00 0.00 0.00 0.00 0.00 0.00 0.00 0.00 0.00 
69.6 71.5 72.4 73.4 74.4 75.0 75.4 76.7 78.6 78.8 79.1 80.9 82.9 83.6 0.00 0.00 0.00 0.00 0.00 0.00 0.00 0.00 0.00 0.00 0.00 0.00 0.00 
69.6 71.2 72.3 73.5 73.8 73.7 74.9 76.8 78.1 79.0 80.0 80.2 81.8 82.2 82.1 0.00 0.00 0.00 0.00 0.00 0.00 0.00 0.00 0.00 0.00 0.00 0.00 
