2016_CCC_ARR_IFD/catchment_depth_270min_02000aep.txt.asc
ncols         27
nrows         23
xllcorner     150.975
yllcorner     -33.6
cellsize      0.025
NODATA_value  -9999
89.7 90.0 92.6 94.6 94.4 94.1 94.8 97.5 100 105 109 111 113 116 118 120 120 118 121 123 125 127 129 131 132 133 135 
91.4 92.2 93.5 95.8 96.8 97.5 97.8 100 103 108 112 115 116 118 120 119 118 120 122 124 126 128 130 131 133 134 135 
91.0 93.3 95.9 97.1 97.8 99.3 101 102 107 110 113 116 117 118 122 124 123 122 124 126 127 129 131 132 134 135 136 
93.1 94.3 97.1 96.0 97.8 99.7 104 105 107 111 115 116 119 120 123 123 124 124 126 127 129 131 132 133 135 136 138 
93.7 94.7 97.7 96.6 99.5 102 105 107 111 115 117 117 121 121 125 124 127 127 128 130 131 132 133 135 136 138 139 
93.4 96.9 97.8 97.2 102 103 105 108 114 118 118 120 122 124 127 126 129 130 132 132 133 134 135 136 137 139 139 
93.1 95.9 96.8 98.8 103 104 107 111 116 120 121 123 123 128 130 129 131 133 134 134 135 136 136 137 138 140 141 
93.5 97.6 100 103 106 105 110 115 119 122 123 123 126 130 133 133 134 135 136 137 137 138 138 138 139 140 0.00 
94.7 99.1 101 105 106 108 110 118 120 125 128 128 129 131 134 135 136 138 139 139 139 139 139 139 140 140 0.00 
95.9 97.7 102 104 108 109 111 116 120 127 130 131 134 134 135 137 138 140 142 142 141 140 140 140 0.00 0.00 0.00 
96.1 98.4 101 102 109 110 113 119 123 129 132 132 133 138 138 140 140 142 143 142 142 141 141 141 141 0.00 0.00 
95.7 98.2 102 106 110 111 113 120 126 129 135 136 135 137 139 140 142 143 142 142 142 142 142 0.00 0.00 0.00 0.00 
96.3 99.6 103 107 110 111 113 122 127 127 134 136 139 136 139 140 141 143 142 142 142 142 0.00 0.00 0.00 0.00 0.00 
96.7 99.4 102 107 109 111 114 121 125 128 133 134 139 139 140 140 142 144 143 142 143 142 0.00 0.00 0.00 0.00 0.00 
96.4 98.9 102 106 110 114 114 119 126 126 130 135 138 138 138 140 142 144 145 143 144 0.00 0.00 0.00 0.00 0.00 0.00 
97.5 99.4 102 106 111 113 114 118 122 127 129 132 137 137 137 140 143 141 143 142 146 0.00 0.00 0.00 0.00 0.00 0.00 
98.0 99.9 102 105 109 115 117 116 124 127 128 129 135 136 135 138 139 141 140 140 0.00 0.00 0.00 0.00 0.00 0.00 0.00 
98.3 101 103 105 109 112 114 117 124 126 126 132 134 133 132 136 139 140 139 0.00 0.00 0.00 0.00 0.00 0.00 0.00 0.00 
99.6 102 106 109 112 115 115 120 124 124 127 129 133 129 130 133 136 138 139 0.00 0.00 0.00 0.00 0.00 0.00 0.00 0.00 
101 104 107 111 113 114 117 116 118 124 125 130 132 127 128 134 136 138 139 0.00 0.00 0.00 0.00 0.00 0.00 0.00 0.00 
102 107 108 110 112 115 115 118 121 118 120 126 130 125 130 130 133 134 0.00 0.00 0.00 0.00 0.00 0.00 0.00 0.00 0.00 
103 108 111 114 116 117 117 120 124 122 120 125 131 130 0.00 0.00 0.00 0.00 0.00 0.00 0.00 0.00 0.00 0.00 0.00 0.00 0.00 
105 110 113 116 116 115 117 122 125 126 127 124 128 126 123 0.00 0.00 0.00 0.00 0.00 0.00 0.00 0.00 0.00 0.00 0.00 0.00 
