2016_CCC_ARR_IFD/catchment_depth_15min_00500aep.txt.asc
ncols         27
nrows         23
xllcorner     150.975
yllcorner     -33.6
cellsize      0.025
NODATA_value  -9999
43.5 43.4 44.1 44.7 44.4 44.2 44.5 45.4 46.4 47.7 49.0 49.7 50.3 51.0 51.7 52.3 53.4 54.4 55.1 55.8 56.4 57.0 57.6 57.9 58.3 58.7 59.1 
43.8 43.8 44.1 44.7 44.9 45.0 45.1 45.8 47.0 48.4 49.4 50.1 50.8 51.5 52.0 53.2 54.2 54.9 55.5 56.2 56.8 57.3 57.8 58.2 58.7 59.1 59.5 
43.3 43.9 44.7 44.8 44.8 45.2 45.6 46.2 47.7 48.8 49.7 50.5 51.2 52.0 52.6 53.1 54.5 55.7 56.1 56.6 57.1 57.6 58.0 58.5 59.0 59.4 59.8 
43.8 43.9 44.8 43.7 44.2 44.8 46.3 46.7 47.6 48.8 49.9 50.7 51.6 52.5 53.2 54.4 55.4 56.0 56.5 56.9 57.5 57.9 58.4 58.9 59.3 59.7 60.3 
43.7 43.6 44.5 43.4 44.4 45.2 46.3 47.1 48.5 49.7 50.3 51.1 52.1 53.2 53.9 55.1 55.9 56.4 56.9 57.4 57.8 58.2 58.6 59.1 59.6 60.1 60.4 
43.3 44.3 44.1 43.1 45.0 45.2 46.0 47.1 48.8 50.1 50.6 51.7 52.7 53.8 54.6 55.4 56.4 57.1 57.6 57.6 57.9 58.5 59.0 59.4 59.9 60.4 60.6 
43.1 43.6 43.3 43.6 45.3 45.3 46.5 47.7 49.2 50.5 51.1 52.2 53.3 54.0 55.2 55.7 56.7 57.4 57.9 58.0 58.3 58.8 59.3 59.7 60.2 60.7 61.0 
43.3 44.2 44.8 45.5 46.2 45.8 47.1 48.6 49.8 50.9 51.6 52.8 54.1 55.1 55.7 56.6 57.0 57.5 58.0 58.3 58.6 59.1 59.6 59.9 60.3 60.7 0.00 
43.6 44.8 45.0 46.1 46.1 46.6 47.3 49.3 50.1 51.3 52.2 53.2 54.6 55.6 56.4 56.9 57.3 57.8 58.2 58.6 59.0 59.3 59.7 60.1 60.5 60.7 0.00 
44.1 44.3 45.4 45.9 46.7 46.9 47.7 49.1 50.2 51.7 52.6 53.5 54.4 55.9 56.5 57.2 57.4 58.0 58.5 59.0 59.3 59.6 59.9 60.4 0.00 0.00 0.00 
44.2 44.7 45.2 45.5 47.1 47.3 48.3 49.8 50.9 52.1 52.9 53.9 55.0 55.6 56.7 57.5 57.8 58.2 58.6 59.0 59.3 59.7 60.1 60.6 60.9 0.00 0.00 
44.2 44.7 45.6 46.5 47.6 47.8 48.4 50.1 51.4 52.2 53.3 54.2 55.1 56.0 56.9 57.6 58.2 58.5 58.6 59.0 59.4 59.7 60.1 0.00 0.00 0.00 0.00 
44.5 45.3 46.1 47.1 47.7 48.0 48.6 50.4 51.5 52.2 53.4 54.2 55.0 56.0 56.9 57.5 57.9 58.5 58.6 58.9 59.3 59.7 0.00 0.00 0.00 0.00 0.00 
44.7 45.4 46.0 47.1 47.6 48.1 48.9 50.4 51.5 52.3 53.4 54.3 55.0 56.0 56.9 57.5 58.1 58.7 58.8 58.9 59.3 59.5 0.00 0.00 0.00 0.00 0.00 
44.5 45.2 45.8 47.0 47.9 48.7 49.0 50.1 51.5 52.2 53.2 54.3 55.0 56.0 56.7 57.4 58.0 58.6 59.0 59.0 59.5 0.00 0.00 0.00 0.00 0.00 0.00 
45.2 45.4 45.9 47.1 48.2 48.6 49.0 50.0 51.0 52.3 53.1 54.0 55.0 55.8 56.6 57.3 57.9 58.1 58.6 58.7 59.5 0.00 0.00 0.00 0.00 0.00 0.00 
45.6 45.9 46.0 46.7 47.6 49.0 49.4 49.6 51.3 52.2 52.9 53.6 54.8 55.5 55.9 56.8 57.2 57.8 57.9 58.1 0.00 0.00 0.00 0.00 0.00 0.00 0.00 
45.7 46.2 46.5 46.5 47.4 48.2 48.8 49.6 51.3 51.9 52.4 53.7 54.5 55.1 55.2 56.3 57.0 57.5 57.4 0.00 0.00 0.00 0.00 0.00 0.00 0.00 0.00 
45.4 46.2 47.0 47.5 48.2 48.9 48.9 50.1 51.2 51.6 52.4 53.2 54.1 54.1 54.7 55.4 56.3 56.9 57.3 0.00 0.00 0.00 0.00 0.00 0.00 0.00 0.00 
45.3 46.2 47.0 47.7 48.1 48.3 49.2 49.2 50.0 51.3 52.0 53.1 53.8 53.5 54.1 55.3 56.1 56.6 57.0 0.00 0.00 0.00 0.00 0.00 0.00 0.00 0.00 
45.4 46.6 46.7 47.3 47.8 48.4 48.6 49.4 50.3 50.2 50.9 52.3 53.4 53.0 54.1 54.5 55.3 55.6 0.00 0.00 0.00 0.00 0.00 0.00 0.00 0.00 0.00 
45.3 46.5 47.1 47.7 48.3 48.6 48.7 49.6 50.7 50.8 50.8 52.0 53.2 53.6 0.00 0.00 0.00 0.00 0.00 0.00 0.00 0.00 0.00 0.00 0.00 0.00 0.00 
45.3 46.4 47.1 47.8 47.9 47.8 48.5 49.8 50.5 51.1 51.7 51.7 52.7 52.8 52.5 0.00 0.00 0.00 0.00 0.00 0.00 0.00 0.00 0.00 0.00 0.00 0.00 
