2016_CCC_ARR_IFD/catchment_depth_20min_99752aep.txt.asc
ncols         27
nrows         23
xllcorner     150.975
yllcorner     -33.6
cellsize      0.025
NODATA_value  -9999
6.11 6.09 6.18 6.24 6.19 6.14 6.15 6.24 6.33 6.50 6.69 6.77 6.80 6.97 7.03 7.13 7.11 7.16 7.26 7.36 7.45 7.55 7.65 7.74 7.83 7.91 8.00 
6.19 6.19 6.22 6.29 6.30 6.29 6.27 6.33 6.45 6.63 6.82 6.97 6.97 7.01 7.15 7.08 7.14 7.22 7.32 7.42 7.52 7.61 7.71 7.79 7.88 7.97 8.05 
6.17 6.24 6.32 6.34 6.34 6.37 6.39 6.43 6.60 6.72 6.86 6.96 6.98 6.97 7.16 7.28 7.25 7.30 7.39 7.48 7.58 7.67 7.76 7.85 7.94 8.02 8.10 
6.26 6.28 6.38 6.30 6.34 6.39 6.52 6.53 6.59 6.73 6.87 6.92 7.01 7.07 7.21 7.20 7.29 7.36 7.46 7.55 7.65 7.74 7.83 7.91 7.99 8.08 8.17 
6.29 6.31 6.40 6.34 6.42 6.48 6.56 6.63 6.77 6.94 6.93 6.89 7.09 7.06 7.22 7.24 7.36 7.42 7.52 7.63 7.72 7.81 7.89 7.97 8.05 8.14 8.21 
6.28 6.40 6.41 6.38 6.51 6.52 6.54 6.63 6.84 7.02 6.95 7.01 7.06 7.13 7.25 7.28 7.40 7.50 7.60 7.69 7.79 7.87 7.95 8.03 8.11 8.20 8.26 
6.26 6.36 6.38 6.44 6.57 6.55 6.64 6.74 6.91 7.11 7.05 7.05 7.04 7.29 7.29 7.33 7.45 7.57 7.66 7.76 7.85 7.93 8.01 8.09 8.17 8.26 8.34 
6.27 6.43 6.51 6.59 6.67 6.58 6.73 6.90 7.04 7.20 7.09 7.02 7.12 7.23 7.37 7.43 7.51 7.61 7.72 7.81 7.90 7.99 8.07 8.13 8.21 8.29 0.00 
6.32 6.49 6.54 6.66 6.67 6.69 6.71 7.02 7.06 7.27 7.36 7.24 7.20 7.26 7.39 7.47 7.56 7.67 7.77 7.87 7.96 8.03 8.11 8.18 8.26 8.33 0.00 
6.37 6.41 6.57 6.63 6.73 6.71 6.73 6.91 7.00 7.33 7.41 7.40 7.52 7.36 7.41 7.53 7.61 7.73 7.83 7.93 8.01 8.08 8.16 8.24 0.00 0.00 0.00 
6.37 6.43 6.51 6.52 6.78 6.74 6.84 7.06 7.19 7.45 7.58 7.37 7.37 7.62 7.55 7.63 7.67 7.78 7.88 7.96 8.04 8.12 8.21 8.29 8.37 0.00 0.00 
6.34 6.41 6.54 6.68 6.85 6.79 6.80 7.11 7.36 7.38 7.65 7.67 7.46 7.52 7.59 7.66 7.74 7.82 7.91 8.00 8.08 8.17 8.26 0.00 0.00 0.00 0.00 
6.37 6.50 6.62 6.76 6.85 6.81 6.81 7.18 7.36 7.29 7.61 7.64 7.77 7.49 7.59 7.66 7.75 7.86 7.94 8.03 8.13 8.21 0.00 0.00 0.00 0.00 0.00 
6.39 6.50 6.57 6.76 6.79 6.82 6.88 7.15 7.30 7.32 7.54 7.52 7.81 7.68 7.67 7.70 7.82 7.94 8.00 8.08 8.18 8.26 0.00 0.00 0.00 0.00 0.00 
6.36 6.45 6.54 6.72 6.85 6.94 6.89 7.04 7.33 7.27 7.40 7.61 7.79 7.65 7.63 7.73 7.86 8.00 8.10 8.14 8.26 0.00 0.00 0.00 0.00 0.00 0.00 
6.50 6.51 6.56 6.73 6.92 6.94 6.93 7.05 7.16 7.37 7.39 7.53 7.79 7.69 7.65 7.78 7.96 7.99 8.11 8.19 8.39 0.00 0.00 0.00 0.00 0.00 0.00 
6.57 6.61 6.61 6.70 6.82 7.05 7.06 7.02 7.28 7.42 7.42 7.46 7.71 7.70 7.71 7.82 7.93 8.05 8.13 8.23 0.00 0.00 0.00 0.00 0.00 0.00 0.00 
6.61 6.69 6.71 6.73 6.84 6.93 6.99 7.08 7.36 7.40 7.41 7.66 7.76 7.72 7.77 7.90 8.03 8.12 8.20 0.00 0.00 0.00 0.00 0.00 0.00 0.00 0.00 
6.63 6.72 6.85 6.92 7.02 7.12 7.06 7.24 7.43 7.39 7.50 7.63 7.78 7.74 7.85 7.96 8.08 8.20 8.30 0.00 0.00 0.00 0.00 0.00 0.00 0.00 0.00 
6.69 6.80 6.92 7.02 7.07 7.08 7.19 7.18 7.27 7.44 7.54 7.75 7.86 7.83 7.93 8.09 8.23 8.34 8.43 0.00 0.00 0.00 0.00 0.00 0.00 0.00 0.00 
6.79 6.93 6.95 7.02 7.10 7.18 7.20 7.29 7.40 7.44 7.55 7.74 7.95 7.92 8.08 8.17 8.30 8.37 0.00 0.00 0.00 0.00 0.00 0.00 0.00 0.00 0.00 
6.86 7.00 7.10 7.19 7.27 7.32 7.33 7.44 7.64 7.61 7.67 7.85 8.10 8.16 0.00 0.00 0.00 0.00 0.00 0.00 0.00 0.00 0.00 0.00 0.00 0.00 0.00 
6.95 7.08 7.19 7.30 7.32 7.34 7.43 7.61 7.75 7.85 7.97 8.00 8.18 8.24 8.26 0.00 0.00 0.00 0.00 0.00 0.00 0.00 0.00 0.00 0.00 0.00 0.00 
