2016_CCC_ARR_IFD/catchment_depth_60min_00500aep.txt.asc
ncols         27
nrows         23
xllcorner     150.975
yllcorner     -33.6
cellsize      0.025
NODATA_value  -9999
73.2 73.1 74.4 75.4 75.4 75.4 76.1 77.7 79.5 82.0 84.2 85.6 86.9 88.2 89.6 90.8 92.6 93.9 95.4 96.8 98.1 99.4 101 102 102 103 105 
73.8 74.1 74.7 75.9 76.6 77.1 77.6 79.1 81.1 83.6 85.5 86.7 88.1 89.5 90.6 92.6 93.6 95.3 96.8 98.1 99.4 101 102 103 104 105 105 
73.3 74.5 75.8 76.4 76.9 77.9 79.0 80.3 82.9 84.8 86.5 88.0 89.5 91.1 92.2 93.2 95.5 96.9 98.2 99.5 101 102 103 104 105 106 106 
74.3 74.7 76.3 75.4 76.6 77.9 80.5 81.6 83.4 85.7 87.6 89.3 90.9 92.6 93.9 95.9 97.3 98.6 99.8 101 102 103 104 105 106 107 107 
74.3 74.7 76.4 75.4 77.3 79.0 81.0 82.9 85.3 87.4 89.0 90.8 92.5 94.7 96.0 97.9 99.3 100 101 102 103 104 105 106 107 107 108 
73.9 75.8 76.1 75.3 78.5 79.4 81.0 83.3 86.5 88.6 90.4 92.5 94.6 96.6 98.2 99.5 101 102 103 104 104 105 106 107 108 108 109 
73.7 75.0 75.2 76.3 79.2 79.9 82.3 84.8 87.6 89.8 91.9 94.2 96.0 97.8 100 101 103 104 105 105 106 106 107 108 109 109 110 
74.0 75.9 77.4 79.0 80.7 80.7 83.5 86.5 89.0 91.1 93.2 95.4 98.1 100 102 103 104 105 106 107 107 108 108 109 109 110 0.00 
74.5 76.8 77.8 80.0 80.8 82.2 84.0 87.9 89.9 92.3 94.3 96.9 99.6 102 103 105 106 107 108 108 108 109 109 109 110 110 0.00 
75.1 76.1 78.4 79.8 81.8 82.9 84.6 87.7 90.3 93.5 95.8 97.8 99.6 103 104 106 106 108 109 109 109 109 110 110 0.00 0.00 0.00 
75.2 76.5 78.0 79.1 82.4 83.4 85.8 89.0 91.7 94.4 96.4 98.5 101 102 105 106 108 109 110 110 110 110 110 111 111 0.00 0.00 
75.1 76.4 78.3 80.5 83.2 84.0 85.7 89.6 92.7 94.9 97.6 99.5 101 103 105 107 108 109 109 110 110 110 111 0.00 0.00 0.00 0.00 
75.3 77.1 79.0 81.3 83.2 84.3 85.7 90.1 92.9 94.5 97.6 99.5 101 103 105 107 108 109 109 110 110 110 0.00 0.00 0.00 0.00 0.00 
75.4 77.0 78.6 81.2 82.7 84.2 86.2 89.8 92.5 94.5 97.2 99.1 101 103 105 107 108 109 110 109 110 110 0.00 0.00 0.00 0.00 0.00 
75.1 76.6 78.2 80.7 83.0 85.0 86.0 88.7 92.4 93.9 96.4 99.0 101 103 104 106 108 109 110 110 110 0.00 0.00 0.00 0.00 0.00 0.00 
75.6 76.7 78.1 80.5 83.2 84.7 85.8 88.3 90.8 93.9 95.7 98.0 100 102 104 106 107 108 109 109 110 0.00 0.00 0.00 0.00 0.00 0.00 
75.8 76.9 78.1 79.9 82.0 85.2 86.6 87.0 91.2 93.5 94.9 96.6 99.6 101 102 104 105 107 107 107 0.00 0.00 0.00 0.00 0.00 0.00 0.00 
75.8 77.1 78.5 79.5 81.5 83.5 84.9 86.8 90.9 92.5 93.5 96.8 98.7 99.7 99.9 103 105 106 106 0.00 0.00 0.00 0.00 0.00 0.00 0.00 0.00 
75.9 77.4 79.4 81.0 82.9 84.9 84.9 87.9 90.7 91.2 93.2 95.2 97.5 97.1 98.5 100 102 104 105 0.00 0.00 0.00 0.00 0.00 0.00 0.00 0.00 
76.0 77.9 79.8 81.6 82.9 83.6 85.6 85.5 87.2 90.4 91.9 94.8 96.5 95.5 96.8 99.9 102 103 104 0.00 0.00 0.00 0.00 0.00 0.00 0.00 0.00 
76.4 78.9 79.6 81.0 82.3 83.9 84.1 85.9 87.9 87.4 89.1 92.3 95.4 94.0 96.6 97.8 99.7 101 0.00 0.00 0.00 0.00 0.00 0.00 0.00 0.00 0.00 
76.4 79.2 80.8 82.3 83.8 84.7 84.7 86.5 89.4 88.8 88.7 91.4 94.9 95.4 0.00 0.00 0.00 0.00 0.00 0.00 0.00 0.00 0.00 0.00 0.00 0.00 0.00 
76.8 79.3 81.2 83.0 83.4 82.8 84.3 87.4 89.1 90.1 91.3 90.7 93.3 93.2 92.3 0.00 0.00 0.00 0.00 0.00 0.00 0.00 0.00 0.00 0.00 0.00 0.00 
