2016_CCC_ARR_IFD/catchment_depth_30min_63212aep.txt.asc
ncols         27
nrows         23
xllcorner     150.975
yllcorner     -33.6
cellsize      0.025
NODATA_value  -9999
17.2 17.2 17.3 17.4 17.3 17.1 17.1 17.3 17.5 17.8 18.2 18.4 18.5 18.8 18.9 19.1 19.0 19.2 19.4 19.6 19.8 20.0 20.1 20.3 20.5 20.6 20.8 
17.4 17.4 17.4 17.5 17.5 17.5 17.4 17.5 17.8 18.1 18.5 18.8 18.8 18.9 19.1 19.0 19.2 19.4 19.6 19.8 19.9 20.1 20.3 20.4 20.6 20.7 20.9 
17.4 17.4 17.6 17.6 17.6 17.6 17.7 17.7 18.1 18.3 18.6 18.8 18.8 18.8 19.2 19.4 19.4 19.5 19.7 19.9 20.1 20.3 20.4 20.6 20.7 20.9 21.0 
17.5 17.5 17.7 17.6 17.6 17.7 17.9 18.0 18.1 18.4 18.6 18.7 18.9 19.0 19.3 19.3 19.5 19.7 19.9 20.1 20.3 20.4 20.6 20.7 20.9 21.0 21.1 
17.6 17.6 17.7 17.7 17.8 17.9 18.0 18.2 18.4 18.8 18.8 18.7 19.1 19.1 19.3 19.4 19.6 19.8 20.1 20.2 20.4 20.6 20.7 20.9 21.0 21.1 21.3 
17.6 17.8 17.8 17.8 18.0 18.0 18.1 18.2 18.6 18.9 18.8 18.9 19.1 19.2 19.4 19.6 19.8 20.0 20.2 20.4 20.6 20.7 20.9 21.0 21.1 21.2 21.4 
17.6 17.7 17.8 17.9 18.1 18.1 18.3 18.5 18.8 19.1 19.0 19.1 19.1 19.5 19.5 19.7 19.9 20.1 20.4 20.6 20.7 20.9 21.0 21.1 21.2 21.4 21.5 
17.7 17.9 18.0 18.1 18.3 18.2 18.4 18.8 19.0 19.3 19.2 19.1 19.2 19.4 19.7 19.9 20.1 20.3 20.5 20.7 20.9 21.0 21.1 21.2 21.3 21.5 0.00 
17.7 17.9 18.1 18.3 18.3 18.4 18.5 19.0 19.1 19.5 19.7 19.4 19.4 19.5 19.8 20.0 20.2 20.5 20.7 20.8 21.0 21.1 21.2 21.3 21.4 21.6 0.00 
17.8 17.9 18.1 18.3 18.5 18.5 18.5 18.8 19.0 19.6 19.8 19.8 20.0 19.7 19.9 20.1 20.4 20.6 20.8 21.0 21.1 21.2 21.3 21.4 0.00 0.00 0.00 
17.8 17.9 18.1 18.2 18.5 18.5 18.7 19.1 19.4 19.9 20.1 19.7 19.7 20.2 20.1 20.2 20.4 20.7 20.9 21.0 21.2 21.3 21.4 21.5 21.6 0.00 0.00 
17.9 18.0 18.1 18.4 18.7 18.6 18.7 19.2 19.7 19.8 20.3 20.3 19.9 20.0 20.2 20.3 20.5 20.7 20.9 21.1 21.2 21.4 21.5 0.00 0.00 0.00 0.00 
17.9 18.0 18.2 18.5 18.7 18.7 18.7 19.3 19.7 19.6 20.2 20.3 20.5 20.0 20.2 20.3 20.5 20.8 21.0 21.1 21.3 21.4 0.00 0.00 0.00 0.00 0.00 
17.9 18.1 18.2 18.5 18.6 18.7 18.8 19.3 19.6 19.6 20.0 20.0 20.6 20.3 20.3 20.4 20.6 20.9 21.0 21.2 21.3 21.5 0.00 0.00 0.00 0.00 0.00 
18.0 18.1 18.2 18.4 18.7 18.9 18.8 19.1 19.6 19.5 19.8 20.2 20.5 20.3 20.2 20.4 20.7 20.9 21.1 21.3 21.5 0.00 0.00 0.00 0.00 0.00 0.00 
18.0 18.1 18.3 18.5 18.8 18.9 18.9 19.1 19.3 19.7 19.8 20.0 20.5 20.3 20.2 20.5 20.8 20.9 21.1 21.3 21.6 0.00 0.00 0.00 0.00 0.00 0.00 
18.1 18.2 18.3 18.5 18.7 19.0 19.1 19.1 19.5 19.8 19.8 19.9 20.4 20.3 20.3 20.6 20.8 21.0 21.2 21.4 0.00 0.00 0.00 0.00 0.00 0.00 0.00 
18.1 18.2 18.4 18.5 18.7 18.9 19.0 19.2 19.7 19.8 19.8 20.3 20.4 20.4 20.5 20.7 20.9 21.1 21.3 0.00 0.00 0.00 0.00 0.00 0.00 0.00 0.00 
18.3 18.4 18.6 18.8 19.0 19.2 19.1 19.4 19.8 19.7 19.9 20.2 20.5 20.4 20.6 20.8 21.0 21.3 21.5 0.00 0.00 0.00 0.00 0.00 0.00 0.00 0.00 
18.4 18.5 18.7 18.9 19.1 19.1 19.3 19.3 19.5 19.8 20.0 20.4 20.6 20.6 20.8 21.1 21.3 21.5 21.7 0.00 0.00 0.00 0.00 0.00 0.00 0.00 0.00 
18.5 18.7 18.8 19.0 19.1 19.3 19.4 19.5 19.7 19.8 20.0 20.4 20.8 20.8 21.0 21.2 21.5 21.6 0.00 0.00 0.00 0.00 0.00 0.00 0.00 0.00 0.00 
18.7 18.9 19.1 19.3 19.4 19.5 19.6 19.8 20.2 20.1 20.3 20.6 21.1 21.2 0.00 0.00 0.00 0.00 0.00 0.00 0.00 0.00 0.00 0.00 0.00 0.00 0.00 
18.8 19.0 19.2 19.5 19.5 19.6 19.8 20.1 20.4 20.6 20.8 20.9 21.3 21.4 21.4 0.00 0.00 0.00 0.00 0.00 0.00 0.00 0.00 0.00 0.00 0.00 0.00 
