2016_CCC_ARR_IFD/catchment_depth_8640min_18127aep.txt.asc
ncols         27
nrows         23
xllcorner     150.975
yllcorner     -33.6
cellsize      0.025
NODATA_value  -9999
186 183 194 199 192 184 180 187 195 209 226 231 229 245 246 252 240 225 228 232 233 239 244 243 242 243 242 
195 194 196 202 201 197 191 194 204 220 237 251 245 245 256 237 232 227 228 231 235 238 241 242 243 243 243 
190 198 207 206 202 202 200 201 217 226 237 245 241 234 252 261 247 239 235 233 236 238 240 242 244 245 245 
201 201 210 196 198 199 212 209 212 224 234 235 240 241 252 242 244 236 237 236 240 241 242 244 245 247 252 
203 201 210 197 203 207 213 216 228 243 236 228 245 236 248 240 248 240 241 244 244 244 244 246 247 250 251 
199 212 208 198 212 209 208 214 233 247 236 238 239 241 248 238 246 249 251 244 245 246 247 247 250 254 251 
193 204 200 203 217 210 217 224 238 253 244 241 233 255 250 239 246 253 252 249 248 249 250 250 253 257 261 
193 211 218 222 227 212 224 238 248 260 247 237 243 248 257 254 249 249 251 250 250 252 252 250 252 253 0.00 
199 218 219 229 225 223 222 248 248 264 268 256 251 250 257 254 252 252 252 253 254 252 252 252 253 253 0.00 
205 207 222 224 231 225 224 238 243 268 271 268 274 260 256 261 253 254 255 257 257 255 254 255 0.00 0.00 0.00 
205 209 214 211 234 228 234 250 259 277 284 266 264 279 271 271 261 259 258 258 257 257 258 259 259 0.00 0.00 
199 205 217 227 241 232 230 255 272 271 288 287 271 273 274 274 273 266 261 261 260 260 261 0.00 0.00 0.00 0.00 
203 214 223 235 240 234 230 260 272 265 285 286 292 272 275 273 270 272 266 264 264 263 0.00 0.00 0.00 0.00 0.00 
205 212 217 233 233 234 237 257 267 267 281 278 295 284 281 278 280 282 274 268 268 265 0.00 0.00 0.00 0.00 0.00 
200 207 213 228 238 244 237 248 269 264 272 284 293 284 281 282 284 286 285 275 278 0.00 0.00 0.00 0.00 0.00 0.00 
210 210 213 227 243 243 239 248 257 270 271 278 292 285 284 286 289 281 282 276 291 0.00 0.00 0.00 0.00 0.00 0.00 
215 216 215 221 232 251 250 242 265 273 271 272 286 285 285 286 284 283 276 274 0.00 0.00 0.00 0.00 0.00 0.00 0.00 
216 221 222 221 230 237 240 246 269 270 267 283 287 282 278 284 286 283 276 0.00 0.00 0.00 0.00 0.00 0.00 0.00 0.00 
216 223 234 239 247 254 245 259 272 266 271 276 283 272 274 277 280 282 281 0.00 0.00 0.00 0.00 0.00 0.00 0.00 0.00 
218 229 240 248 250 247 255 247 252 266 269 280 283 268 269 279 284 285 284 0.00 0.00 0.00 0.00 0.00 0.00 0.00 0.00 
226 242 240 244 248 254 249 255 262 252 256 269 281 264 273 272 276 275 0.00 0.00 0.00 0.00 0.00 0.00 0.00 0.00 0.00 
229 247 254 261 265 264 258 264 278 267 258 268 284 279 0.00 0.00 0.00 0.00 0.00 0.00 0.00 0.00 0.00 0.00 0.00 0.00 0.00 
235 251 261 270 265 255 260 275 281 280 281 268 279 269 256 0.00 0.00 0.00 0.00 0.00 0.00 0.00 0.00 0.00 0.00 0.00 0.00 
