2016_CCC_ARR_IFD/catchment_depth_2880min_00500aep.txt.asc
ncols         27
nrows         23
xllcorner     150.975
yllcorner     -33.6
cellsize      0.025
NODATA_value  -9999
319 318 334 344 336 325 321 335 349 373 401 410 411 435 440 450 439 426 435 444 449 458 467 466 465 464 463 
332 333 338 349 349 346 338 346 364 390 417 438 434 436 454 434 431 429 434 442 450 456 460 462 462 462 462 
326 340 354 355 352 353 354 357 384 399 418 431 429 423 450 464 449 443 442 443 449 453 455 458 462 462 462 
343 345 361 342 347 351 372 370 377 397 415 419 429 434 451 441 446 439 443 445 452 454 456 459 460 463 470 
346 346 362 345 356 364 375 382 401 425 419 410 437 427 447 438 451 443 447 453 454 455 455 458 460 465 466 
342 363 359 347 371 368 368 381 410 432 420 425 429 434 447 433 449 455 459 451 453 455 457 457 462 468 463 
335 352 349 355 379 370 383 396 418 443 432 430 420 456 449 434 447 459 459 455 455 457 458 458 463 469 475 
334 364 375 385 394 374 395 418 436 454 438 424 434 444 459 456 449 450 455 454 453 457 458 455 457 460 0.00 
345 373 379 396 392 391 392 434 438 462 472 454 446 445 458 454 451 452 453 455 457 454 454 454 456 456 0.00 
354 358 383 390 402 395 394 418 428 470 477 474 485 461 454 463 451 453 455 459 458 455 454 455 0.00 0.00 0.00 
354 362 372 369 408 399 411 438 454 485 498 470 466 492 477 478 461 457 456 457 456 455 457 459 459 0.00 0.00 
347 358 376 394 418 406 404 446 476 476 506 505 476 478 480 479 477 466 459 458 458 457 459 0.00 0.00 0.00 0.00 
353 371 387 407 416 409 404 454 475 463 499 500 511 473 477 474 469 472 463 460 460 459 0.00 0.00 0.00 0.00 0.00 
356 370 379 404 406 408 415 449 465 466 489 483 513 493 486 480 482 487 474 465 465 461 0.00 0.00 0.00 0.00 0.00 
350 362 372 396 413 425 415 433 468 459 471 492 508 489 480 482 486 490 489 474 478 0.00 0.00 0.00 0.00 0.00 0.00 
367 367 373 396 421 423 417 432 445 468 467 480 503 489 482 486 493 479 482 473 498 0.00 0.00 0.00 0.00 0.00 0.00 
375 378 376 387 405 435 434 420 457 471 467 466 490 484 480 482 480 479 470 466 0.00 0.00 0.00 0.00 0.00 0.00 0.00 
377 385 388 388 402 414 417 427 464 464 458 484 489 477 468 478 482 479 468 0.00 0.00 0.00 0.00 0.00 0.00 0.00 0.00 
378 389 407 416 428 439 425 447 467 457 463 471 481 459 460 466 471 475 474 0.00 0.00 0.00 0.00 0.00 0.00 0.00 0.00 
382 399 416 429 431 428 440 426 434 456 458 475 478 453 453 470 477 479 478 0.00 0.00 0.00 0.00 0.00 0.00 0.00 0.00 
395 419 417 423 430 438 429 439 448 431 436 456 474 445 458 457 464 460 0.00 0.00 0.00 0.00 0.00 0.00 0.00 0.00 0.00 
400 426 438 448 453 452 442 451 470 453 439 452 477 469 0.00 0.00 0.00 0.00 0.00 0.00 0.00 0.00 0.00 0.00 0.00 0.00 0.00 
411 434 448 460 453 438 444 465 473 471 472 451 466 451 430 0.00 0.00 0.00 0.00 0.00 0.00 0.00 0.00 0.00 0.00 0.00 0.00 
