2016_CCC_ARR_IFD/catchment_depth_10080min_86466aep.txt.asc
ncols         27
nrows         23
xllcorner     150.975
yllcorner     -33.6
cellsize      0.025
NODATA_value  -9999
89.2 87.9 93.0 95.5 92.2 88.2 86.1 89.4 92.4 98.8 107 109 107 115 115 117 109 100 102 103 104 107 109 109 109 110 111 
93.3 93.0 93.9 96.8 96.1 94.3 91.1 92.5 96.9 104 112 119 115 114 120 108 104 102 102 104 105 107 108 109 110 111 112 
90.3 94.5 98.7 98.4 96.4 96.3 95.4 95.5 103 107 112 115 113 108 117 121 112 107 105 105 106 108 109 110 111 112 113 
95.7 95.7 100 93.3 94.2 94.8 101 99.1 100 106 111 110 112 112 117 110 110 106 107 107 108 109 110 111 112 114 116 
95.9 95.4 99.9 93.3 96.4 98.3 101 102 108 115 111 106 114 108 114 109 112 108 109 110 111 111 111 113 114 116 116 
93.6 100 98.4 93.2 100 98.5 97.6 101 110 117 110 110 110 110 114 108 112 113 114 111 112 113 113 114 116 118 117 
90.3 95.7 94.0 95.3 102 98.3 102 105 112 120 114 112 107 118 114 109 112 115 115 114 114 114 115 116 117 119 121 
89.6 98.9 102 104 107 98.9 105 112 117 122 115 109 112 114 118 116 114 114 115 115 115 116 117 116 117 118 0.00 
92.5 101 102 107 105 104 104 116 116 123 125 118 116 115 118 117 116 116 116 117 117 117 117 117 118 118 0.00 
95.0 95.7 103 104 107 105 104 110 113 124 125 124 127 120 118 120 117 118 118 119 119 118 119 119 0.00 0.00 0.00 
94.4 96.2 98.8 97.2 109 105 108 116 120 128 131 123 122 129 125 125 121 120 120 120 120 120 121 121 122 0.00 0.00 
91.3 94.2 99.6 105 111 107 106 118 125 125 132 132 125 126 127 127 126 124 122 122 122 122 122 0.00 0.00 0.00 0.00 
92.5 97.9 102 108 110 108 106 120 125 122 131 131 134 126 127 127 125 126 124 123 123 123 0.00 0.00 0.00 0.00 0.00 
93.0 96.7 99.0 106 107 107 109 118 123 123 129 128 135 131 130 129 130 131 128 125 126 125 0.00 0.00 0.00 0.00 0.00 
90.6 93.9 96.7 104 108 111 109 114 124 122 125 131 135 131 130 131 132 133 133 129 130 0.00 0.00 0.00 0.00 0.00 0.00 
94.7 94.9 96.4 103 110 111 110 114 118 124 125 129 135 132 132 133 135 131 132 130 136 0.00 0.00 0.00 0.00 0.00 0.00 
96.4 97.1 97.0 100 105 114 114 112 122 126 126 127 133 132 133 133 133 132 130 129 0.00 0.00 0.00 0.00 0.00 0.00 0.00 
96.4 98.7 99.8 100 105 108 110 113 123 125 124 131 133 132 130 133 134 133 130 0.00 0.00 0.00 0.00 0.00 0.00 0.00 0.00 
96.1 99.3 105 107 111 115 112 119 125 123 126 129 132 128 128 130 132 133 132 0.00 0.00 0.00 0.00 0.00 0.00 0.00 0.00 
96.8 102 107 111 112 112 116 114 117 124 125 130 132 126 126 131 134 134 134 0.00 0.00 0.00 0.00 0.00 0.00 0.00 0.00 
99.7 107 107 109 112 115 114 118 121 118 120 126 132 124 128 128 130 130 0.00 0.00 0.00 0.00 0.00 0.00 0.00 0.00 0.00 
101 108 112 115 118 119 117 121 127 124 121 126 133 131 0.00 0.00 0.00 0.00 0.00 0.00 0.00 0.00 0.00 0.00 0.00 0.00 0.00 
103 110 115 119 118 115 119 125 129 129 131 126 131 127 122 0.00 0.00 0.00 0.00 0.00 0.00 0.00 0.00 0.00 0.00 0.00 0.00 
