2016_CCC_ARR_IFD/catchment_depth_1080min_20000aep.txt.asc
ncols         27
nrows         23
xllcorner     150.975
yllcorner     -33.6
cellsize      0.025
NODATA_value  -9999
92.4 92.1 96.2 98.7 97.0 94.9 94.3 97.6 101 107 113 116 116 122 123 125 122 117 119 121 122 125 127 127 128 128 129 
95.5 96.0 97.3 100 100 99.9 98.5 101 105 111 118 123 122 122 127 121 119 119 120 121 123 125 126 127 128 129 129 
94.1 97.5 101 102 101 102 102 103 110 114 118 122 121 119 126 130 125 122 122 122 124 126 127 128 129 130 130 
98.1 98.9 103 98.9 100 102 107 107 109 114 118 119 121 122 127 123 124 122 123 124 126 127 128 129 130 131 133 
98.8 99.2 103 99.5 103 105 108 110 115 121 119 117 124 121 126 123 126 124 125 127 128 128 129 130 131 133 133 
97.8 103 103 100 106 106 106 109 117 123 120 121 122 123 126 123 126 128 129 128 129 130 131 131 133 134 134 
96.1 101 100 102 108 106 110 113 120 126 123 122 120 129 127 124 127 130 131 131 131 132 132 133 134 136 137 
96.2 103 107 109 112 107 113 119 124 129 125 121 124 127 130 130 129 130 132 132 132 133 134 133 134 135 0.00 
98.6 106 108 112 112 112 112 123 124 131 133 129 127 128 131 131 131 132 133 134 134 134 134 134 135 135 0.00 
101 102 109 111 114 113 113 119 122 133 135 134 137 132 131 133 132 134 135 136 136 135 135 135 0.00 0.00 0.00 
101 103 106 106 116 114 117 124 129 137 140 133 133 140 136 137 135 135 136 136 136 136 136 137 137 0.00 0.00 
99.3 102 107 112 118 116 116 126 134 135 142 143 136 137 138 138 138 137 136 136 136 137 137 0.00 0.00 0.00 0.00 
101 105 110 115 118 117 116 129 134 132 141 142 145 136 137 137 137 139 137 137 137 137 0.00 0.00 0.00 0.00 0.00 
101 105 108 114 115 117 119 128 132 133 139 138 145 141 140 138 140 142 139 138 138 138 0.00 0.00 0.00 0.00 0.00 
100 103 106 113 117 121 119 124 133 131 135 140 145 140 138 139 141 143 143 140 142 0.00 0.00 0.00 0.00 0.00 0.00 
104 105 107 113 119 120 120 124 128 134 134 138 144 140 138 140 143 140 141 140 146 0.00 0.00 0.00 0.00 0.00 0.00 
105 107 108 111 116 123 124 122 131 135 134 134 141 139 137 139 139 140 138 138 0.00 0.00 0.00 0.00 0.00 0.00 0.00 
106 108 110 111 115 119 121 124 133 134 133 140 141 138 135 138 140 140 138 0.00 0.00 0.00 0.00 0.00 0.00 0.00 0.00 
107 110 115 118 121 125 123 129 134 133 135 137 140 133 134 135 138 139 140 0.00 0.00 0.00 0.00 0.00 0.00 0.00 0.00 
108 112 117 121 123 123 127 124 127 133 134 139 140 132 132 138 140 141 141 0.00 0.00 0.00 0.00 0.00 0.00 0.00 0.00 
111 117 118 120 122 125 125 128 131 127 129 134 139 131 135 135 137 136 0.00 0.00 0.00 0.00 0.00 0.00 0.00 0.00 0.00 
112 119 123 126 128 129 128 131 137 134 130 134 141 139 0.00 0.00 0.00 0.00 0.00 0.00 0.00 0.00 0.00 0.00 0.00 0.00 0.00 
115 121 125 129 128 126 129 135 137 138 139 134 138 134 128 0.00 0.00 0.00 0.00 0.00 0.00 0.00 0.00 0.00 0.00 0.00 0.00 
