2016_CCC_ARR_IFD/catchment_depth_2min_63212aep.txt.asc
ncols         27
nrows         23
xllcorner     150.975
yllcorner     -33.6
cellsize      0.025
NODATA_value  -9999
3.04 3.02 3.04 3.05 3.03 3.01 3.01 3.04 3.08 3.14 3.21 3.24 3.25 3.31 3.33 3.36 3.35 3.40 3.44 3.47 3.51 3.54 3.56 3.60 3.64 3.67 3.69 
3.05 3.05 3.05 3.07 3.07 3.07 3.06 3.08 3.12 3.19 3.25 3.30 3.31 3.32 3.36 3.34 3.37 3.43 3.48 3.52 3.55 3.58 3.61 3.64 3.67 3.69 3.72 
3.05 3.06 3.08 3.09 3.09 3.09 3.10 3.12 3.18 3.22 3.27 3.30 3.31 3.31 3.37 3.41 3.40 3.43 3.50 3.56 3.59 3.62 3.65 3.67 3.69 3.72 3.74 
3.07 3.08 3.10 3.08 3.09 3.11 3.15 3.16 3.18 3.23 3.28 3.29 3.32 3.35 3.39 3.39 3.43 3.50 3.55 3.60 3.62 3.65 3.68 3.70 3.72 3.74 3.76 
3.08 3.09 3.11 3.10 3.12 3.14 3.17 3.20 3.24 3.30 3.30 3.30 3.36 3.36 3.40 3.43 3.46 3.54 3.59 3.62 3.66 3.69 3.71 3.73 3.75 3.77 3.79 
3.09 3.11 3.12 3.12 3.15 3.16 3.18 3.21 3.27 3.33 3.32 3.34 3.36 3.39 3.43 3.50 3.52 3.56 3.60 3.68 3.71 3.73 3.75 3.76 3.78 3.79 3.81 
3.11 3.12 3.13 3.14 3.18 3.19 3.22 3.25 3.31 3.36 3.36 3.37 3.41 3.44 3.46 3.55 3.58 3.60 3.66 3.72 3.75 3.76 3.78 3.79 3.80 3.81 3.83 
3.12 3.14 3.16 3.19 3.21 3.22 3.25 3.30 3.35 3.40 3.38 3.40 3.43 3.46 3.49 3.55 3.63 3.69 3.72 3.76 3.78 3.79 3.80 3.81 3.83 3.84 0.00 
3.13 3.16 3.18 3.21 3.23 3.25 3.27 3.35 3.37 3.43 3.46 3.44 3.46 3.50 3.54 3.61 3.68 3.74 3.78 3.80 3.81 3.82 3.83 3.84 3.85 3.86 0.00 
3.15 3.17 3.20 3.22 3.25 3.27 3.29 3.34 3.37 3.46 3.49 3.50 3.53 3.52 3.59 3.63 3.73 3.79 3.83 3.84 3.84 3.85 3.85 3.85 0.00 0.00 0.00 
3.16 3.18 3.21 3.23 3.28 3.29 3.33 3.38 3.43 3.50 3.54 3.51 3.52 3.58 3.59 3.63 3.73 3.81 3.85 3.86 3.86 3.86 3.86 3.86 3.88 0.00 0.00 
3.18 3.20 3.22 3.26 3.30 3.31 3.34 3.41 3.48 3.50 3.58 3.59 3.55 3.58 3.62 3.66 3.71 3.79 3.84 3.86 3.87 3.88 3.88 0.00 0.00 0.00 0.00 
3.19 3.21 3.24 3.28 3.31 3.33 3.36 3.43 3.49 3.49 3.58 3.59 3.63 3.60 3.64 3.68 3.74 3.78 3.83 3.85 3.87 3.88 0.00 0.00 0.00 0.00 0.00 
3.20 3.22 3.25 3.29 3.32 3.35 3.38 3.44 3.49 3.51 3.57 3.58 3.65 3.63 3.65 3.68 3.73 3.77 3.82 3.85 3.87 3.89 0.00 0.00 0.00 0.00 0.00 
3.23 3.24 3.27 3.30 3.34 3.37 3.40 3.44 3.51 3.51 3.55 3.61 3.66 3.64 3.64 3.68 3.73 3.77 3.81 3.85 3.87 0.00 0.00 0.00 0.00 0.00 0.00 
3.22 3.25 3.28 3.31 3.36 3.39 3.42 3.45 3.49 3.54 3.56 3.60 3.67 3.65 3.64 3.69 3.75 3.78 3.82 3.85 3.88 0.00 0.00 0.00 0.00 0.00 0.00 
3.22 3.25 3.30 3.33 3.36 3.41 3.44 3.47 3.52 3.57 3.58 3.60 3.66 3.66 3.66 3.70 3.74 3.79 3.83 3.86 0.00 0.00 0.00 0.00 0.00 0.00 0.00 
3.24 3.26 3.30 3.35 3.38 3.42 3.46 3.49 3.55 3.58 3.60 3.66 3.69 3.68 3.70 3.73 3.77 3.80 3.84 0.00 0.00 0.00 0.00 0.00 0.00 0.00 0.00 
3.27 3.29 3.32 3.36 3.40 3.45 3.48 3.53 3.58 3.60 3.63 3.67 3.71 3.70 3.73 3.76 3.80 3.83 3.87 0.00 0.00 0.00 0.00 0.00 0.00 0.00 0.00 
3.30 3.31 3.35 3.39 3.42 3.46 3.51 3.54 3.58 3.63 3.66 3.71 3.75 3.74 3.77 3.81 3.85 3.88 3.91 0.00 0.00 0.00 0.00 0.00 0.00 0.00 0.00 
3.32 3.34 3.37 3.41 3.45 3.49 3.53 3.57 3.62 3.65 3.69 3.73 3.78 3.78 3.82 3.85 3.88 3.90 0.00 0.00 0.00 0.00 0.00 0.00 0.00 0.00 0.00 
3.34 3.36 3.40 3.44 3.47 3.52 3.56 3.61 3.66 3.70 3.73 3.78 3.83 3.86 0.00 0.00 0.00 0.00 0.00 0.00 0.00 0.00 0.00 0.00 0.00 0.00 0.00 
3.36 3.39 3.42 3.46 3.49 3.54 3.59 3.64 3.69 3.74 3.79 3.82 3.87 3.89 3.90 0.00 0.00 0.00 0.00 0.00 0.00 0.00 0.00 0.00 0.00 0.00 0.00 
