2016_CCC_ARR_IFD/catchment_depth_10080min_00050aep.txt.asc
ncols         27
nrows         23
xllcorner     150.975
yllcorner     -33.6
cellsize      0.025
NODATA_value  -9999
530 525 553 569 555 537 530 555 579 619 665 682 685 725 735 755 741 731 750 767 777 793 807 805 803 801 797 
554 554 561 579 578 572 560 574 604 648 694 732 724 729 760 733 735 741 754 769 783 793 798 800 801 799 798 
542 566 590 590 583 586 586 594 638 664 696 720 717 712 755 780 763 763 769 777 785 790 793 797 802 802 800 
573 575 601 567 575 583 618 615 628 661 692 700 719 731 760 752 765 761 773 779 791 794 797 800 801 805 817 
578 577 603 571 591 604 623 636 668 708 699 690 734 725 758 752 775 769 778 791 794 796 795 800 802 810 811 
569 605 599 575 615 610 612 634 682 719 704 715 725 738 761 746 774 788 797 788 792 796 798 799 807 816 806 
556 586 580 590 628 614 636 659 697 738 724 725 714 772 767 748 772 793 797 793 794 797 799 800 808 819 828 
556 606 625 641 656 621 656 696 725 757 734 716 737 756 783 782 774 778 790 790 790 797 800 794 799 802 0.00 
574 624 631 659 652 651 654 724 729 771 788 764 756 760 783 780 777 782 785 791 795 792 792 792 795 795 0.00 
590 596 639 648 668 657 657 698 717 787 801 797 816 784 777 794 776 782 787 796 796 792 792 794 0.00 0.00 0.00 
590 602 619 611 678 664 684 732 759 812 835 790 788 832 813 818 793 788 788 791 791 792 797 800 801 0.00 0.00 
575 593 626 656 697 675 673 744 795 797 849 849 804 812 818 820 819 803 793 793 794 794 798 0.00 0.00 0.00 0.00 
584 616 643 678 693 679 672 757 794 776 838 841 861 804 814 812 807 814 799 796 797 797 0.00 0.00 0.00 0.00 0.00 
589 612 627 671 674 677 689 748 777 780 821 814 862 834 828 822 828 837 817 802 805 798 0.00 0.00 0.00 0.00 0.00 
576 597 614 656 686 704 687 719 780 767 790 827 853 827 820 826 833 841 840 817 825 0.00 0.00 0.00 0.00 0.00 0.00 
605 605 613 654 697 699 690 716 741 781 783 804 844 826 826 832 843 823 827 814 856 0.00 0.00 0.00 0.00 0.00 0.00 
617 621 618 637 665 719 717 696 760 783 778 783 823 818 824 827 821 820 806 800 0.00 0.00 0.00 0.00 0.00 0.00 0.00 
620 634 638 635 660 680 687 702 766 769 762 806 818 807 798 817 821 817 800 0.00 0.00 0.00 0.00 0.00 0.00 0.00 0.00 
619 639 669 683 703 723 696 735 771 754 767 783 803 775 780 789 800 807 807 0.00 0.00 0.00 0.00 0.00 0.00 0.00 0.00 
625 655 682 704 708 699 720 697 711 750 756 787 796 758 761 790 804 810 810 0.00 0.00 0.00 0.00 0.00 0.00 0.00 0.00 
644 688 683 693 702 715 700 717 733 707 717 752 786 740 764 765 779 776 0.00 0.00 0.00 0.00 0.00 0.00 0.00 0.00 0.00 
652 699 717 734 743 740 721 737 772 741 719 744 789 776 0.00 0.00 0.00 0.00 0.00 0.00 0.00 0.00 0.00 0.00 0.00 0.00 0.00 
669 709 735 757 742 715 725 763 776 773 775 740 768 743 712 0.00 0.00 0.00 0.00 0.00 0.00 0.00 0.00 0.00 0.00 0.00 0.00 
