2016_CCC_ARR_IFD/catchment_depth_15min_99752aep.txt.asc
ncols         27
nrows         23
xllcorner     150.975
yllcorner     -33.6
cellsize      0.025
NODATA_value  -9999
5.27 5.26 5.33 5.38 5.34 5.30 5.31 5.39 5.47 5.61 5.77 5.84 5.87 6.02 6.07 6.16 6.15 6.22 6.31 6.40 6.49 6.58 6.66 6.75 6.83 6.91 6.98 
5.34 5.34 5.37 5.42 5.44 5.43 5.42 5.47 5.58 5.73 5.89 6.02 6.02 6.06 6.18 6.13 6.20 6.28 6.37 6.46 6.55 6.64 6.72 6.80 6.88 6.96 7.03 
5.33 5.39 5.46 5.48 5.48 5.50 5.52 5.56 5.71 5.81 5.93 6.02 6.03 6.04 6.20 6.30 6.29 6.35 6.44 6.52 6.61 6.70 6.78 6.86 6.94 7.01 7.08 
5.41 5.43 5.51 5.45 5.49 5.53 5.64 5.65 5.71 5.83 5.95 5.99 6.07 6.13 6.25 6.26 6.34 6.41 6.50 6.59 6.68 6.76 6.84 6.92 6.99 7.06 7.14 
5.44 5.46 5.54 5.50 5.56 5.61 5.68 5.74 5.86 6.01 6.00 5.98 6.15 6.14 6.27 6.30 6.40 6.47 6.57 6.66 6.74 6.82 6.90 6.97 7.05 7.12 7.19 
5.44 5.54 5.55 5.54 5.64 5.66 5.68 5.76 5.93 6.08 6.03 6.09 6.14 6.21 6.31 6.34 6.45 6.54 6.64 6.72 6.81 6.89 6.96 7.03 7.10 7.18 7.24 
5.42 5.51 5.53 5.58 5.70 5.68 5.76 5.85 6.00 6.16 6.12 6.14 6.13 6.35 6.36 6.40 6.50 6.61 6.70 6.78 6.87 6.94 7.02 7.08 7.16 7.23 7.31 
5.43 5.57 5.64 5.71 5.78 5.71 5.84 5.99 6.12 6.25 6.17 6.12 6.21 6.30 6.43 6.48 6.56 6.65 6.75 6.84 6.92 7.00 7.07 7.13 7.20 7.27 0.00 
5.48 5.63 5.67 5.78 5.79 5.81 5.84 6.10 6.14 6.32 6.40 6.30 6.28 6.34 6.45 6.52 6.61 6.71 6.81 6.89 6.97 7.04 7.11 7.18 7.25 7.31 0.00 
5.52 5.56 5.70 5.76 5.85 5.83 5.86 6.01 6.09 6.38 6.45 6.45 6.55 6.43 6.48 6.59 6.66 6.77 6.86 6.95 7.02 7.09 7.16 7.24 0.00 0.00 0.00 
5.53 5.58 5.66 5.66 5.89 5.86 5.95 6.14 6.26 6.49 6.60 6.43 6.43 6.65 6.60 6.67 6.72 6.82 6.91 6.99 7.06 7.14 7.22 7.29 7.36 0.00 0.00 
5.50 5.57 5.68 5.80 5.96 5.91 5.92 6.19 6.41 6.43 6.67 6.69 6.52 6.58 6.64 6.71 6.79 6.86 6.94 7.03 7.11 7.18 7.26 0.00 0.00 0.00 0.00 
5.53 5.64 5.75 5.88 5.96 5.93 5.93 6.25 6.42 6.36 6.64 6.67 6.79 6.56 6.65 6.72 6.80 6.91 6.98 7.07 7.15 7.23 0.00 0.00 0.00 0.00 0.00 
5.55 5.64 5.71 5.88 5.91 5.94 6.00 6.23 6.36 6.39 6.58 6.57 6.82 6.72 6.72 6.76 6.87 6.98 7.04 7.11 7.20 7.27 0.00 0.00 0.00 0.00 0.00 
5.52 5.61 5.68 5.85 5.96 6.05 6.01 6.14 6.40 6.36 6.47 6.66 6.82 6.71 6.70 6.79 6.91 7.03 7.12 7.17 7.28 0.00 0.00 0.00 0.00 0.00 0.00 
5.65 5.66 5.71 5.86 6.03 6.06 6.05 6.15 6.26 6.44 6.47 6.59 6.82 6.74 6.72 6.84 7.00 7.03 7.14 7.22 7.38 0.00 0.00 0.00 0.00 0.00 0.00 
5.72 5.76 5.75 5.84 5.95 6.15 6.17 6.14 6.37 6.49 6.50 6.54 6.76 6.75 6.77 6.88 6.98 7.09 7.16 7.25 0.00 0.00 0.00 0.00 0.00 0.00 0.00 
5.76 5.83 5.85 5.87 5.97 6.05 6.11 6.19 6.44 6.48 6.49 6.71 6.81 6.78 6.83 6.95 7.06 7.15 7.22 0.00 0.00 0.00 0.00 0.00 0.00 0.00 0.00 
5.78 5.86 5.97 6.04 6.13 6.22 6.18 6.33 6.50 6.48 6.58 6.69 6.83 6.80 6.90 7.00 7.12 7.22 7.32 0.00 0.00 0.00 0.00 0.00 0.00 0.00 0.00 
5.84 5.93 6.04 6.14 6.18 6.19 6.29 6.29 6.37 6.53 6.61 6.80 6.90 6.88 6.98 7.12 7.24 7.34 7.42 0.00 0.00 0.00 0.00 0.00 0.00 0.00 0.00 
5.92 6.06 6.08 6.14 6.21 6.29 6.31 6.39 6.48 6.52 6.63 6.79 6.98 6.96 7.10 7.19 7.30 7.37 0.00 0.00 0.00 0.00 0.00 0.00 0.00 0.00 0.00 
5.99 6.12 6.21 6.29 6.37 6.41 6.42 6.52 6.70 6.68 6.73 6.89 7.11 7.17 0.00 0.00 0.00 0.00 0.00 0.00 0.00 0.00 0.00 0.00 0.00 0.00 0.00 
6.08 6.20 6.30 6.40 6.42 6.43 6.52 6.68 6.80 6.89 7.00 7.02 7.19 7.24 7.26 0.00 0.00 0.00 0.00 0.00 0.00 0.00 0.00 0.00 0.00 0.00 0.00 
