2016_CCC_ARR_IFD/catchment_depth_3min_86466aep.txt.asc
ncols         27
nrows         23
xllcorner     150.975
yllcorner     -33.6
cellsize      0.025
NODATA_value  -9999
3.27 3.25 3.28 3.30 3.28 3.25 3.26 3.29 3.33 3.41 3.50 3.53 3.55 3.62 3.64 3.68 3.68 3.74 3.79 3.83 3.88 3.91 3.95 3.99 4.03 4.07 4.11 
3.30 3.29 3.30 3.33 3.33 3.32 3.32 3.35 3.40 3.48 3.56 3.62 3.62 3.64 3.70 3.68 3.71 3.78 3.84 3.88 3.92 3.96 4.00 4.04 4.07 4.11 4.14 
3.30 3.32 3.35 3.35 3.35 3.36 3.38 3.40 3.47 3.52 3.58 3.63 3.64 3.64 3.72 3.76 3.76 3.80 3.88 3.93 3.97 4.01 4.05 4.08 4.11 4.14 4.17 
3.33 3.34 3.37 3.34 3.36 3.38 3.44 3.45 3.48 3.54 3.60 3.62 3.66 3.69 3.75 3.76 3.80 3.87 3.93 3.98 4.02 4.06 4.09 4.12 4.15 4.18 4.20 
3.35 3.35 3.39 3.37 3.40 3.43 3.47 3.50 3.56 3.64 3.64 3.63 3.71 3.72 3.77 3.80 3.85 3.93 3.98 4.02 4.07 4.11 4.13 4.16 4.19 4.21 4.24 
3.35 3.39 3.40 3.39 3.45 3.46 3.48 3.52 3.61 3.68 3.66 3.69 3.72 3.76 3.81 3.88 3.91 3.96 4.01 4.09 4.13 4.15 4.18 4.20 4.22 4.24 4.27 
3.36 3.39 3.40 3.43 3.48 3.49 3.53 3.58 3.65 3.73 3.72 3.73 3.76 3.83 3.85 3.94 3.98 4.01 4.07 4.14 4.18 4.20 4.22 4.24 4.26 4.28 4.30 
3.38 3.42 3.46 3.50 3.53 3.52 3.58 3.65 3.71 3.78 3.75 3.76 3.80 3.85 3.90 3.95 4.04 4.10 4.15 4.19 4.22 4.24 4.26 4.27 4.29 4.31 0.00 
3.40 3.45 3.48 3.53 3.55 3.57 3.59 3.71 3.74 3.82 3.86 3.83 3.84 3.89 3.94 4.01 4.09 4.16 4.21 4.24 4.26 4.28 4.29 4.30 4.32 4.34 0.00 
3.42 3.45 3.51 3.54 3.59 3.59 3.62 3.69 3.73 3.86 3.90 3.91 3.96 3.93 3.99 4.05 4.15 4.22 4.27 4.29 4.30 4.31 4.32 4.33 0.00 0.00 0.00 
3.44 3.47 3.50 3.52 3.61 3.62 3.67 3.76 3.82 3.92 3.98 3.92 3.93 4.02 4.03 4.07 4.17 4.25 4.30 4.32 4.33 4.34 4.35 4.35 4.37 0.00 0.00 
3.45 3.48 3.52 3.58 3.65 3.65 3.67 3.79 3.89 3.92 4.02 4.04 3.98 4.01 4.06 4.11 4.17 4.25 4.30 4.33 4.35 4.36 4.37 0.00 0.00 0.00 0.00 
3.46 3.51 3.56 3.62 3.66 3.67 3.69 3.83 3.91 3.90 4.02 4.04 4.10 4.03 4.08 4.13 4.19 4.25 4.30 4.33 4.36 4.38 0.00 0.00 0.00 0.00 0.00 
3.48 3.52 3.56 3.63 3.66 3.69 3.73 3.83 3.90 3.92 4.01 4.01 4.12 4.09 4.10 4.14 4.20 4.25 4.30 4.34 4.37 4.40 0.00 0.00 0.00 0.00 0.00 
3.49 3.52 3.56 3.63 3.69 3.74 3.75 3.81 3.92 3.92 3.98 4.06 4.13 4.09 4.09 4.15 4.21 4.26 4.31 4.35 4.39 0.00 0.00 0.00 0.00 0.00 0.00 
3.52 3.55 3.58 3.65 3.72 3.75 3.77 3.83 3.89 3.97 3.99 4.04 4.14 4.11 4.10 4.16 4.24 4.27 4.32 4.36 4.41 0.00 0.00 0.00 0.00 0.00 0.00 
3.55 3.58 3.61 3.65 3.71 3.80 3.83 3.84 3.94 4.00 4.01 4.03 4.13 4.12 4.12 4.17 4.23 4.28 4.33 4.37 0.00 0.00 0.00 0.00 0.00 0.00 0.00 
3.57 3.61 3.64 3.68 3.73 3.78 3.83 3.87 3.97 4.01 4.02 4.11 4.16 4.14 4.15 4.21 4.26 4.30 4.35 0.00 0.00 0.00 0.00 0.00 0.00 0.00 0.00 
3.60 3.63 3.69 3.74 3.79 3.84 3.86 3.93 4.01 4.02 4.07 4.12 4.18 4.16 4.20 4.24 4.29 4.34 4.39 0.00 0.00 0.00 0.00 0.00 0.00 0.00 0.00 
3.63 3.67 3.72 3.78 3.82 3.85 3.91 3.94 3.99 4.06 4.11 4.18 4.22 4.20 4.24 4.30 4.36 4.40 4.44 0.00 0.00 0.00 0.00 0.00 0.00 0.00 0.00 
3.67 3.72 3.75 3.79 3.84 3.89 3.93 3.99 4.04 4.07 4.12 4.19 4.27 4.25 4.31 4.34 4.39 4.42 0.00 0.00 0.00 0.00 0.00 0.00 0.00 0.00 0.00 
3.70 3.75 3.80 3.85 3.89 3.94 3.98 4.04 4.11 4.14 4.17 4.24 4.33 4.36 0.00 0.00 0.00 0.00 0.00 0.00 0.00 0.00 0.00 0.00 0.00 0.00 0.00 
3.73 3.78 3.83 3.89 3.92 3.96 4.01 4.09 4.16 4.21 4.27 4.30 4.37 4.39 4.39 0.00 0.00 0.00 0.00 0.00 0.00 0.00 0.00 0.00 0.00 0.00 0.00 
