2016_CCC_ARR_IFD/catchment_depth_120min_86466aep.txt.asc
ncols         27
nrows         23
xllcorner     150.975
yllcorner     -33.6
cellsize      0.025
NODATA_value  -9999
20.9 20.9 21.2 21.4 21.2 21.0 21.0 21.4 21.7 22.4 23.1 23.4 23.4 24.1 24.2 24.5 24.3 24.3 24.6 24.9 25.1 25.4 25.6 25.9 26.1 26.3 26.5 
21.2 21.2 21.3 21.5 21.6 21.5 21.5 21.7 22.1 22.8 23.5 24.0 24.0 24.1 24.6 24.1 24.2 24.6 24.9 25.1 25.4 25.7 25.9 26.1 26.3 26.5 26.7 
21.0 21.3 21.6 21.7 21.6 21.7 21.8 22.0 22.6 23.1 23.6 23.9 23.9 23.8 24.5 24.9 24.7 24.7 25.1 25.4 25.7 25.9 26.1 26.3 26.5 26.7 26.9 
21.3 21.4 21.7 21.4 21.6 21.8 22.3 22.3 22.5 23.1 23.6 23.7 24.0 24.2 24.6 24.5 24.7 25.1 25.4 25.7 26.0 26.2 26.4 26.6 26.8 26.9 27.2 
21.4 21.4 21.8 21.5 21.8 22.1 22.4 22.6 23.1 23.8 23.7 23.6 24.2 24.1 24.6 24.7 25.0 25.4 25.7 26.0 26.3 26.5 26.7 26.8 27.0 27.2 27.3 
21.3 21.7 21.7 21.6 22.1 22.2 22.3 22.7 23.4 24.0 23.8 24.0 24.1 24.4 24.7 25.1 25.3 25.6 26.0 26.4 26.6 26.8 26.9 27.0 27.2 27.4 27.5 
21.3 21.6 21.6 21.8 22.3 22.3 22.7 23.0 23.6 24.3 24.1 24.2 24.3 24.9 24.9 25.4 25.7 26.0 26.3 26.7 26.9 27.1 27.2 27.3 27.4 27.6 27.7 
21.3 21.8 22.1 22.4 22.7 22.5 23.0 23.6 24.1 24.6 24.3 24.2 24.6 24.9 25.2 25.6 26.1 26.5 26.8 27.0 27.2 27.3 27.4 27.4 27.6 27.7 0.00 
21.5 22.0 22.2 22.6 22.7 22.8 23.0 24.0 24.2 24.8 25.1 24.8 24.8 25.1 25.5 25.9 26.4 26.9 27.2 27.3 27.4 27.5 27.5 27.6 27.7 27.8 0.00 
21.7 21.8 22.3 22.6 23.0 23.0 23.2 23.7 24.0 25.1 25.3 25.3 25.7 25.4 25.8 26.1 26.7 27.2 27.5 27.6 27.6 27.6 27.7 27.7 0.00 0.00 0.00 
21.7 22.0 22.2 22.4 23.1 23.2 23.5 24.2 24.6 25.5 25.8 25.3 25.4 26.1 26.0 26.3 26.8 27.3 27.7 27.7 27.7 27.7 27.8 27.9 28.0 0.00 0.00 
21.7 22.0 22.4 22.8 23.4 23.4 23.5 24.4 25.2 25.3 26.1 26.2 25.7 25.9 26.2 26.5 26.8 27.3 27.5 27.7 27.8 27.8 27.9 0.00 0.00 0.00 0.00 
21.8 22.2 22.6 23.1 23.4 23.5 23.6 24.6 25.2 25.1 26.0 26.2 26.5 25.9 26.2 26.5 26.9 27.2 27.4 27.6 27.7 27.9 0.00 0.00 0.00 0.00 0.00 
21.9 22.2 22.5 23.1 23.3 23.6 23.9 24.6 25.1 25.3 25.9 25.9 26.7 26.4 26.4 26.5 26.9 27.2 27.4 27.6 27.8 27.9 0.00 0.00 0.00 0.00 0.00 
22.0 22.2 22.5 23.0 23.5 23.9 24.0 24.4 25.2 25.2 25.6 26.2 26.7 26.3 26.2 26.5 26.9 27.2 27.5 27.6 27.8 0.00 0.00 0.00 0.00 0.00 0.00 
22.1 22.4 22.7 23.1 23.7 24.0 24.1 24.5 24.9 25.5 25.6 26.0 26.7 26.4 26.2 26.5 27.1 27.1 27.4 27.6 28.2 0.00 0.00 0.00 0.00 0.00 0.00 
22.2 22.5 22.8 23.1 23.6 24.2 24.5 24.6 25.3 25.7 25.8 25.9 26.6 26.4 26.2 26.5 26.8 27.2 27.4 27.6 0.00 0.00 0.00 0.00 0.00 0.00 0.00 
22.3 22.6 23.0 23.3 23.7 24.1 24.4 24.8 25.5 25.8 25.8 26.5 26.7 26.5 26.4 26.7 27.1 27.3 27.5 0.00 0.00 0.00 0.00 0.00 0.00 0.00 0.00 
22.6 22.8 23.3 23.6 24.1 24.5 24.7 25.2 25.7 25.9 26.2 26.5 26.8 26.4 26.6 26.9 27.2 27.5 27.7 0.00 0.00 0.00 0.00 0.00 0.00 0.00 0.00 
22.8 23.1 23.5 23.9 24.2 24.5 25.0 25.2 25.6 26.1 26.4 26.8 27.1 26.7 26.8 27.3 27.6 27.9 28.1 0.00 0.00 0.00 0.00 0.00 0.00 0.00 0.00 
23.0 23.4 23.6 24.0 24.3 24.8 25.1 25.5 26.0 26.0 26.3 26.8 27.3 26.9 27.3 27.4 27.7 27.9 0.00 0.00 0.00 0.00 0.00 0.00 0.00 0.00 0.00 
23.2 23.6 24.0 24.3 24.7 25.0 25.3 25.8 26.3 26.6 26.7 27.1 27.6 27.7 0.00 0.00 0.00 0.00 0.00 0.00 0.00 0.00 0.00 0.00 0.00 0.00 0.00 
23.4 23.8 24.2 24.6 24.8 25.1 25.5 26.1 26.5 26.9 27.3 27.4 27.8 27.8 27.6 0.00 0.00 0.00 0.00 0.00 0.00 0.00 0.00 0.00 0.00 0.00 0.00 
