2016_CCC_ARR_IFD/catchment_depth_45min_95021aep.txt.asc
ncols         27
nrows         23
xllcorner     150.975
yllcorner     -33.6
cellsize      0.025
NODATA_value  -9999
12.7 12.7 12.8 13.0 12.8 12.7 12.7 12.9 13.1 13.4 13.8 13.9 14.0 14.3 14.4 14.5 14.4 14.5 14.6 14.8 14.9 15.1 15.2 15.4 15.5 15.7 15.8 
12.9 12.9 12.9 13.0 13.0 13.0 12.9 13.1 13.3 13.6 14.0 14.3 14.3 14.3 14.6 14.4 14.4 14.6 14.7 14.9 15.1 15.2 15.4 15.5 15.6 15.8 15.9 
12.8 12.9 13.1 13.1 13.1 13.1 13.2 13.2 13.6 13.8 14.0 14.2 14.2 14.2 14.6 14.8 14.7 14.7 14.9 15.0 15.2 15.3 15.5 15.6 15.7 15.9 16.0 
13.0 13.0 13.2 13.0 13.1 13.1 13.4 13.4 13.5 13.8 14.1 14.1 14.3 14.4 14.6 14.6 14.7 14.8 15.0 15.2 15.3 15.5 15.6 15.7 15.8 16.0 16.1 
13.0 13.0 13.2 13.1 13.2 13.3 13.5 13.6 13.9 14.2 14.1 14.0 14.4 14.3 14.6 14.6 14.8 15.0 15.1 15.3 15.5 15.6 15.7 15.8 15.9 16.1 16.2 
13.0 13.2 13.2 13.1 13.4 13.4 13.4 13.6 14.0 14.3 14.2 14.2 14.3 14.4 14.7 14.7 14.9 15.1 15.3 15.4 15.6 15.7 15.8 15.9 16.0 16.2 16.2 
13.0 13.1 13.1 13.2 13.5 13.4 13.6 13.8 14.1 14.5 14.3 14.3 14.3 14.7 14.7 14.9 15.0 15.2 15.4 15.6 15.7 15.8 15.9 16.0 16.1 16.2 16.4 
13.0 13.2 13.4 13.5 13.7 13.5 13.8 14.1 14.3 14.6 14.4 14.3 14.4 14.6 14.9 15.0 15.2 15.4 15.5 15.7 15.8 15.9 16.0 16.1 16.2 16.3 0.00 
13.1 13.3 13.4 13.6 13.6 13.7 13.7 14.3 14.4 14.7 14.9 14.7 14.6 14.7 14.9 15.1 15.3 15.5 15.7 15.8 15.9 16.0 16.1 16.2 16.3 16.4 0.00 
13.1 13.2 13.5 13.6 13.8 13.7 13.8 14.1 14.2 14.8 15.0 15.0 15.1 14.9 15.0 15.2 15.4 15.6 15.8 15.9 16.0 16.1 16.1 16.2 0.00 0.00 0.00 
13.2 13.3 13.4 13.4 13.8 13.8 14.0 14.3 14.6 15.1 15.3 14.9 14.9 15.3 15.2 15.3 15.5 15.7 15.9 15.9 16.0 16.1 16.2 16.3 16.4 0.00 0.00 
13.1 13.3 13.5 13.7 14.0 13.9 13.9 14.4 14.9 14.9 15.4 15.4 15.0 15.1 15.2 15.4 15.5 15.7 15.8 16.0 16.1 16.2 16.3 0.00 0.00 0.00 0.00 
13.2 13.4 13.6 13.8 14.0 13.9 13.9 14.6 14.9 14.7 15.3 15.4 15.6 15.1 15.2 15.4 15.5 15.7 15.8 16.0 16.1 16.2 0.00 0.00 0.00 0.00 0.00 
13.2 13.4 13.5 13.8 13.9 13.9 14.1 14.5 14.8 14.8 15.2 15.1 15.6 15.4 15.3 15.4 15.6 15.8 15.9 16.0 16.1 16.2 0.00 0.00 0.00 0.00 0.00 
13.2 13.3 13.5 13.7 14.0 14.1 14.1 14.3 14.8 14.7 14.9 15.3 15.6 15.3 15.2 15.4 15.6 15.8 16.0 16.0 16.2 0.00 0.00 0.00 0.00 0.00 0.00 
13.3 13.4 13.5 13.8 14.1 14.1 14.1 14.3 14.5 14.9 14.9 15.1 15.6 15.4 15.2 15.4 15.8 15.8 16.0 16.1 16.4 0.00 0.00 0.00 0.00 0.00 0.00 
13.4 13.5 13.6 13.7 13.9 14.3 14.3 14.3 14.7 15.0 15.0 15.0 15.4 15.4 15.3 15.5 15.7 15.9 16.0 16.1 0.00 0.00 0.00 0.00 0.00 0.00 0.00 
13.5 13.6 13.7 13.8 14.0 14.1 14.2 14.4 14.9 14.9 14.9 15.4 15.5 15.4 15.4 15.6 15.8 16.0 16.1 0.00 0.00 0.00 0.00 0.00 0.00 0.00 0.00 
13.5 13.7 13.9 14.0 14.2 14.4 14.4 14.6 15.0 14.9 15.1 15.3 15.5 15.4 15.6 15.7 15.9 16.1 16.3 0.00 0.00 0.00 0.00 0.00 0.00 0.00 0.00 
13.6 13.8 14.0 14.2 14.3 14.4 14.5 14.6 14.7 15.0 15.2 15.5 15.7 15.6 15.7 16.0 16.2 16.4 16.5 0.00 0.00 0.00 0.00 0.00 0.00 0.00 0.00 
13.8 14.0 14.1 14.2 14.3 14.5 14.6 14.7 14.9 15.0 15.2 15.5 15.8 15.7 16.0 16.1 16.3 16.4 0.00 0.00 0.00 0.00 0.00 0.00 0.00 0.00 0.00 
13.9 14.1 14.3 14.4 14.6 14.7 14.8 15.0 15.3 15.3 15.4 15.7 16.1 16.2 0.00 0.00 0.00 0.00 0.00 0.00 0.00 0.00 0.00 0.00 0.00 0.00 0.00 
14.0 14.2 14.4 14.6 14.7 14.7 14.9 15.2 15.5 15.7 15.9 15.9 16.2 16.3 16.3 0.00 0.00 0.00 0.00 0.00 0.00 0.00 0.00 0.00 0.00 0.00 0.00 
