2016_CCC_ARR_IFD/catchment_depth_720min_99752aep.txt.asc
ncols         27
nrows         23
xllcorner     150.975
yllcorner     -33.6
cellsize      0.025
NODATA_value  -9999
23.2 23.0 23.8 24.3 23.8 23.3 23.1 23.7 24.3 25.4 26.8 27.2 27.2 28.4 28.6 29.2 28.2 27.3 27.7 28.1 28.4 28.9 29.3 29.5 29.7 29.9 30.1 
23.8 23.8 24.0 24.5 24.5 24.3 23.9 24.3 25.1 26.3 27.7 28.8 28.5 28.5 29.4 27.9 27.5 27.6 27.9 28.3 28.7 29.1 29.4 29.7 29.9 30.1 30.4 
23.3 24.0 24.7 24.8 24.6 24.7 24.7 24.8 26.1 26.8 27.7 28.4 28.1 27.6 29.1 29.9 28.7 28.1 28.4 28.6 29.0 29.3 29.6 29.9 30.2 30.5 30.6 
24.1 24.2 25.0 24.0 24.3 24.5 25.5 25.4 25.7 26.6 27.5 27.6 28.0 28.2 29.1 28.3 28.4 28.4 28.8 29.0 29.5 29.7 30.0 30.3 30.5 30.8 31.3 
24.2 24.2 25.0 24.1 24.7 25.1 25.6 26.0 26.9 28.2 27.7 27.1 28.4 27.8 28.8 28.3 28.9 28.9 29.2 29.6 29.9 30.1 30.3 30.6 30.8 31.2 31.4 
23.9 24.9 24.8 24.1 25.3 25.2 25.2 25.8 27.3 28.5 27.7 27.9 28.0 28.2 28.8 28.6 29.1 29.5 29.9 30.1 30.3 30.6 30.8 30.9 31.3 31.6 31.6 
23.4 24.3 24.2 24.5 25.7 25.2 25.9 26.5 27.7 29.0 28.3 28.1 27.9 29.4 29.1 29.0 29.6 30.1 30.4 30.6 30.8 31.0 31.2 31.3 31.6 32.0 32.3 
23.3 24.8 25.4 25.9 26.4 25.4 26.4 27.6 28.5 29.5 28.5 28.0 28.5 29.0 29.7 29.8 30.1 30.4 30.8 31.0 31.2 31.4 31.6 31.5 31.7 31.9 0.00 
23.8 25.2 25.5 26.4 26.2 26.2 26.3 28.4 28.5 29.7 30.2 29.3 29.2 29.4 30.0 30.2 30.6 31.0 31.3 31.5 31.6 31.6 31.7 31.8 32.0 32.0 0.00 
24.2 24.4 25.6 26.0 26.6 26.4 26.4 27.6 28.1 30.1 30.4 30.3 30.8 30.1 30.2 30.8 30.9 31.4 31.8 32.0 32.0 31.9 32.0 32.2 0.00 0.00 0.00 
24.1 24.5 25.1 25.0 26.9 26.6 27.2 28.5 29.3 30.7 31.4 30.2 30.2 31.4 31.1 31.4 31.4 31.8 32.0 32.1 32.1 32.1 32.3 32.5 32.6 0.00 0.00 
23.7 24.3 25.2 26.2 27.3 26.9 27.0 28.8 30.3 30.3 31.7 31.8 30.8 31.1 31.4 31.6 31.9 32.0 32.1 32.2 32.2 32.3 32.5 0.00 0.00 0.00 0.00 
23.9 24.8 25.7 26.7 27.2 27.0 27.0 29.2 30.3 29.9 31.5 31.7 32.3 31.0 31.4 31.6 31.8 32.2 32.1 32.2 32.3 32.4 0.00 0.00 0.00 0.00 0.00 
24.0 24.7 25.3 26.6 26.8 27.1 27.6 29.1 30.0 30.2 31.3 31.2 32.5 32.0 31.9 31.8 32.2 32.6 32.4 32.3 32.5 32.5 0.00 0.00 0.00 0.00 0.00 
23.7 24.4 25.0 26.2 27.1 27.8 27.7 28.6 30.2 30.1 30.7 31.7 32.5 31.9 31.6 31.9 32.4 32.8 33.0 32.6 33.0 0.00 0.00 0.00 0.00 0.00 0.00 
24.3 24.5 25.0 26.2 27.5 27.8 27.9 28.7 29.5 30.6 30.8 31.4 32.5 32.1 31.7 32.1 32.8 32.3 32.7 32.6 33.8 0.00 0.00 0.00 0.00 0.00 0.00 
24.6 24.9 25.2 25.9 26.9 28.4 28.6 28.5 30.1 30.9 31.0 31.1 32.2 32.0 31.6 31.9 32.1 32.4 32.3 32.3 0.00 0.00 0.00 0.00 0.00 0.00 0.00 
24.7 25.2 25.7 26.0 26.9 27.7 28.2 28.9 30.5 30.9 30.9 32.0 32.4 31.9 31.4 32.0 32.4 32.5 32.2 0.00 0.00 0.00 0.00 0.00 0.00 0.00 0.00 
24.8 25.4 26.4 27.1 27.9 28.7 28.7 29.9 30.9 31.0 31.4 31.8 32.3 31.3 31.4 31.7 32.1 32.5 32.7 0.00 0.00 0.00 0.00 0.00 0.00 0.00 0.00 
25.1 25.9 26.8 27.7 28.1 28.5 29.4 29.4 30.1 31.3 31.6 32.2 32.5 31.3 31.3 32.3 32.8 33.0 33.1 0.00 0.00 0.00 0.00 0.00 0.00 0.00 0.00 
25.6 26.8 27.0 27.6 28.2 29.0 29.2 30.1 30.9 30.4 30.7 31.8 32.6 31.2 32.0 31.9 32.4 32.3 0.00 0.00 0.00 0.00 0.00 0.00 0.00 0.00 0.00 
25.9 27.1 27.8 28.5 29.1 29.5 29.8 30.6 31.6 31.7 31.2 31.9 32.9 32.7 0.00 0.00 0.00 0.00 0.00 0.00 0.00 0.00 0.00 0.00 0.00 0.00 0.00 
26.3 27.4 28.2 29.0 29.1 29.2 29.9 31.1 31.8 32.1 32.5 32.0 32.7 32.2 31.1 0.00 0.00 0.00 0.00 0.00 0.00 0.00 0.00 0.00 0.00 0.00 0.00 
