2016_CCC_ARR_IFD/catchment_depth_45min_05000aep.txt.asc
ncols         27
nrows         23
xllcorner     150.975
yllcorner     -33.6
cellsize      0.025
NODATA_value  -9999
43.7 43.6 44.3 44.8 44.6 44.3 44.5 45.4 46.3 47.6 49.0 49.7 50.2 51.1 51.7 52.3 52.8 53.2 53.9 54.6 55.2 55.9 56.5 57.0 57.5 58.0 58.5 
44.1 44.1 44.4 45.0 45.2 45.3 45.3 46.0 47.1 48.5 49.7 50.5 51.0 51.5 52.2 52.7 53.1 53.8 54.4 55.0 55.6 56.2 56.8 57.3 57.8 58.3 58.8 
43.8 44.3 45.0 45.2 45.3 45.7 46.0 46.6 48.0 49.0 50.0 50.8 51.3 51.8 52.7 53.3 54.0 54.5 55.0 55.4 56.0 56.5 57.1 57.6 58.1 58.6 59.1 
44.3 44.5 45.2 44.6 45.1 45.6 46.9 47.3 48.0 49.2 50.3 50.9 51.8 52.5 53.3 53.9 54.6 55.0 55.5 55.9 56.5 57.0 57.5 58.0 58.4 58.9 59.5 
44.4 44.5 45.3 44.6 45.4 46.2 47.1 47.9 49.1 50.3 50.8 51.3 52.4 53.1 53.9 54.6 55.3 55.7 56.1 56.6 56.9 57.4 57.8 58.3 58.8 59.3 59.7 
44.2 45.1 45.1 44.6 46.1 46.4 47.1 48.1 49.7 50.8 51.3 52.1 53.0 53.8 54.6 55.1 55.9 56.5 57.0 57.0 57.3 57.8 58.2 58.6 59.1 59.6 59.9 
44.3 44.7 44.7 45.1 46.6 46.7 47.7 48.8 50.2 51.5 52.0 52.8 53.5 54.5 55.4 55.7 56.5 57.1 57.5 57.7 57.9 58.2 58.6 59.0 59.4 59.9 60.4 
44.5 45.3 45.9 46.6 47.4 47.2 48.4 49.9 51.0 52.1 52.6 53.3 54.4 55.3 56.1 56.7 57.1 57.6 58.1 58.3 58.5 58.8 59.0 59.3 59.6 60.0 0.00 
44.9 45.8 46.2 47.2 47.5 48.0 48.7 50.6 51.4 52.7 53.5 54.2 55.1 55.9 56.7 57.3 57.8 58.3 58.7 58.9 59.1 59.2 59.3 59.6 59.9 60.2 0.00 
45.2 45.6 46.6 47.2 48.1 48.4 49.2 50.5 51.5 53.2 54.1 54.9 55.7 56.5 57.1 57.9 58.3 58.9 59.4 59.6 59.6 59.6 59.7 59.9 0.00 0.00 0.00 
45.5 46.0 46.6 47.1 48.5 48.9 49.9 51.3 52.4 53.8 54.7 55.2 56.0 56.9 57.7 58.4 58.9 59.4 59.8 59.9 59.9 59.9 60.1 60.2 60.4 0.00 0.00 
45.7 46.2 46.9 47.8 49.0 49.3 50.0 51.7 53.2 54.0 55.3 56.0 56.4 57.3 58.0 58.7 59.3 59.7 59.9 60.1 60.1 60.2 60.4 0.00 0.00 0.00 0.00 
45.9 46.6 47.4 48.4 49.2 49.6 50.2 52.1 53.4 53.9 55.4 56.2 56.9 57.4 58.3 58.9 59.4 59.9 60.0 60.2 60.3 60.4 0.00 0.00 0.00 0.00 0.00 
46.1 46.7 47.4 48.5 49.1 49.8 50.6 52.2 53.3 54.1 55.4 56.1 57.1 57.7 58.5 59.1 59.8 60.2 60.4 60.3 60.6 60.6 0.00 0.00 0.00 0.00 0.00 
46.3 46.8 47.4 48.4 49.4 50.3 50.7 51.9 53.5 54.0 55.1 56.2 57.2 57.8 58.6 59.3 59.9 60.3 60.7 60.6 60.9 0.00 0.00 0.00 0.00 0.00 0.00 
46.5 47.0 47.6 48.5 49.7 50.4 50.9 51.9 53.0 54.3 55.0 56.1 57.2 57.9 58.6 59.4 59.9 60.1 60.5 60.6 61.2 0.00 0.00 0.00 0.00 0.00 0.00 
46.7 47.2 47.7 48.5 49.4 50.8 51.4 51.6 53.3 54.4 55.0 55.7 57.0 57.7 58.1 59.0 59.5 60.0 60.1 60.2 0.00 0.00 0.00 0.00 0.00 0.00 0.00 
46.8 47.4 48.0 48.5 49.4 50.2 50.9 51.7 53.5 54.1 54.6 56.1 56.9 57.4 57.6 58.7 59.5 60.0 59.9 0.00 0.00 0.00 0.00 0.00 0.00 0.00 0.00 
47.1 47.7 48.5 49.3 50.1 51.0 51.0 52.3 53.5 53.8 54.7 55.6 56.6 56.6 57.2 58.1 58.9 59.6 60.0 0.00 0.00 0.00 0.00 0.00 0.00 0.00 0.00 
47.2 48.0 48.9 49.7 50.3 50.6 51.5 51.5 52.3 53.7 54.4 55.7 56.5 56.2 56.8 58.1 58.9 59.5 59.8 0.00 0.00 0.00 0.00 0.00 0.00 0.00 0.00 
47.6 48.6 49.0 49.6 50.2 50.9 51.0 51.8 52.7 52.7 53.5 54.9 56.2 55.9 57.0 57.5 58.3 58.7 0.00 0.00 0.00 0.00 0.00 0.00 0.00 0.00 0.00 
47.7 48.9 49.6 50.3 50.9 51.3 51.4 52.2 53.5 53.4 53.5 54.7 56.2 56.6 0.00 0.00 0.00 0.00 0.00 0.00 0.00 0.00 0.00 0.00 0.00 0.00 0.00 
48.0 49.1 49.9 50.7 50.9 50.7 51.4 52.8 53.6 54.1 54.7 54.7 55.8 56.0 55.8 0.00 0.00 0.00 0.00 0.00 0.00 0.00 0.00 0.00 0.00 0.00 0.00 
