2016_CCC_ARR_IFD/catchment_depth_25min_99999aep.txt.asc
ncols         27
nrows         23
xllcorner     150.975
yllcorner     -33.6
cellsize      0.025
NODATA_value  -9999
5.76 5.74 5.84 5.91 5.86 5.81 5.82 5.91 6.01 6.18 6.39 6.47 6.50 6.68 6.73 6.83 6.79 6.81 6.91 7.01 7.10 7.20 7.30 7.39 7.48 7.56 7.64 
5.83 5.84 5.88 5.95 5.96 5.96 5.94 6.00 6.13 6.31 6.51 6.67 6.67 6.71 6.85 6.75 6.80 6.87 6.96 7.06 7.16 7.26 7.35 7.44 7.52 7.60 7.69 
5.80 5.88 5.98 6.00 5.99 6.02 6.04 6.09 6.27 6.39 6.54 6.65 6.66 6.64 6.85 6.97 6.92 6.95 7.03 7.12 7.21 7.31 7.40 7.48 7.57 7.65 7.73 
5.90 5.92 6.02 5.94 5.99 6.03 6.18 6.18 6.25 6.40 6.54 6.58 6.68 6.74 6.88 6.86 6.94 6.99 7.09 7.18 7.28 7.37 7.46 7.54 7.62 7.71 7.80 
5.92 5.94 6.04 5.97 6.05 6.12 6.21 6.27 6.42 6.61 6.58 6.54 6.75 6.71 6.88 6.88 7.00 7.06 7.16 7.26 7.35 7.43 7.51 7.59 7.67 7.76 7.84 
5.90 6.03 6.04 6.00 6.15 6.15 6.17 6.27 6.49 6.67 6.60 6.65 6.70 6.77 6.89 6.91 7.03 7.13 7.23 7.32 7.41 7.49 7.57 7.65 7.73 7.82 7.88 
5.87 5.98 5.99 6.05 6.20 6.17 6.27 6.37 6.56 6.76 6.69 6.69 6.67 6.94 6.93 6.95 7.07 7.19 7.29 7.38 7.47 7.55 7.63 7.70 7.78 7.87 7.95 
5.88 6.05 6.13 6.22 6.30 6.20 6.35 6.53 6.68 6.84 6.73 6.65 6.75 6.85 7.00 7.05 7.13 7.23 7.34 7.43 7.51 7.60 7.67 7.74 7.82 7.89 0.00 
5.93 6.11 6.16 6.29 6.29 6.31 6.33 6.65 6.69 6.90 7.00 6.87 6.82 6.88 7.01 7.08 7.18 7.29 7.39 7.48 7.56 7.63 7.71 7.78 7.86 7.93 0.00 
5.98 6.02 6.19 6.25 6.35 6.33 6.34 6.52 6.62 6.96 7.04 7.03 7.15 6.98 7.02 7.14 7.22 7.34 7.44 7.53 7.61 7.68 7.75 7.83 0.00 0.00 0.00 
5.98 6.04 6.12 6.12 6.39 6.35 6.45 6.67 6.81 7.08 7.21 6.99 6.98 7.25 7.16 7.24 7.28 7.38 7.48 7.56 7.64 7.71 7.80 7.88 7.96 0.00 0.00 
5.94 6.01 6.15 6.29 6.47 6.40 6.41 6.73 6.98 7.00 7.28 7.30 7.07 7.13 7.20 7.27 7.35 7.42 7.50 7.59 7.67 7.75 7.84 0.00 0.00 0.00 0.00 
5.97 6.11 6.23 6.38 6.46 6.42 6.41 6.79 6.98 6.90 7.23 7.26 7.39 7.10 7.19 7.25 7.34 7.45 7.53 7.62 7.71 7.79 0.00 0.00 0.00 0.00 0.00 
5.99 6.10 6.18 6.37 6.40 6.42 6.49 6.76 6.91 6.93 7.15 7.13 7.43 7.28 7.27 7.29 7.41 7.53 7.58 7.65 7.75 7.83 0.00 0.00 0.00 0.00 0.00 
5.95 6.05 6.14 6.33 6.46 6.55 6.50 6.64 6.94 6.88 7.00 7.22 7.40 7.25 7.22 7.32 7.45 7.58 7.68 7.71 7.83 0.00 0.00 0.00 0.00 0.00 0.00 
6.10 6.11 6.16 6.34 6.53 6.55 6.53 6.65 6.77 6.98 6.99 7.13 7.39 7.29 7.24 7.37 7.55 7.56 7.69 7.76 7.97 0.00 0.00 0.00 0.00 0.00 0.00 
6.18 6.22 6.20 6.30 6.42 6.66 6.67 6.62 6.89 7.03 7.02 7.05 7.31 7.29 7.29 7.40 7.51 7.62 7.70 7.79 0.00 0.00 0.00 0.00 0.00 0.00 0.00 
6.22 6.30 6.31 6.33 6.43 6.53 6.59 6.68 6.97 7.00 7.01 7.26 7.36 7.31 7.35 7.48 7.60 7.69 7.76 0.00 0.00 0.00 0.00 0.00 0.00 0.00 0.00 
6.23 6.33 6.46 6.53 6.63 6.73 6.66 6.84 7.03 7.00 7.10 7.22 7.38 7.33 7.42 7.54 7.66 7.78 7.87 0.00 0.00 0.00 0.00 0.00 0.00 0.00 0.00 
6.29 6.40 6.52 6.63 6.67 6.68 6.79 6.78 6.87 7.05 7.14 7.35 7.46 7.41 7.51 7.68 7.81 7.92 8.00 0.00 0.00 0.00 0.00 0.00 0.00 0.00 0.00 
6.38 6.53 6.55 6.62 6.69 6.78 6.80 6.89 7.00 7.04 7.15 7.33 7.55 7.51 7.66 7.75 7.87 7.95 0.00 0.00 0.00 0.00 0.00 0.00 0.00 0.00 0.00 
6.45 6.60 6.69 6.79 6.87 6.91 6.93 7.04 7.24 7.21 7.27 7.45 7.69 7.75 0.00 0.00 0.00 0.00 0.00 0.00 0.00 0.00 0.00 0.00 0.00 0.00 0.00 
6.54 6.67 6.78 6.90 6.91 6.93 7.03 7.21 7.35 7.45 7.57 7.59 7.78 7.83 7.84 0.00 0.00 0.00 0.00 0.00 0.00 0.00 0.00 0.00 0.00 0.00 0.00 
