2016_CCC_ARR_IFD/catchment_depth_15min_20000aep.txt.asc
ncols         27
nrows         23
xllcorner     150.975
yllcorner     -33.6
cellsize      0.025
NODATA_value  -9999
19.9 19.8 20.0 20.2 20.0 19.8 19.8 20.1 20.4 21.0 21.5 21.7 21.9 22.3 22.4 22.7 22.8 22.9 23.2 23.4 23.6 23.8 24.1 24.2 24.4 24.6 24.8 
20.0 20.0 20.1 20.2 20.3 20.2 20.2 20.4 20.7 21.3 21.8 22.1 22.2 22.4 22.7 22.7 22.9 23.1 23.3 23.5 23.7 23.9 24.1 24.3 24.5 24.7 24.9 
19.9 20.1 20.3 20.3 20.3 20.4 20.4 20.6 21.1 21.5 21.9 22.1 22.2 22.3 22.7 23.0 23.1 23.4 23.5 23.6 23.8 24.0 24.2 24.4 24.6 24.8 24.9 
20.2 20.2 20.4 20.1 20.2 20.3 20.8 20.8 21.1 21.5 21.9 22.1 22.3 22.6 22.9 23.0 23.3 23.4 23.6 23.7 23.9 24.1 24.3 24.5 24.7 24.9 25.1 
20.2 20.2 20.4 20.1 20.4 20.6 20.8 21.1 21.5 22.0 22.0 22.0 22.5 22.6 23.0 23.1 23.4 23.5 23.7 23.9 24.0 24.2 24.4 24.6 24.7 24.9 25.1 
20.2 20.4 20.4 20.2 20.6 20.6 20.8 21.1 21.7 22.1 22.1 22.3 22.5 22.8 23.1 23.2 23.5 23.7 23.9 24.0 24.1 24.3 24.5 24.6 24.8 25.0 25.2 
20.2 20.3 20.3 20.4 20.8 20.8 21.1 21.4 21.9 22.3 22.3 22.5 22.6 23.1 23.2 23.3 23.6 23.9 24.0 24.1 24.2 24.4 24.6 24.7 24.9 25.1 25.3 
20.3 20.5 20.7 20.9 21.1 20.9 21.3 21.8 22.2 22.6 22.5 22.5 22.8 23.1 23.4 23.6 23.7 23.9 24.1 24.2 24.4 24.5 24.7 24.8 24.9 25.1 0.00 
20.4 20.7 20.8 21.1 21.1 21.2 21.4 22.1 22.2 22.7 23.0 22.9 23.0 23.2 23.5 23.7 23.9 24.1 24.2 24.4 24.5 24.6 24.7 24.8 25.0 25.1 0.00 
20.6 20.7 21.0 21.1 21.4 21.4 21.5 21.9 22.2 22.9 23.1 23.2 23.5 23.4 23.6 23.9 24.0 24.2 24.4 24.5 24.6 24.7 24.8 24.9 0.00 0.00 0.00 
20.7 20.8 21.0 21.0 21.5 21.5 21.8 22.3 22.6 23.2 23.4 23.3 23.4 23.8 23.9 24.1 24.2 24.3 24.5 24.6 24.7 24.8 24.9 25.0 25.1 0.00 0.00 
20.8 20.9 21.1 21.4 21.8 21.7 21.8 22.4 23.0 23.1 23.6 23.8 23.6 23.8 24.0 24.2 24.3 24.5 24.6 24.7 24.8 24.9 25.0 0.00 0.00 0.00 0.00 
20.9 21.1 21.3 21.6 21.8 21.8 21.9 22.6 23.0 23.0 23.6 23.8 24.1 23.8 24.0 24.2 24.4 24.6 24.7 24.8 24.9 25.0 0.00 0.00 0.00 0.00 0.00 
21.0 21.2 21.3 21.7 21.8 21.9 22.1 22.6 23.0 23.1 23.6 23.7 24.1 24.1 24.2 24.3 24.6 24.8 24.8 24.9 25.0 25.1 0.00 0.00 0.00 0.00 0.00 
21.1 21.2 21.4 21.7 22.0 22.2 22.2 22.5 23.1 23.1 23.4 23.8 24.2 24.1 24.2 24.4 24.7 24.9 25.0 25.0 25.2 0.00 0.00 0.00 0.00 0.00 0.00 
21.3 21.3 21.5 21.8 22.1 22.2 22.3 22.6 22.9 23.3 23.4 23.7 24.2 24.2 24.3 24.6 24.8 24.8 25.0 25.1 25.4 0.00 0.00 0.00 0.00 0.00 0.00 
21.4 21.5 21.6 21.8 22.0 22.5 22.6 22.5 23.1 23.4 23.5 23.6 24.1 24.2 24.3 24.6 24.7 24.9 25.0 25.1 0.00 0.00 0.00 0.00 0.00 0.00 0.00 
21.5 21.6 21.8 21.8 22.1 22.3 22.4 22.6 23.2 23.4 23.4 23.9 24.2 24.2 24.3 24.6 24.9 25.0 25.1 0.00 0.00 0.00 0.00 0.00 0.00 0.00 0.00 
21.6 21.8 22.0 22.2 22.4 22.6 22.6 22.9 23.3 23.3 23.6 23.9 24.2 24.1 24.3 24.6 24.9 25.1 25.2 0.00 0.00 0.00 0.00 0.00 0.00 0.00 0.00 
21.7 21.9 22.2 22.4 22.5 22.6 22.8 22.8 23.0 23.4 23.6 24.0 24.3 24.2 24.4 24.8 25.0 25.2 25.4 0.00 0.00 0.00 0.00 0.00 0.00 0.00 0.00 
21.9 22.2 22.3 22.4 22.6 22.7 22.7 23.0 23.2 23.2 23.5 23.9 24.4 24.2 24.6 24.8 25.0 25.1 0.00 0.00 0.00 0.00 0.00 0.00 0.00 0.00 0.00 
22.0 22.3 22.5 22.7 22.9 23.0 23.0 23.2 23.6 23.6 23.6 24.0 24.5 24.7 0.00 0.00 0.00 0.00 0.00 0.00 0.00 0.00 0.00 0.00 0.00 0.00 0.00 
22.2 22.5 22.7 22.9 23.0 22.9 23.1 23.5 23.8 24.0 24.2 24.2 24.6 24.6 24.6 0.00 0.00 0.00 0.00 0.00 0.00 0.00 0.00 0.00 0.00 0.00 0.00 
