2016_CCC_ARR_IFD/catchment_depth_15min_00100aep.txt.asc
ncols         27
nrows         23
xllcorner     150.975
yllcorner     -33.6
cellsize      0.025
NODATA_value  -9999
55.6 55.5 56.4 57.1 57.0 56.9 57.4 58.6 59.9 61.6 63.0 64.0 65.1 65.8 66.8 67.6 69.9 72.3 73.5 74.5 75.4 76.3 77.0 77.6 78.2 78.8 79.4 
55.9 55.9 56.2 57.1 57.4 57.7 58.0 59.0 60.5 62.2 63.5 64.2 65.3 66.4 67.0 69.4 71.4 72.9 74.0 75.1 76.0 76.7 77.4 78.0 78.6 79.1 79.7 
55.1 55.8 56.8 57.1 57.2 57.8 58.5 59.4 61.3 62.6 63.8 64.8 66.0 67.5 67.9 68.5 71.2 73.5 74.6 75.7 76.4 77.0 77.6 78.2 78.9 79.4 80.0 
55.6 55.7 56.9 55.8 56.5 57.3 59.2 59.9 61.1 62.8 64.1 65.3 66.6 67.9 68.7 71.0 72.5 74.0 75.0 75.8 76.6 77.3 77.9 78.5 79.1 79.7 80.3 
55.4 55.4 56.5 55.3 56.6 57.7 59.1 60.3 62.0 63.5 64.6 66.0 67.1 69.1 69.9 72.0 73.0 74.4 75.3 76.1 76.8 77.4 78.0 78.7 79.3 79.9 80.4 
54.8 56.1 55.9 54.8 57.2 57.6 58.7 60.3 62.4 63.9 65.0 66.5 68.1 69.7 70.8 72.5 73.8 74.8 75.7 76.1 76.7 77.5 78.2 78.8 79.5 80.1 80.5 
54.5 55.1 54.9 55.4 57.5 57.7 59.3 60.9 62.8 64.3 65.5 67.1 68.9 69.6 71.5 72.7 74.0 75.1 75.9 76.4 76.9 77.6 78.3 78.9 79.6 80.2 80.6 
54.7 55.7 56.6 57.4 58.4 58.1 59.8 61.8 63.3 64.7 66.0 67.9 69.7 71.1 71.9 73.4 74.3 75.1 76.0 76.5 77.1 77.8 78.5 78.9 79.6 80.1 0.00 
54.9 56.3 56.7 58.0 58.2 58.9 60.1 62.4 63.5 65.1 66.3 68.0 70.1 71.6 72.7 73.6 74.4 75.3 76.0 76.7 77.3 77.9 78.4 79.0 79.5 79.9 0.00 
55.3 55.7 57.1 57.7 58.8 59.3 60.5 62.2 63.7 65.5 66.8 68.1 69.3 71.7 72.7 73.9 74.4 75.3 76.1 76.9 77.4 77.9 78.4 79.1 0.00 0.00 0.00 
55.4 56.0 56.8 57.3 59.2 59.7 61.0 62.8 64.3 65.8 66.9 68.5 70.2 70.8 72.7 73.8 74.6 75.3 76.1 76.7 77.2 77.8 78.4 79.1 79.5 0.00 0.00 
55.4 56.0 57.1 58.3 59.7 60.1 61.0 63.1 64.7 65.9 67.3 68.5 70.0 71.4 72.7 73.8 74.8 75.4 75.8 76.4 77.0 77.6 78.2 0.00 0.00 0.00 0.00 
55.5 56.6 57.6 58.9 59.8 60.2 61.1 63.3 64.8 65.8 67.3 68.5 69.5 71.3 72.5 73.5 74.2 75.2 75.6 76.1 76.7 77.3 0.00 0.00 0.00 0.00 0.00 
55.7 56.6 57.4 58.8 59.5 60.3 61.4 63.2 64.6 65.8 67.2 68.5 69.4 70.9 72.3 73.3 74.2 75.1 75.5 75.8 76.5 76.8 0.00 0.00 0.00 0.00 0.00 
55.4 56.2 57.1 58.6 59.8 60.8 61.3 62.8 64.6 65.6 67.0 68.3 69.3 70.7 71.9 72.9 73.9 74.7 75.3 75.6 76.3 0.00 0.00 0.00 0.00 0.00 0.00 
56.1 56.4 57.1 58.6 60.0 60.7 61.3 62.6 63.9 65.5 66.6 67.9 69.1 70.4 71.6 72.6 73.4 73.9 74.7 75.0 75.9 0.00 0.00 0.00 0.00 0.00 0.00 
56.5 57.0 57.1 58.1 59.3 60.9 61.6 62.0 64.1 65.3 66.2 67.3 68.8 69.9 70.5 71.8 72.5 73.3 73.6 74.1 0.00 0.00 0.00 0.00 0.00 0.00 0.00 
56.6 57.3 57.6 57.8 59.0 60.0 60.8 61.9 63.9 64.8 65.6 67.2 68.3 69.2 69.5 71.0 72.0 72.7 72.9 0.00 0.00 0.00 0.00 0.00 0.00 0.00 0.00 
56.2 57.1 58.2 58.9 59.8 60.7 60.8 62.3 63.7 64.3 65.4 66.5 67.7 67.9 68.7 69.8 70.9 71.8 72.5 0.00 0.00 0.00 0.00 0.00 0.00 0.00 0.00 
56.0 57.2 58.2 59.1 59.6 60.0 61.0 61.2 62.2 63.9 64.8 66.2 67.1 67.0 67.8 69.4 70.4 71.2 71.8 0.00 0.00 0.00 0.00 0.00 0.00 0.00 0.00 
56.2 57.6 57.8 58.5 59.1 60.0 60.2 61.3 62.4 62.5 63.5 65.1 66.5 66.2 67.6 68.3 69.3 69.9 0.00 0.00 0.00 0.00 0.00 0.00 0.00 0.00 0.00 
56.0 57.5 58.2 59.0 59.7 60.2 60.4 61.4 62.9 63.0 63.2 64.5 66.1 66.6 0.00 0.00 0.00 0.00 0.00 0.00 0.00 0.00 0.00 0.00 0.00 0.00 0.00 
56.0 57.2 58.1 59.0 59.2 59.1 60.0 61.6 62.6 63.2 64.0 64.1 65.4 65.5 65.4 0.00 0.00 0.00 0.00 0.00 0.00 0.00 0.00 0.00 0.00 0.00 0.00 
