2016_CCC_ARR_IFD/catchment_depth_1080min_99752aep.txt.asc
ncols         27
nrows         23
xllcorner     150.975
yllcorner     -33.6
cellsize      0.025
NODATA_value  -9999
26.8 26.6 27.7 28.3 27.6 26.9 26.6 27.3 28.1 29.5 31.3 31.7 31.6 33.2 33.4 34.1 32.6 31.3 31.8 32.3 32.6 33.3 33.9 34.0 34.2 34.5 34.7 
27.6 27.6 27.9 28.5 28.5 28.2 27.6 28.0 29.0 30.7 32.4 33.9 33.3 33.2 34.5 32.4 31.7 31.7 32.0 32.5 33.0 33.5 33.9 34.2 34.5 34.8 35.0 
27.1 28.0 28.9 28.9 28.6 28.7 28.6 28.7 30.4 31.3 32.4 33.2 32.8 32.0 34.0 35.0 33.3 32.4 32.6 32.8 33.3 33.7 34.1 34.4 34.9 35.1 35.4 
28.1 28.2 29.2 27.9 28.2 28.4 29.8 29.5 29.8 31.0 32.2 32.2 32.7 32.8 34.0 32.8 32.9 32.6 33.0 33.3 33.9 34.2 34.5 34.9 35.2 35.6 36.2 
28.2 28.2 29.2 28.0 28.7 29.2 29.8 30.3 31.5 33.0 32.4 31.4 33.2 32.2 33.5 32.7 33.4 33.2 33.6 34.1 34.4 34.7 34.9 35.3 35.6 36.1 36.3 
27.8 29.1 28.9 28.0 29.6 29.3 29.3 30.0 32.0 33.5 32.3 32.5 32.6 32.8 33.5 32.9 33.6 34.1 34.5 34.6 34.9 35.2 35.4 35.7 36.1 36.6 36.5 
27.1 28.3 28.1 28.5 30.0 29.3 30.1 31.0 32.4 34.1 33.1 32.8 32.3 34.3 33.8 33.4 34.1 34.8 35.1 35.2 35.4 35.7 36.0 36.2 36.6 37.0 37.5 
27.0 29.0 29.7 30.3 30.9 29.5 30.9 32.4 33.5 34.7 33.4 32.6 33.2 33.8 34.6 34.6 34.7 35.0 35.5 35.7 35.9 36.2 36.4 36.4 36.7 36.9 0.00 
27.6 29.5 29.8 30.9 30.6 30.6 30.7 33.3 33.4 35.0 35.5 34.4 34.0 34.2 34.9 35.0 35.3 35.7 36.0 36.3 36.5 36.5 36.6 36.8 37.0 37.1 0.00 
28.1 28.4 30.0 30.4 31.2 30.8 30.8 32.2 32.9 35.4 35.8 35.6 36.3 35.2 35.1 35.8 35.7 36.2 36.6 36.9 36.9 36.9 37.0 37.2 0.00 0.00 0.00 
28.0 28.5 29.2 29.0 31.5 31.0 31.8 33.4 34.4 36.2 37.0 35.5 35.4 36.9 36.4 36.7 36.4 36.7 36.9 37.0 37.1 37.2 37.5 37.7 37.9 0.00 0.00 
27.4 28.2 29.4 30.6 32.1 31.4 31.4 33.9 35.7 35.7 37.4 37.4 36.1 36.5 36.8 37.0 37.2 37.2 37.1 37.2 37.3 37.5 37.7 0.00 0.00 0.00 0.00 
27.7 28.9 29.9 31.3 31.9 31.6 31.5 34.3 35.6 35.1 37.2 37.3 38.1 36.4 36.9 37.0 37.1 37.5 37.3 37.4 37.6 37.7 0.00 0.00 0.00 0.00 0.00 
27.8 28.7 29.3 31.0 31.2 31.5 32.1 34.1 35.2 35.4 36.8 36.7 38.4 37.6 37.5 37.4 37.8 38.3 37.9 37.6 37.9 37.8 0.00 0.00 0.00 0.00 0.00 
27.3 28.2 28.9 30.5 31.7 32.5 32.2 33.4 35.5 35.2 36.1 37.3 38.3 37.6 37.3 37.6 38.1 38.6 38.7 38.2 38.6 0.00 0.00 0.00 0.00 0.00 0.00 
28.2 28.4 28.9 30.4 32.1 32.4 32.5 33.5 34.5 35.9 36.1 36.9 38.3 37.8 37.4 37.9 38.6 38.0 38.4 38.2 39.7 0.00 0.00 0.00 0.00 0.00 0.00 
28.5 28.9 29.1 30.0 31.2 33.1 33.4 33.1 35.3 36.2 36.3 36.5 37.9 37.7 37.4 37.8 37.9 38.1 37.8 37.8 0.00 0.00 0.00 0.00 0.00 0.00 0.00 
28.6 29.2 29.7 30.1 31.2 32.2 32.8 33.6 35.8 36.2 36.2 37.6 38.1 37.5 37.0 37.8 38.2 38.2 37.8 0.00 0.00 0.00 0.00 0.00 0.00 0.00 0.00 
28.7 29.5 30.7 31.5 32.5 33.5 33.4 34.9 36.2 36.2 36.7 37.3 38.0 36.7 36.8 37.2 37.8 38.2 38.3 0.00 0.00 0.00 0.00 0.00 0.00 0.00 0.00 
28.9 30.1 31.2 32.3 32.8 33.1 34.2 34.1 35.0 36.4 36.8 37.8 38.1 36.6 36.6 37.8 38.4 38.7 38.8 0.00 0.00 0.00 0.00 0.00 0.00 0.00 0.00 
29.6 31.2 31.4 32.1 32.8 33.7 33.9 35.0 36.0 35.2 35.7 37.1 38.2 36.4 37.3 37.3 37.8 37.7 0.00 0.00 0.00 0.00 0.00 0.00 0.00 0.00 0.00 
29.9 31.6 32.5 33.4 34.1 34.5 34.6 35.7 36.9 36.8 36.2 37.1 38.5 38.2 0.00 0.00 0.00 0.00 0.00 0.00 0.00 0.00 0.00 0.00 0.00 0.00 0.00 
30.5 32.0 33.1 34.1 34.1 34.0 34.9 36.4 37.2 37.6 38.0 37.2 38.1 37.4 36.0 0.00 0.00 0.00 0.00 0.00 0.00 0.00 0.00 0.00 0.00 0.00 0.00 
