2016_CCC_ARR_IFD/catchment_depth_540min_86466aep.txt.asc
ncols         27
nrows         23
xllcorner     150.975
yllcorner     -33.6
cellsize      0.025
NODATA_value  -9999
35.0 34.9 36.0 36.7 36.1 35.5 35.4 36.3 37.2 38.8 40.7 41.3 41.4 43.1 43.4 44.2 43.1 42.3 42.9 43.5 43.9 44.5 45.1 45.3 45.6 45.9 46.2 
35.8 35.9 36.2 37.0 37.1 36.9 36.6 37.1 38.3 40.0 41.9 43.4 43.1 43.2 44.5 42.8 42.6 42.8 43.3 43.8 44.4 44.9 45.4 45.7 46.0 46.3 46.6 
35.4 36.3 37.3 37.4 37.3 37.5 37.6 37.9 39.7 40.8 42.0 43.0 42.8 42.3 44.2 45.3 44.1 43.6 44.0 44.4 44.9 45.4 45.8 46.1 46.6 46.9 47.1 
36.4 36.6 37.7 36.6 37.0 37.4 38.9 38.8 39.3 40.7 41.9 42.2 42.9 43.2 44.4 43.6 44.0 44.1 44.7 45.1 45.7 46.0 46.4 46.8 47.1 47.4 48.0 
36.5 36.6 37.7 36.8 37.6 38.3 39.1 39.7 41.0 42.7 42.3 41.7 43.5 42.9 44.2 43.8 44.7 44.9 45.5 46.0 46.4 46.7 47.0 47.3 47.6 48.1 48.3 
36.2 37.6 37.6 36.9 38.6 38.5 38.8 39.7 41.7 43.3 42.5 42.8 43.2 43.6 44.5 44.4 45.2 45.8 46.4 46.8 47.1 47.4 47.7 47.9 48.3 48.7 48.7 
35.8 37.0 37.0 37.5 39.1 38.8 39.7 40.7 42.3 44.1 43.4 43.4 43.2 45.2 45.0 45.2 46.0 46.7 47.2 47.6 47.9 48.1 48.3 48.5 48.8 49.3 49.7 
35.9 37.7 38.6 39.4 40.1 39.1 40.6 42.2 43.5 44.8 43.9 43.4 44.2 44.9 45.9 46.3 46.8 47.5 48.0 48.3 48.5 48.8 48.9 48.9 49.1 49.3 0.00 
36.4 38.3 38.8 40.1 40.0 40.3 40.6 43.3 43.7 45.4 46.1 45.2 45.1 45.6 46.4 47.0 47.6 48.3 48.8 49.1 49.2 49.2 49.2 49.3 49.5 49.5 0.00 
37.0 37.5 39.1 39.7 40.7 40.6 40.9 42.5 43.3 46.0 46.6 46.6 47.4 46.6 46.9 47.7 48.3 49.1 49.7 49.8 49.8 49.7 49.7 49.8 0.00 0.00 0.00 
37.0 37.7 38.6 38.7 41.1 41.0 41.9 43.8 45.0 47.0 48.0 46.6 46.7 48.4 48.0 48.5 48.9 49.6 50.1 50.1 50.0 50.0 50.2 50.3 50.4 0.00 0.00 
36.7 37.5 38.9 40.2 41.9 41.5 41.8 44.4 46.4 46.6 48.6 48.8 47.5 48.0 48.5 49.0 49.5 49.9 50.0 50.2 50.2 50.3 50.4 0.00 0.00 0.00 0.00 
37.0 38.3 39.5 41.0 41.8 41.8 42.0 45.0 46.5 46.2 48.4 48.8 49.6 48.0 48.7 49.0 49.4 50.0 50.0 50.2 50.3 50.4 0.00 0.00 0.00 0.00 0.00 
37.2 38.3 39.1 40.9 41.4 42.0 42.8 44.9 46.2 46.6 48.2 48.2 50.0 49.3 49.3 49.3 49.9 50.5 50.4 50.3 50.6 50.5 0.00 0.00 0.00 0.00 0.00 
37.0 38.0 38.9 40.6 41.9 43.0 43.0 44.4 46.6 46.5 47.5 48.9 50.0 49.3 48.9 49.4 50.1 50.7 51.1 50.6 51.2 0.00 0.00 0.00 0.00 0.00 0.00 
37.8 38.3 39.1 40.7 42.5 43.1 43.4 44.6 45.8 47.3 47.7 48.6 50.1 49.6 48.9 49.6 50.6 50.1 50.7 50.6 52.2 0.00 0.00 0.00 0.00 0.00 0.00 
38.2 38.8 39.4 40.5 41.9 43.9 44.5 44.4 46.7 47.8 48.0 48.1 49.8 49.5 48.8 49.4 49.7 50.2 50.1 50.2 0.00 0.00 0.00 0.00 0.00 0.00 0.00 
38.4 39.2 40.0 40.8 42.1 43.2 44.1 45.1 47.3 47.9 48.0 49.6 50.1 49.4 48.6 49.6 50.2 50.3 50.1 0.00 0.00 0.00 0.00 0.00 0.00 0.00 0.00 
38.8 39.7 41.1 42.1 43.3 44.5 44.8 46.4 47.8 48.1 48.8 49.4 50.1 48.6 48.7 49.2 49.9 50.4 50.7 0.00 0.00 0.00 0.00 0.00 0.00 0.00 0.00 
39.3 40.4 41.7 42.9 43.7 44.4 45.7 45.9 47.0 48.6 49.1 50.0 50.4 48.7 48.7 50.1 50.8 51.2 51.3 0.00 0.00 0.00 0.00 0.00 0.00 0.00 0.00 
40.1 41.6 42.0 42.9 43.9 45.1 45.6 47.0 48.2 47.5 48.1 49.6 50.6 48.7 49.8 49.7 50.3 50.3 0.00 0.00 0.00 0.00 0.00 0.00 0.00 0.00 0.00 
40.5 42.1 43.2 44.2 45.1 45.8 46.3 47.6 48.9 49.3 48.8 49.8 51.1 50.9 0.00 0.00 0.00 0.00 0.00 0.00 0.00 0.00 0.00 0.00 0.00 0.00 0.00 
41.2 42.6 43.8 44.9 45.2 45.4 46.6 48.2 49.2 49.9 50.4 49.9 50.9 50.2 48.7 0.00 0.00 0.00 0.00 0.00 0.00 0.00 0.00 0.00 0.00 0.00 0.00 
