2016_CCC_ARR_IFD/catchment_depth_45min_00100aep.txt.asc
ncols         27
nrows         23
xllcorner     150.975
yllcorner     -33.6
cellsize      0.025
NODATA_value  -9999
86.1 86.1 87.5 88.7 88.8 88.9 89.9 91.9 94.0 96.8 99.0 101 103 104 106 107 110 114 116 118 119 121 122 123 124 126 127 
86.7 87.0 87.6 89.0 89.8 90.5 91.2 93.0 95.5 98.1 100 101 103 105 106 110 112 115 117 119 121 122 123 124 125 127 128 
85.9 87.1 88.7 89.3 89.9 91.1 92.4 94.1 97.0 99.2 101 103 105 107 108 109 113 116 119 121 122 123 124 125 126 128 129 
86.7 87.2 88.9 88.0 89.3 90.9 93.8 95.3 97.5 100 102 104 106 109 110 114 116 118 120 122 123 124 125 126 127 128 129 
86.5 86.9 88.8 87.6 89.8 91.8 94.2 96.4 99.1 101 104 106 108 111 113 116 118 120 121 123 124 125 126 127 128 129 130 
85.9 88.0 88.2 87.3 91.0 92.0 94.1 96.8 100 102 105 108 110 113 115 118 120 121 123 123 124 126 127 128 129 130 130 
85.5 86.8 87.0 88.2 91.5 92.4 95.2 98.0 101 104 106 109 112 114 117 119 121 123 124 125 125 126 128 128 129 130 131 
85.8 87.7 89.3 91.0 93.0 93.2 96.3 99.6 102 105 108 111 114 117 118 121 122 123 125 126 126 127 128 129 130 131 0.00 
86.1 88.4 89.6 91.9 92.9 94.5 96.7 101 103 106 108 111 115 118 120 122 123 125 126 127 127 128 129 129 130 131 0.00 
86.6 87.6 90.1 91.6 93.8 95.1 97.3 101 103 107 109 112 114 118 120 122 123 125 127 128 128 128 129 130 0.00 0.00 0.00 
86.6 87.9 89.5 90.8 94.3 95.6 98.2 102 105 107 110 113 116 117 120 122 124 126 127 128 128 129 129 130 131 0.00 0.00 
86.4 87.8 89.8 92.2 95.0 96.1 98.0 102 105 108 111 113 116 118 120 123 124 126 126 127 128 128 129 0.00 0.00 0.00 0.00 
86.4 88.3 90.4 92.9 94.9 96.2 98.0 102 105 107 111 113 115 118 120 122 124 125 126 127 127 128 0.00 0.00 0.00 0.00 0.00 
86.4 88.1 89.8 92.6 94.2 96.0 98.3 102 105 107 110 113 114 117 120 122 124 125 126 126 127 127 0.00 0.00 0.00 0.00 0.00 
86.0 87.6 89.3 92.0 94.5 96.6 97.9 101 105 107 109 112 114 117 119 121 123 124 125 126 127 0.00 0.00 0.00 0.00 0.00 0.00 
86.5 87.6 89.1 91.8 94.6 96.3 97.6 100 103 106 108 111 113 116 118 120 122 123 124 125 126 0.00 0.00 0.00 0.00 0.00 0.00 
86.7 87.9 89.0 90.9 93.3 96.6 98.1 98.9 103 106 107 110 113 115 116 118 120 121 122 123 0.00 0.00 0.00 0.00 0.00 0.00 0.00 
86.7 88.1 89.5 90.5 92.7 94.8 96.4 98.5 103 105 106 109 111 113 114 117 119 120 120 0.00 0.00 0.00 0.00 0.00 0.00 0.00 0.00 
86.6 88.2 90.3 91.9 93.9 96.0 96.3 99.3 102 103 105 108 110 110 112 114 116 118 119 0.00 0.00 0.00 0.00 0.00 0.00 0.00 0.00 
86.5 88.5 90.5 92.4 93.8 94.6 96.7 96.8 98.8 102 104 107 109 108 110 113 115 117 118 0.00 0.00 0.00 0.00 0.00 0.00 0.00 0.00 
86.8 89.4 90.1 91.6 93.0 94.7 95.1 97.1 99.2 99.0 101 104 107 107 109 111 113 114 0.00 0.00 0.00 0.00 0.00 0.00 0.00 0.00 0.00 
86.7 89.5 91.1 92.8 94.3 95.3 95.5 97.4 100 100 100 103 107 107 0.00 0.00 0.00 0.00 0.00 0.00 0.00 0.00 0.00 0.00 0.00 0.00 0.00 
87.0 89.4 91.3 93.2 93.7 93.3 94.9 98.0 99.9 101 102 102 105 105 105 0.00 0.00 0.00 0.00 0.00 0.00 0.00 0.00 0.00 0.00 0.00 0.00 
