2016_CCC_ARR_IFD/catchment_depth_2min_20000aep.txt.asc
ncols         27
nrows         23
xllcorner     150.975
yllcorner     -33.6
cellsize      0.025
NODATA_value  -9999
4.70 4.69 4.73 4.77 4.75 4.72 4.74 4.81 4.88 5.01 5.14 5.20 5.24 5.33 5.38 5.43 5.46 5.53 5.60 5.67 5.74 5.80 5.86 5.92 5.98 6.03 6.09 
4.73 4.73 4.74 4.79 4.80 4.81 4.81 4.87 4.96 5.08 5.20 5.27 5.31 5.36 5.43 5.44 5.49 5.58 5.66 5.73 5.79 5.84 5.90 5.96 6.01 6.07 6.12 
4.71 4.74 4.79 4.81 4.82 4.85 4.88 4.93 5.05 5.13 5.22 5.29 5.33 5.36 5.46 5.52 5.56 5.61 5.71 5.78 5.84 5.89 5.95 6.00 6.05 6.10 6.15 
4.75 4.76 4.81 4.77 4.81 4.85 4.96 4.99 5.05 5.15 5.24 5.30 5.37 5.43 5.51 5.55 5.61 5.70 5.77 5.84 5.89 5.94 5.99 6.04 6.08 6.13 6.18 
4.75 4.76 4.82 4.78 4.85 4.91 4.98 5.05 5.15 5.25 5.29 5.33 5.43 5.48 5.55 5.62 5.68 5.77 5.84 5.89 5.94 5.99 6.03 6.07 6.12 6.16 6.21 
4.75 4.81 4.82 4.80 4.91 4.93 5.00 5.08 5.20 5.30 5.33 5.40 5.48 5.55 5.62 5.72 5.77 5.83 5.89 5.96 6.00 6.04 6.08 6.11 6.15 6.19 6.23 
4.77 4.80 4.81 4.84 4.95 4.97 5.06 5.14 5.26 5.36 5.40 5.47 5.55 5.62 5.70 5.81 5.87 5.91 5.98 6.03 6.06 6.09 6.12 6.15 6.18 6.22 6.26 
4.81 4.84 4.89 4.95 5.01 5.03 5.12 5.23 5.33 5.42 5.46 5.53 5.62 5.70 5.76 5.85 5.96 6.03 6.08 6.12 6.14 6.15 6.17 6.19 6.21 6.25 0.00 
4.82 4.88 4.92 5.00 5.03 5.09 5.16 5.30 5.37 5.48 5.56 5.61 5.68 5.77 5.84 5.95 6.05 6.13 6.18 6.20 6.20 6.20 6.21 6.22 6.24 6.27 0.00 
4.85 4.89 4.95 5.01 5.09 5.13 5.21 5.31 5.40 5.55 5.63 5.68 5.76 5.82 5.93 6.01 6.13 6.22 6.28 6.27 6.26 6.25 6.24 6.24 0.00 0.00 0.00 
4.88 4.92 4.97 5.03 5.13 5.18 5.26 5.38 5.48 5.61 5.69 5.72 5.80 5.88 5.95 6.03 6.17 6.28 6.33 6.32 6.30 6.29 6.28 6.27 6.28 0.00 0.00 
4.91 4.95 5.00 5.08 5.17 5.22 5.29 5.43 5.56 5.63 5.76 5.82 5.84 5.92 6.00 6.09 6.18 6.28 6.32 6.33 6.33 6.32 6.32 0.00 0.00 0.00 0.00 
4.93 4.97 5.03 5.12 5.19 5.25 5.32 5.47 5.58 5.63 5.77 5.84 5.91 5.97 6.05 6.14 6.22 6.28 6.32 6.34 6.35 6.35 0.00 0.00 0.00 0.00 0.00 
4.95 4.99 5.05 5.13 5.20 5.28 5.36 5.48 5.59 5.66 5.77 5.84 5.93 5.99 6.08 6.16 6.23 6.28 6.33 6.35 6.36 6.37 0.00 0.00 0.00 0.00 0.00 
4.99 5.02 5.07 5.14 5.23 5.32 5.38 5.48 5.61 5.67 5.77 5.87 5.95 6.02 6.10 6.18 6.24 6.29 6.33 6.36 6.38 0.00 0.00 0.00 0.00 0.00 0.00 
4.97 5.03 5.10 5.16 5.26 5.33 5.40 5.49 5.59 5.70 5.78 5.87 5.96 6.03 6.12 6.19 6.24 6.29 6.34 6.36 6.39 0.00 0.00 0.00 0.00 0.00 0.00 
4.98 5.03 5.12 5.18 5.26 5.37 5.44 5.49 5.62 5.72 5.79 5.86 5.97 6.04 6.09 6.18 6.24 6.30 6.32 6.35 0.00 0.00 0.00 0.00 0.00 0.00 0.00 
4.99 5.04 5.12 5.20 5.28 5.36 5.43 5.51 5.65 5.72 5.78 5.90 5.98 6.04 6.08 6.17 6.25 6.30 6.32 0.00 0.00 0.00 0.00 0.00 0.00 0.00 0.00 
5.05 5.09 5.16 5.24 5.32 5.41 5.45 5.56 5.67 5.72 5.80 5.89 5.98 6.00 6.07 6.15 6.23 6.29 6.34 0.00 0.00 0.00 0.00 0.00 0.00 0.00 0.00 
5.08 5.13 5.20 5.28 5.35 5.40 5.49 5.53 5.61 5.72 5.80 5.91 5.99 6.00 6.06 6.17 6.24 6.30 6.34 0.00 0.00 0.00 0.00 0.00 0.00 0.00 0.00 
5.11 5.18 5.23 5.29 5.36 5.44 5.48 5.56 5.65 5.67 5.76 5.88 5.99 5.99 6.09 6.15 6.22 6.26 0.00 0.00 0.00 0.00 0.00 0.00 0.00 0.00 0.00 
5.13 5.22 5.28 5.35 5.42 5.48 5.52 5.60 5.71 5.74 5.77 5.89 6.01 6.06 0.00 0.00 0.00 0.00 0.00 0.00 0.00 0.00 0.00 0.00 0.00 0.00 0.00 
5.16 5.25 5.32 5.40 5.44 5.45 5.53 5.65 5.73 5.80 5.88 5.90 6.01 6.04 6.04 0.00 0.00 0.00 0.00 0.00 0.00 0.00 0.00 0.00 0.00 0.00 0.00 
