2016_CCC_ARR_IFD/catchment_depth_3min_02000aep.txt.asc
ncols         27
nrows         23
xllcorner     150.975
yllcorner     -33.6
cellsize      0.025
NODATA_value  -9999
11.0 11.0 11.2 11.3 11.3 11.3 11.4 11.6 11.8 12.2 12.5 12.7 12.8 13.0 13.2 13.3 13.5 13.6 13.8 14.0 14.1 14.3 14.5 14.6 14.7 14.8 15.0 
11.1 11.1 11.2 11.4 11.5 11.5 11.6 11.8 12.0 12.4 12.7 12.8 13.0 13.2 13.3 13.5 13.6 13.8 13.9 14.1 14.3 14.4 14.6 14.7 14.8 15.0 15.1 
11.1 11.2 11.4 11.5 11.5 11.6 11.8 12.0 12.3 12.6 12.8 13.0 13.2 13.3 13.5 13.7 13.9 14.0 14.1 14.3 14.4 14.6 14.7 14.8 15.0 15.1 15.2 
11.2 11.2 11.4 11.3 11.5 11.7 12.0 12.1 12.4 12.7 12.9 13.1 13.4 13.6 13.7 13.9 14.1 14.2 14.4 14.5 14.6 14.7 14.9 15.0 15.1 15.2 15.4 
11.2 11.2 11.5 11.3 11.6 11.8 12.1 12.3 12.6 12.9 13.1 13.3 13.6 13.8 14.0 14.2 14.4 14.5 14.6 14.7 14.8 14.9 15.0 15.1 15.2 15.4 15.5 
11.1 11.4 11.4 11.3 11.7 11.9 12.1 12.4 12.8 13.1 13.3 13.6 13.9 14.1 14.3 14.4 14.6 14.8 14.9 14.9 15.0 15.1 15.2 15.3 15.4 15.5 15.6 
11.2 11.3 11.3 11.5 11.9 11.9 12.3 12.6 13.0 13.3 13.5 13.8 14.0 14.3 14.6 14.7 14.9 15.0 15.1 15.2 15.2 15.3 15.3 15.4 15.5 15.6 15.7 
11.2 11.4 11.6 11.8 12.1 12.1 12.4 12.8 13.2 13.4 13.7 14.0 14.3 14.6 14.9 15.0 15.1 15.3 15.4 15.4 15.4 15.5 15.5 15.5 15.6 15.7 0.00 
11.3 11.5 11.7 12.0 12.1 12.3 12.5 13.0 13.3 13.6 13.9 14.2 14.5 14.8 15.1 15.2 15.3 15.5 15.6 15.6 15.6 15.6 15.6 15.7 15.7 15.8 0.00 
11.4 11.5 11.8 12.0 12.3 12.4 12.6 13.0 13.4 13.8 14.1 14.4 14.6 15.0 15.2 15.4 15.5 15.7 15.9 15.9 15.8 15.8 15.8 15.8 0.00 0.00 0.00 
11.4 11.6 11.8 11.9 12.4 12.5 12.8 13.2 13.6 14.0 14.2 14.5 14.8 15.0 15.3 15.5 15.7 15.9 16.0 16.0 15.9 15.9 15.9 15.9 15.9 0.00 0.00 
11.5 11.6 11.9 12.2 12.5 12.6 12.8 13.3 13.7 14.0 14.4 14.6 14.9 15.1 15.4 15.6 15.8 16.0 16.0 16.0 16.0 16.0 16.0 0.00 0.00 0.00 0.00 
11.5 11.7 12.0 12.3 12.5 12.7 12.9 13.4 13.8 14.0 14.4 14.7 14.9 15.2 15.4 15.6 15.8 16.0 16.0 16.0 16.0 16.0 0.00 0.00 0.00 0.00 0.00 
11.6 11.8 12.0 12.3 12.5 12.7 13.0 13.4 13.8 14.0 14.4 14.7 14.9 15.2 15.4 15.6 15.9 16.0 16.0 16.0 16.0 16.0 0.00 0.00 0.00 0.00 0.00 
11.6 11.8 12.0 12.3 12.6 12.8 13.0 13.3 13.8 14.0 14.3 14.7 14.9 15.2 15.4 15.6 15.8 16.0 16.1 16.1 16.1 0.00 0.00 0.00 0.00 0.00 0.00 
11.6 11.8 12.0 12.3 12.6 12.8 13.0 13.3 13.6 14.1 14.3 14.6 14.9 15.1 15.3 15.6 15.8 15.8 16.0 15.9 16.1 0.00 0.00 0.00 0.00 0.00 0.00 
11.7 11.8 12.0 12.2 12.5 12.9 13.1 13.2 13.7 14.0 14.2 14.4 14.8 15.0 15.1 15.4 15.6 15.7 15.7 15.8 0.00 0.00 0.00 0.00 0.00 0.00 0.00 
11.7 11.9 12.1 12.2 12.5 12.7 12.9 13.2 13.7 13.9 14.0 14.5 14.7 14.9 14.9 15.3 15.5 15.7 15.6 0.00 0.00 0.00 0.00 0.00 0.00 0.00 0.00 
11.8 11.9 12.2 12.4 12.7 13.0 13.0 13.4 13.7 13.8 14.0 14.3 14.6 14.5 14.7 15.0 15.2 15.5 15.6 0.00 0.00 0.00 0.00 0.00 0.00 0.00 0.00 
11.8 12.0 12.3 12.6 12.7 12.8 13.1 13.0 13.3 13.7 13.9 14.3 14.5 14.3 14.5 14.9 15.2 15.4 15.5 0.00 0.00 0.00 0.00 0.00 0.00 0.00 0.00 
11.9 12.2 12.3 12.5 12.7 12.9 12.9 13.1 13.4 13.3 13.5 14.0 14.4 14.2 14.6 14.7 14.9 15.0 0.00 0.00 0.00 0.00 0.00 0.00 0.00 0.00 0.00 
11.9 12.3 12.5 12.7 12.9 13.0 13.0 13.3 13.7 13.6 13.5 13.9 14.4 14.4 0.00 0.00 0.00 0.00 0.00 0.00 0.00 0.00 0.00 0.00 0.00 0.00 0.00 
12.0 12.4 12.6 12.9 12.9 12.8 13.0 13.4 13.7 13.8 13.9 13.8 14.2 14.2 14.0 0.00 0.00 0.00 0.00 0.00 0.00 0.00 0.00 0.00 0.00 0.00 0.00 
