2016_CCC_ARR_IFD/catchment_depth_5min_95021aep.txt.asc
ncols         27
nrows         23
xllcorner     150.975
yllcorner     -33.6
cellsize      0.025
NODATA_value  -9999
4.01 3.99 4.03 4.06 4.03 4.00 4.01 4.06 4.11 4.21 4.31 4.36 4.38 4.48 4.51 4.57 4.58 4.66 4.72 4.78 4.84 4.89 4.94 5.00 5.06 5.11 5.16 
4.05 4.05 4.06 4.10 4.10 4.10 4.09 4.13 4.20 4.29 4.40 4.48 4.49 4.52 4.59 4.57 4.63 4.71 4.78 4.84 4.90 4.95 5.00 5.06 5.11 5.15 5.20 
4.05 4.09 4.13 4.14 4.14 4.15 4.17 4.20 4.29 4.36 4.43 4.49 4.51 4.52 4.62 4.68 4.69 4.75 4.83 4.90 4.96 5.01 5.06 5.11 5.15 5.20 5.24 
4.11 4.12 4.17 4.13 4.16 4.18 4.26 4.27 4.31 4.39 4.46 4.50 4.55 4.59 4.67 4.69 4.74 4.83 4.89 4.96 5.01 5.07 5.11 5.16 5.20 5.25 5.29 
4.13 4.14 4.19 4.17 4.21 4.25 4.29 4.34 4.42 4.51 4.51 4.51 4.61 4.62 4.70 4.74 4.80 4.89 4.96 5.02 5.08 5.12 5.17 5.21 5.25 5.29 5.33 
4.14 4.20 4.21 4.20 4.27 4.29 4.31 4.36 4.47 4.57 4.55 4.59 4.63 4.68 4.75 4.81 4.87 4.94 5.00 5.08 5.14 5.18 5.22 5.26 5.30 5.34 5.38 
4.14 4.19 4.21 4.24 4.32 4.32 4.38 4.44 4.53 4.64 4.62 4.64 4.67 4.78 4.80 4.88 4.94 5.00 5.07 5.14 5.20 5.24 5.28 5.31 5.35 5.38 5.42 
4.16 4.24 4.29 4.33 4.38 4.35 4.44 4.53 4.62 4.70 4.67 4.66 4.72 4.78 4.86 4.92 5.01 5.08 5.15 5.20 5.25 5.29 5.32 5.35 5.39 5.42 0.00 
4.19 4.28 4.31 4.38 4.40 4.42 4.45 4.61 4.65 4.76 4.82 4.78 4.78 4.83 4.91 4.98 5.07 5.15 5.21 5.26 5.30 5.34 5.37 5.40 5.43 5.46 0.00 
4.23 4.26 4.34 4.39 4.45 4.45 4.48 4.58 4.64 4.82 4.87 4.88 4.94 4.90 4.96 5.03 5.12 5.21 5.28 5.32 5.35 5.38 5.41 5.44 0.00 0.00 0.00 
4.24 4.28 4.33 4.34 4.48 4.48 4.55 4.67 4.75 4.90 4.97 4.88 4.90 5.03 5.02 5.08 5.16 5.25 5.32 5.35 5.39 5.42 5.45 5.48 5.51 0.00 0.00 
4.23 4.28 4.35 4.43 4.53 4.52 4.54 4.71 4.86 4.88 5.03 5.06 4.96 5.01 5.06 5.12 5.19 5.27 5.33 5.38 5.42 5.45 5.48 0.00 0.00 0.00 0.00 
4.25 4.33 4.40 4.49 4.55 4.55 4.56 4.76 4.87 4.85 5.03 5.06 5.13 5.01 5.08 5.14 5.21 5.29 5.35 5.40 5.45 5.48 0.00 0.00 0.00 0.00 0.00 
4.28 4.34 4.39 4.50 4.53 4.56 4.61 4.76 4.85 4.88 5.00 5.01 5.16 5.11 5.12 5.17 5.24 5.31 5.37 5.42 5.48 5.51 0.00 0.00 0.00 0.00 0.00 
4.27 4.33 4.39 4.49 4.57 4.64 4.63 4.72 4.88 4.87 4.95 5.07 5.17 5.11 5.11 5.18 5.26 5.34 5.41 5.46 5.52 0.00 0.00 0.00 0.00 0.00 0.00 
4.34 4.37 4.41 4.51 4.62 4.65 4.66 4.74 4.82 4.93 4.96 5.04 5.17 5.14 5.12 5.21 5.31 5.35 5.42 5.48 5.56 0.00 0.00 0.00 0.00 0.00 0.00 
4.39 4.42 4.45 4.51 4.58 4.71 4.74 4.74 4.89 4.97 4.99 5.01 5.15 5.15 5.15 5.23 5.30 5.37 5.43 5.49 0.00 0.00 0.00 0.00 0.00 0.00 0.00 
4.42 4.47 4.50 4.54 4.61 4.67 4.72 4.79 4.94 4.98 4.99 5.13 5.19 5.17 5.20 5.28 5.35 5.41 5.46 0.00 0.00 0.00 0.00 0.00 0.00 0.00 0.00 
4.45 4.50 4.58 4.64 4.70 4.77 4.77 4.88 4.98 4.99 5.06 5.13 5.21 5.19 5.25 5.32 5.39 5.46 5.52 0.00 0.00 0.00 0.00 0.00 0.00 0.00 0.00 
4.49 4.56 4.63 4.70 4.74 4.77 4.85 4.86 4.93 5.03 5.09 5.20 5.27 5.25 5.30 5.40 5.47 5.54 5.59 0.00 0.00 0.00 0.00 0.00 0.00 0.00 0.00 
4.55 4.63 4.66 4.71 4.77 4.83 4.87 4.93 5.01 5.03 5.10 5.21 5.32 5.30 5.39 5.44 5.51 5.56 0.00 0.00 0.00 0.00 0.00 0.00 0.00 0.00 0.00 
4.60 4.68 4.74 4.80 4.86 4.90 4.94 5.01 5.12 5.14 5.18 5.28 5.40 5.45 0.00 0.00 0.00 0.00 0.00 0.00 0.00 0.00 0.00 0.00 0.00 0.00 0.00 
4.65 4.73 4.79 4.87 4.89 4.93 5.00 5.10 5.19 5.26 5.33 5.36 5.46 5.49 5.49 0.00 0.00 0.00 0.00 0.00 0.00 0.00 0.00 0.00 0.00 0.00 0.00 
