2016_CCC_ARR_IFD/catchment_depth_540min_50000aep.txt.asc
ncols         27
nrows         23
xllcorner     150.975
yllcorner     -33.6
cellsize      0.025
NODATA_value  -9999
50.2 50.1 51.8 52.8 52.2 51.5 51.4 52.8 54.1 56.5 59.2 60.2 60.4 62.8 63.4 64.6 63.3 62.3 63.2 64.1 64.8 65.7 66.7 67.0 67.4 67.8 68.3 
51.4 51.6 52.2 53.4 53.6 53.5 53.1 54.0 55.8 58.3 61.0 63.2 62.9 63.2 65.1 63.0 62.7 63.1 63.8 64.6 65.5 66.3 67.0 67.5 68.0 68.5 69.0 
50.9 52.2 53.7 54.1 54.0 54.4 54.7 55.3 57.9 59.5 61.4 62.8 62.7 62.1 64.9 66.4 64.9 64.2 64.9 65.5 66.3 67.0 67.6 68.2 68.8 69.3 69.7 
52.4 52.8 54.4 53.0 53.7 54.4 56.6 56.6 57.5 59.5 61.4 61.9 62.9 63.5 65.3 64.3 64.8 65.0 65.9 66.5 67.4 68.0 68.5 69.1 69.5 70.1 71.0 
52.6 52.9 54.6 53.3 54.6 55.7 57.0 58.0 60.0 62.5 62.1 61.3 64.0 63.2 65.2 64.6 65.9 66.2 67.1 67.9 68.5 69.0 69.3 69.9 70.3 71.0 71.4 
52.3 54.4 54.4 53.6 56.1 56.2 56.6 58.0 61.0 63.4 62.5 63.1 63.6 64.3 65.7 65.6 66.7 67.7 68.6 69.0 69.5 70.0 70.3 70.7 71.3 72.0 71.9 
51.8 53.5 53.7 54.5 56.9 56.6 58.1 59.6 62.1 64.7 63.9 63.9 63.7 66.7 66.5 66.7 68.0 69.0 69.8 70.3 70.6 71.0 71.3 71.6 72.1 72.8 73.4 
52.0 54.6 56.0 57.2 58.5 57.2 59.4 61.9 63.9 65.9 64.7 64.0 65.3 66.4 67.9 68.5 69.2 70.1 71.0 71.4 71.6 72.0 72.2 72.1 72.5 72.8 0.00 
52.9 55.6 56.4 58.4 58.4 58.9 59.5 63.6 64.2 66.8 68.0 66.8 66.7 67.4 68.7 69.5 70.4 71.4 72.1 72.5 72.7 72.6 72.7 72.8 73.0 73.1 0.00 
53.7 54.5 57.0 58.0 59.5 59.4 59.9 62.4 63.8 67.8 68.9 68.9 70.2 68.9 69.4 70.7 71.4 72.6 73.5 73.7 73.6 73.4 73.4 73.5 0.00 0.00 0.00 
53.8 54.9 56.2 56.6 60.2 60.1 61.6 64.4 66.3 69.4 70.9 69.0 69.2 71.7 71.2 72.0 72.5 73.4 74.1 74.1 74.0 73.9 74.1 74.3 74.4 0.00 0.00 
53.5 54.8 56.7 58.7 61.3 60.9 61.4 65.3 68.4 68.9 71.9 72.3 70.4 71.2 71.9 72.6 73.4 73.9 74.1 74.3 74.3 74.4 74.6 0.00 0.00 0.00 0.00 
54.0 55.9 57.7 59.9 61.3 61.4 61.7 66.3 68.6 68.2 71.7 72.3 73.6 71.2 72.1 72.7 73.2 74.2 74.2 74.3 74.6 74.7 0.00 0.00 0.00 0.00 0.00 
54.4 55.9 57.2 59.8 60.7 61.6 62.8 66.2 68.1 68.8 71.2 71.3 74.1 73.1 73.1 73.1 74.1 75.0 74.8 74.5 75.0 74.8 0.00 0.00 0.00 0.00 0.00 
54.2 55.6 57.0 59.4 61.5 63.1 63.2 65.3 68.7 68.6 70.2 72.4 74.1 73.0 72.5 73.3 74.3 75.3 75.8 75.2 75.9 0.00 0.00 0.00 0.00 0.00 0.00 
55.2 56.1 57.3 59.5 62.2 63.2 63.7 65.6 67.4 69.8 70.3 71.8 74.1 73.4 72.5 73.6 75.1 74.4 75.2 75.1 77.5 0.00 0.00 0.00 0.00 0.00 0.00 
55.7 56.6 57.7 59.3 61.4 64.4 65.3 65.2 68.7 70.4 70.7 71.0 73.6 73.2 72.2 73.2 73.7 74.4 74.2 74.4 0.00 0.00 0.00 0.00 0.00 0.00 0.00 
56.0 57.2 58.6 59.7 61.6 63.4 64.6 66.2 69.6 70.5 70.6 73.0 73.9 72.8 71.8 73.3 74.3 74.6 74.1 0.00 0.00 0.00 0.00 0.00 0.00 0.00 0.00 
56.7 58.0 60.1 61.7 63.5 65.4 65.6 68.1 70.3 70.6 71.6 72.6 73.8 71.5 71.8 72.6 73.6 74.5 75.0 0.00 0.00 0.00 0.00 0.00 0.00 0.00 0.00 
57.4 59.1 61.1 62.9 64.1 65.1 67.0 67.1 68.7 71.2 71.9 73.4 74.1 71.5 71.6 73.8 74.9 75.5 75.8 0.00 0.00 0.00 0.00 0.00 0.00 0.00 0.00 
58.6 60.9 61.5 62.9 64.4 66.0 66.7 68.6 70.5 69.3 70.1 72.5 74.3 71.3 73.0 73.0 74.0 74.0 0.00 0.00 0.00 0.00 0.00 0.00 0.00 0.00 0.00 
59.2 61.8 63.3 64.9 66.2 67.2 67.8 69.6 71.7 72.0 71.0 72.6 74.9 74.5 0.00 0.00 0.00 0.00 0.00 0.00 0.00 0.00 0.00 0.00 0.00 0.00 0.00 
60.2 62.5 64.3 66.1 66.4 66.5 68.1 70.6 72.1 72.9 73.7 72.8 74.4 73.3 71.0 0.00 0.00 0.00 0.00 0.00 0.00 0.00 0.00 0.00 0.00 0.00 0.00 
