2016_CCC_ARR_IFD/catchment_depth_30min_00500aep.txt.asc
ncols         27
nrows         23
xllcorner     150.975
yllcorner     -33.6
cellsize      0.025
NODATA_value  -9999
58.8 58.6 59.6 60.4 60.2 60.0 60.4 61.7 63.0 64.9 66.5 67.5 68.5 69.4 70.4 71.2 72.8 74.1 75.1 76.1 76.9 77.8 78.7 79.2 79.8 80.5 81.2 
59.3 59.3 59.7 60.6 60.9 61.1 61.3 62.4 64.0 65.9 67.3 68.2 69.2 70.2 70.9 72.6 73.9 75.0 75.9 76.8 77.7 78.5 79.2 79.8 80.5 81.1 81.7 
58.6 59.4 60.5 60.8 60.9 61.5 62.2 63.1 65.1 66.5 67.9 68.9 69.9 71.2 72.0 72.7 74.6 76.1 76.9 77.6 78.4 79.0 79.7 80.4 81.1 81.7 82.3 
59.4 59.5 60.7 59.6 60.3 61.2 63.2 63.9 65.2 66.9 68.4 69.5 70.8 72.0 72.9 74.7 76.0 76.9 77.6 78.3 79.1 79.7 80.4 81.1 81.7 82.3 83.0 
59.3 59.3 60.5 59.3 60.7 61.9 63.3 64.6 66.5 68.1 69.1 70.4 71.6 73.3 74.3 76.0 77.0 77.8 78.4 79.2 79.7 80.3 80.9 81.6 82.2 82.9 83.4 
58.8 60.2 60.1 59.0 61.6 61.9 63.1 64.8 67.1 68.8 69.8 71.3 72.9 74.4 75.5 76.7 78.0 78.9 79.6 79.7 80.1 80.8 81.5 82.1 82.8 83.4 83.8 
58.6 59.3 59.2 59.7 62.0 62.3 64.0 65.7 67.8 69.5 70.7 72.3 73.8 74.9 76.7 77.3 78.7 79.7 80.3 80.5 80.8 81.5 82.1 82.7 83.3 83.9 84.4 
58.9 60.1 61.1 62.1 63.2 62.9 64.8 67.0 68.7 70.2 71.5 73.2 75.1 76.7 77.6 78.8 79.4 80.0 80.8 81.2 81.5 82.2 82.7 83.1 83.6 84.1 0.00 
59.2 60.8 61.4 62.9 63.1 63.9 65.2 67.9 69.1 70.9 72.2 73.9 76.0 77.4 78.6 79.4 80.0 80.8 81.4 81.9 82.3 82.6 83.1 83.5 84.0 84.3 0.00 
59.8 60.3 61.9 62.6 63.9 64.5 65.7 67.7 69.4 71.6 73.0 74.4 75.7 78.0 78.9 80.0 80.3 81.3 82.0 82.6 82.9 83.1 83.5 84.0 0.00 0.00 0.00 
60.0 60.7 61.6 62.2 64.4 65.0 66.5 68.6 70.4 72.2 73.4 75.0 76.7 77.5 79.4 80.4 81.0 81.7 82.3 82.7 83.0 83.4 83.9 84.4 84.7 0.00 0.00 
59.9 60.8 62.0 63.4 65.1 65.5 66.6 69.1 71.1 72.4 74.1 75.4 76.8 78.3 79.6 80.7 81.6 82.1 82.3 82.7 83.1 83.5 84.0 0.00 0.00 0.00 0.00 
60.2 61.4 62.6 64.1 65.2 65.8 66.7 69.5 71.2 72.3 74.2 75.5 76.6 78.2 79.6 80.5 81.2 82.2 82.3 82.7 83.1 83.5 0.00 0.00 0.00 0.00 0.00 
60.4 61.4 62.4 64.1 64.9 65.9 67.2 69.4 71.1 72.4 74.1 75.5 76.6 78.2 79.5 80.5 81.5 82.4 82.6 82.6 83.1 83.3 0.00 0.00 0.00 0.00 0.00 
60.2 61.2 62.2 63.9 65.3 66.5 67.1 68.9 71.1 72.2 73.8 75.4 76.6 78.0 79.3 80.3 81.3 82.1 82.7 82.7 83.3 0.00 0.00 0.00 0.00 0.00 0.00 
60.8 61.4 62.2 63.8 65.6 66.4 67.1 68.7 70.3 72.2 73.5 75.0 76.4 77.7 79.1 80.1 81.0 81.3 82.1 82.2 83.2 0.00 0.00 0.00 0.00 0.00 0.00 
61.2 61.8 62.2 63.3 64.7 66.8 67.6 67.9 70.5 72.0 73.0 74.2 76.0 77.2 77.8 79.2 80.0 80.8 80.9 81.3 0.00 0.00 0.00 0.00 0.00 0.00 0.00 
61.2 62.1 62.7 63.1 64.4 65.7 66.6 67.8 70.4 71.5 72.3 74.3 75.6 76.4 76.6 78.5 79.6 80.3 80.2 0.00 0.00 0.00 0.00 0.00 0.00 0.00 0.00 
61.0 62.1 63.4 64.3 65.4 66.6 66.6 68.5 70.3 70.8 72.1 73.4 74.9 74.8 75.8 77.0 78.3 79.4 80.0 0.00 0.00 0.00 0.00 0.00 0.00 0.00 0.00 
60.9 62.3 63.5 64.6 65.3 65.7 67.0 67.0 68.2 70.3 71.4 73.1 74.3 73.9 74.8 76.7 77.9 78.7 79.4 0.00 0.00 0.00 0.00 0.00 0.00 0.00 0.00 
61.1 62.8 63.2 64.0 64.8 65.9 66.0 67.3 68.6 68.5 69.7 71.7 73.6 73.0 74.6 75.4 76.6 77.2 0.00 0.00 0.00 0.00 0.00 0.00 0.00 0.00 0.00 
61.0 62.8 63.8 64.8 65.6 66.2 66.3 67.6 69.4 69.3 69.4 71.2 73.2 73.7 0.00 0.00 0.00 0.00 0.00 0.00 0.00 0.00 0.00 0.00 0.00 0.00 0.00 
61.1 62.7 63.8 65.0 65.2 65.0 66.0 68.0 69.1 69.9 70.8 70.7 72.3 72.4 72.0 0.00 0.00 0.00 0.00 0.00 0.00 0.00 0.00 0.00 0.00 0.00 0.00 
