2016_CCC_ARR_IFD/catchment_depth_1min_00050aep.txt.asc
ncols         27
nrows         23
xllcorner     150.975
yllcorner     -33.6
cellsize      0.025
NODATA_value  -9999
8.86 8.85 8.99 9.11 9.10 9.11 9.21 9.41 9.62 9.89 10.1 10.3 10.4 10.5 10.7 10.9 11.3 11.7 11.9 12.1 12.3 12.4 12.5 12.6 12.7 12.8 12.9 
8.90 8.92 8.98 9.11 9.18 9.24 9.31 9.49 9.73 9.99 10.2 10.3 10.5 10.7 10.7 11.2 11.5 11.8 12.0 12.2 12.4 12.5 12.6 12.7 12.8 12.9 13.0 
8.79 8.91 9.06 9.12 9.16 9.27 9.39 9.56 9.85 10.1 10.2 10.4 10.6 10.9 10.9 11.0 11.5 11.9 12.1 12.3 12.5 12.6 12.7 12.8 12.9 13.0 13.0 
8.86 8.90 9.07 8.94 9.06 9.21 9.50 9.64 9.85 10.1 10.3 10.5 10.7 11.0 11.1 11.5 11.7 12.0 12.2 12.4 12.5 12.6 12.7 12.8 12.9 13.0 13.1 
8.83 8.84 9.03 8.87 9.08 9.27 9.50 9.72 9.98 10.2 10.4 10.7 10.8 11.2 11.3 11.7 11.8 12.1 12.3 12.4 12.5 12.6 12.7 12.8 12.9 13.0 13.1 
8.74 8.95 8.94 8.81 9.18 9.26 9.46 9.72 10.1 10.3 10.5 10.8 11.0 11.3 11.5 11.8 12.0 12.2 12.3 12.4 12.5 12.7 12.8 12.9 13.0 13.1 13.1 
8.70 8.80 8.80 8.89 9.22 9.28 9.55 9.82 10.1 10.4 10.6 10.9 11.2 11.3 11.6 11.9 12.1 12.2 12.4 12.5 12.6 12.7 12.8 12.9 13.0 13.1 13.2 
8.72 8.89 9.04 9.19 9.36 9.35 9.63 9.95 10.2 10.4 10.7 11.0 11.3 11.6 11.7 12.0 12.1 12.3 12.4 12.5 12.6 12.7 12.8 12.9 13.0 13.1 0.00 
8.75 8.97 9.06 9.27 9.33 9.47 9.67 10.1 10.3 10.5 10.7 11.0 11.4 11.7 11.8 12.0 12.2 12.3 12.5 12.6 12.7 12.7 12.8 12.9 13.0 13.1 0.00 
8.80 8.88 9.11 9.23 9.42 9.52 9.72 10.0 10.3 10.6 10.8 11.0 11.2 11.7 11.9 12.1 12.2 12.4 12.5 12.6 12.7 12.7 12.8 12.9 0.00 0.00 0.00 
8.81 8.92 9.05 9.15 9.47 9.57 9.80 10.1 10.4 10.6 10.8 11.1 11.4 11.5 11.8 12.0 12.2 12.4 12.5 12.6 12.6 12.7 12.8 12.9 13.0 0.00 0.00 
8.79 8.91 9.09 9.29 9.55 9.62 9.80 10.1 10.4 10.6 10.9 11.1 11.4 11.6 11.8 12.0 12.2 12.3 12.4 12.5 12.6 12.7 12.8 0.00 0.00 0.00 0.00 
8.80 8.98 9.16 9.38 9.54 9.64 9.80 10.2 10.4 10.6 10.9 11.1 11.3 11.6 11.8 12.0 12.1 12.3 12.3 12.4 12.5 12.6 0.00 0.00 0.00 0.00 0.00 
8.81 8.97 9.11 9.36 9.49 9.63 9.83 10.1 10.4 10.6 10.9 11.1 11.2 11.5 11.7 11.9 12.1 12.2 12.3 12.4 12.5 12.5 0.00 0.00 0.00 0.00 0.00 
8.77 8.91 9.06 9.31 9.52 9.70 9.81 10.1 10.4 10.5 10.8 11.0 11.2 11.4 11.7 11.8 12.0 12.1 12.3 12.3 12.4 0.00 0.00 0.00 0.00 0.00 0.00 
8.87 8.93 9.06 9.30 9.55 9.68 9.79 10.0 10.3 10.5 10.7 10.9 11.2 11.4 11.6 11.7 11.9 12.0 12.1 12.2 12.3 0.00 0.00 0.00 0.00 0.00 0.00 
8.91 9.00 9.06 9.22 9.42 9.72 9.84 9.91 10.3 10.5 10.6 10.8 11.1 11.3 11.4 11.6 11.7 11.9 11.9 12.0 0.00 0.00 0.00 0.00 0.00 0.00 0.00 
8.92 9.04 9.13 9.19 9.38 9.56 9.70 9.88 10.2 10.4 10.5 10.8 11.0 11.1 11.2 11.4 11.6 11.8 11.8 0.00 0.00 0.00 0.00 0.00 0.00 0.00 0.00 
8.88 9.04 9.22 9.34 9.50 9.68 9.69 9.95 10.2 10.3 10.5 10.7 10.9 10.9 11.0 11.2 11.4 11.6 11.7 0.00 0.00 0.00 0.00 0.00 0.00 0.00 0.00 
8.87 9.06 9.23 9.38 9.49 9.55 9.73 9.75 9.92 10.2 10.4 10.6 10.8 10.7 10.9 11.1 11.3 11.5 11.6 0.00 0.00 0.00 0.00 0.00 0.00 0.00 0.00 
8.91 9.14 9.19 9.30 9.42 9.56 9.60 9.77 9.96 9.95 10.1 10.4 10.7 10.6 10.8 10.9 11.1 11.2 0.00 0.00 0.00 0.00 0.00 0.00 0.00 0.00 0.00 
8.89 9.14 9.27 9.40 9.53 9.61 9.63 9.80 10.1 10.0 10.1 10.3 10.6 10.7 0.00 0.00 0.00 0.00 0.00 0.00 0.00 0.00 0.00 0.00 0.00 0.00 0.00 
8.91 9.12 9.28 9.43 9.46 9.44 9.58 9.84 10.0 10.1 10.2 10.2 10.4 10.5 10.4 0.00 0.00 0.00 0.00 0.00 0.00 0.00 0.00 0.00 0.00 0.00 0.00 
