2016_CCC_ARR_IFD/catchment_depth_25min_02000aep.txt.asc
ncols         27
nrows         23
xllcorner     150.975
yllcorner     -33.6
cellsize      0.025
NODATA_value  -9999
43.1 43.0 43.7 44.2 43.9 43.6 43.8 44.7 45.6 47.0 48.4 49.1 49.6 50.4 51.0 51.5 52.2 52.5 53.2 53.8 54.3 55.0 55.6 56.0 56.4 56.8 57.2 
43.5 43.5 43.7 44.4 44.5 44.6 44.5 45.2 46.4 47.8 49.0 49.7 50.2 50.8 51.4 52.0 52.6 53.0 53.5 54.1 54.7 55.2 55.7 56.2 56.6 57.0 57.5 
43.1 43.6 44.4 44.5 44.5 44.8 45.2 45.8 47.3 48.3 49.2 50.0 50.5 51.1 51.9 52.5 53.3 54.0 54.2 54.4 55.0 55.5 55.9 56.4 56.9 57.3 57.7 
43.7 43.7 44.6 43.7 44.1 44.6 46.0 46.3 47.1 48.4 49.5 50.1 50.9 51.7 52.4 53.2 53.9 54.2 54.6 54.9 55.4 55.8 56.3 56.7 57.2 57.6 58.2 
43.7 43.6 44.5 43.5 44.4 45.2 46.1 46.9 48.2 49.4 49.9 50.4 51.5 52.2 53.0 53.8 54.5 54.7 55.1 55.5 55.8 56.1 56.5 57.0 57.5 58.0 58.4 
43.4 44.4 44.2 43.4 45.1 45.3 45.9 47.0 48.6 49.9 50.3 51.1 52.0 52.9 53.7 54.1 55.0 55.5 55.9 55.7 56.0 56.5 56.9 57.3 57.8 58.3 58.5 
43.4 43.8 43.7 44.0 45.5 45.5 46.6 47.7 49.2 50.4 50.9 51.8 52.5 53.5 54.4 54.5 55.4 56.0 56.3 56.3 56.4 56.8 57.2 57.6 58.1 58.6 59.0 
43.7 44.5 45.1 45.7 46.4 46.0 47.3 48.7 49.9 50.9 51.5 52.3 53.4 54.4 55.0 55.6 55.8 56.1 56.6 56.7 56.9 57.3 57.6 57.8 58.2 58.6 0.00 
44.0 45.0 45.4 46.3 46.4 46.9 47.6 49.5 50.2 51.4 52.3 53.0 54.1 54.9 55.6 56.0 56.2 56.6 56.9 57.2 57.4 57.6 57.8 58.1 58.4 58.7 0.00 
44.5 44.8 45.8 46.3 47.1 47.3 48.0 49.3 50.4 51.9 52.8 53.6 54.4 55.4 55.8 56.5 56.5 57.0 57.4 57.7 57.9 57.9 58.1 58.4 0.00 0.00 0.00 
44.8 45.2 45.7 46.1 47.6 47.8 48.7 50.1 51.2 52.5 53.3 53.9 54.8 55.5 56.4 57.0 57.1 57.4 57.7 57.9 58.0 58.2 58.5 58.7 58.9 0.00 0.00 
44.9 45.4 46.2 47.0 48.1 48.3 48.9 50.6 51.9 52.6 53.8 54.5 55.1 55.9 56.6 57.2 57.7 57.8 57.9 58.1 58.2 58.4 58.7 0.00 0.00 0.00 0.00 
45.3 46.0 46.7 47.6 48.3 48.6 49.1 51.0 52.1 52.6 53.9 54.6 55.3 56.0 56.8 57.2 57.5 58.1 58.0 58.2 58.4 58.6 0.00 0.00 0.00 0.00 0.00 
45.5 46.1 46.7 47.8 48.3 48.8 49.6 51.0 52.1 52.8 53.9 54.6 55.5 56.2 57.0 57.5 58.0 58.4 58.4 58.3 58.6 58.6 0.00 0.00 0.00 0.00 0.00 
45.6 46.1 46.7 47.8 48.6 49.4 49.7 50.8 52.2 52.8 53.7 54.8 55.6 56.3 56.9 57.5 58.1 58.5 58.8 58.6 59.0 0.00 0.00 0.00 0.00 0.00 0.00 
46.1 46.4 46.8 47.9 49.0 49.5 49.8 50.8 51.7 53.0 53.7 54.6 55.6 56.3 57.0 57.6 58.1 58.2 58.6 58.5 59.2 0.00 0.00 0.00 0.00 0.00 0.00 
46.4 46.8 47.0 47.7 48.6 49.9 50.3 50.4 52.1 53.0 53.6 54.2 55.4 56.1 56.4 57.2 57.6 58.1 58.0 58.1 0.00 0.00 0.00 0.00 0.00 0.00 0.00 
46.6 47.1 47.5 47.6 48.5 49.2 49.7 50.5 52.2 52.8 53.2 54.5 55.3 55.7 55.8 56.9 57.6 57.9 57.8 0.00 0.00 0.00 0.00 0.00 0.00 0.00 0.00 
46.5 47.2 48.0 48.6 49.3 50.0 49.9 51.1 52.2 52.4 53.2 54.1 55.0 54.8 55.4 56.2 57.0 57.5 57.8 0.00 0.00 0.00 0.00 0.00 0.00 0.00 0.00 
46.5 47.4 48.2 48.9 49.3 49.5 50.3 50.2 50.9 52.2 52.9 54.0 54.8 54.5 55.0 56.2 56.9 57.4 57.7 0.00 0.00 0.00 0.00 0.00 0.00 0.00 0.00 
46.8 47.9 48.1 48.6 49.1 49.7 49.7 50.5 51.3 51.2 51.9 53.3 54.5 54.0 55.1 55.6 56.2 56.5 0.00 0.00 0.00 0.00 0.00 0.00 0.00 0.00 0.00 
46.8 48.0 48.6 49.2 49.7 50.0 50.0 50.8 52.0 51.8 51.9 53.0 54.4 54.7 0.00 0.00 0.00 0.00 0.00 0.00 0.00 0.00 0.00 0.00 0.00 0.00 0.00 
46.9 47.9 48.7 49.4 49.5 49.3 49.9 51.2 52.0 52.4 53.0 52.9 54.0 54.1 53.8 0.00 0.00 0.00 0.00 0.00 0.00 0.00 0.00 0.00 0.00 0.00 0.00 
