2016_CCC_ARR_IFD/catchment_depth_10080min_18127aep.txt.asc
ncols         27
nrows         23
xllcorner     150.975
yllcorner     -33.6
cellsize      0.025
NODATA_value  -9999
187 185 195 201 194 186 183 190 197 211 229 233 232 247 249 255 243 228 232 236 237 242 248 247 247 247 247 
196 196 198 204 203 199 193 197 207 223 239 253 248 247 259 240 235 231 232 235 239 242 245 246 247 248 248 
191 199 208 207 204 204 203 204 220 228 239 247 243 237 254 264 249 242 238 237 240 242 244 246 249 249 250 
202 203 212 198 200 202 214 212 214 226 237 237 242 244 255 245 247 239 240 240 244 245 247 249 250 252 257 
204 203 212 199 205 209 215 219 230 245 238 230 247 239 251 243 251 243 244 247 248 248 248 250 252 255 256 
200 213 210 200 214 211 210 217 235 249 239 240 241 243 251 241 249 253 254 248 249 251 252 252 255 259 257 
194 205 202 205 219 211 219 226 239 255 246 243 236 258 252 243 250 256 256 253 253 254 254 255 258 262 266 
194 212 219 224 228 214 226 240 250 261 248 239 245 251 259 257 252 253 256 255 254 256 257 255 257 259 0.00 
200 219 220 230 226 225 224 250 250 265 270 258 253 253 260 257 255 256 257 258 258 257 257 257 258 258 0.00 
206 208 223 226 232 227 225 239 245 269 272 270 276 263 259 264 257 259 260 262 261 260 259 260 0.00 0.00 0.00 
206 210 215 212 236 229 235 251 260 278 285 268 266 281 273 274 265 263 263 263 262 262 263 264 265 0.00 0.00 
200 206 218 228 242 233 232 256 273 272 289 288 273 275 277 277 276 270 266 265 265 265 266 0.00 0.00 0.00 0.00 
204 215 224 236 241 235 232 261 273 266 286 287 294 274 277 276 274 276 270 268 268 268 0.00 0.00 0.00 0.00 0.00 
206 213 218 234 234 235 239 259 268 269 282 280 296 287 284 281 283 286 278 272 273 270 0.00 0.00 0.00 0.00 0.00 
201 208 214 229 239 245 239 250 271 266 274 286 295 286 283 285 287 289 288 279 282 0.00 0.00 0.00 0.00 0.00 0.00 
211 211 214 228 244 244 241 250 259 273 273 281 294 288 287 289 292 285 286 280 295 0.00 0.00 0.00 0.00 0.00 0.00 
216 217 216 223 233 253 252 245 267 276 274 275 289 287 288 288 286 286 280 277 0.00 0.00 0.00 0.00 0.00 0.00 0.00 
217 222 223 223 232 240 243 249 272 273 270 286 289 285 280 287 289 287 280 0.00 0.00 0.00 0.00 0.00 0.00 0.00 0.00 
217 224 235 241 249 256 248 262 275 270 275 280 287 275 276 279 283 285 285 0.00 0.00 0.00 0.00 0.00 0.00 0.00 0.00 
219 231 241 250 252 250 258 250 256 270 273 283 286 271 272 283 287 289 288 0.00 0.00 0.00 0.00 0.00 0.00 0.00 0.00 
227 244 242 247 251 257 252 259 266 256 260 273 285 267 276 276 280 278 0.00 0.00 0.00 0.00 0.00 0.00 0.00 0.00 0.00 
231 249 256 263 267 267 261 268 281 271 262 272 288 283 0.00 0.00 0.00 0.00 0.00 0.00 0.00 0.00 0.00 0.00 0.00 0.00 0.00 
237 253 264 273 268 259 264 279 284 284 285 272 283 273 260 0.00 0.00 0.00 0.00 0.00 0.00 0.00 0.00 0.00 0.00 0.00 0.00 
