2016_CCC_ARR_IFD/catchment_depth_90min_01000aep.txt.asc
ncols         27
nrows         23
xllcorner     150.975
yllcorner     -33.6
cellsize      0.025
NODATA_value  -9999
73.4 73.4 75.0 76.2 76.1 76.0 76.7 78.5 80.4 83.2 85.9 87.4 88.6 90.3 91.7 93.0 93.9 93.9 95.5 97.0 98.4 99.9 101 102 103 104 105 
74.3 74.7 75.5 76.9 77.6 78.2 78.6 80.2 82.4 85.2 87.5 89.0 90.3 91.7 93.0 93.9 93.9 95.5 96.9 98.2 99.6 101 102 103 104 105 106 
74.0 75.3 76.9 77.7 78.2 79.3 80.4 81.7 84.7 86.7 88.7 90.3 91.7 92.8 94.6 95.8 97.1 97.3 98.5 99.6 101 102 103 104 105 106 107 
75.2 75.8 77.6 76.8 78.1 79.5 82.3 83.4 85.2 87.8 90.0 91.6 93.3 94.9 96.4 97.6 98.6 99.2 100 101 102 103 104 105 106 107 109 
75.4 76.0 77.9 77.1 79.1 80.9 83.1 85.1 87.7 90.1 91.6 93.0 95.2 96.8 98.5 99.5 101 101 102 103 104 105 106 107 107 109 109 
75.2 77.3 77.8 77.3 80.7 81.6 83.2 85.7 89.2 91.6 93.2 95.3 97.3 99.2 101 101 103 104 105 105 105 106 107 108 109 110 110 
75.2 76.7 77.2 78.4 81.7 82.3 84.9 87.6 90.7 93.2 95.1 97.3 98.5 101 103 103 105 106 107 107 107 108 108 109 110 111 112 
75.6 77.8 79.6 81.4 83.3 83.4 86.5 89.8 92.5 94.7 96.8 98.5 101 104 106 107 107 108 108 109 109 109 110 110 111 111 0.00 
76.3 78.8 80.2 82.5 83.6 85.1 87.0 91.5 93.6 96.4 98.6 101 103 105 107 108 109 110 110 111 111 111 111 111 111 112 0.00 
77.0 78.2 80.8 82.5 84.8 85.9 87.7 91.3 94.0 97.9 100 102 104 107 108 109 110 111 112 112 112 112 112 112 0.00 0.00 0.00 
77.3 78.8 80.5 81.7 85.5 86.7 89.3 93.0 96.0 99.2 101 103 105 107 109 111 111 112 113 113 113 113 113 113 113 0.00 0.00 
77.2 78.8 81.0 83.5 86.5 87.4 89.1 93.8 97.3 99.6 103 105 106 108 110 111 113 113 113 113 113 113 113 0.00 0.00 0.00 0.00 
77.6 79.6 81.8 84.4 86.6 87.8 89.2 94.4 97.6 99.1 103 105 107 108 110 111 112 113 113 113 113 113 0.00 0.00 0.00 0.00 0.00 
77.8 79.5 81.4 84.3 86.0 87.8 89.9 94.1 97.1 99.2 102 104 107 108 110 111 113 114 114 113 114 113 0.00 0.00 0.00 0.00 0.00 
77.7 79.3 81.0 83.8 86.5 88.8 89.8 92.9 97.1 98.5 101 104 106 108 109 111 112 114 114 114 114 0.00 0.00 0.00 0.00 0.00 0.00 
78.1 79.4 81.0 83.7 86.9 88.6 89.7 92.4 95.2 98.7 100 103 106 107 109 110 112 112 113 113 115 0.00 0.00 0.00 0.00 0.00 0.00 
78.3 79.6 81.1 83.1 85.6 89.3 90.8 90.9 95.8 98.4 99.7 101 105 106 106 109 110 111 111 111 0.00 0.00 0.00 0.00 0.00 0.00 0.00 
78.4 79.9 81.7 82.9 85.2 87.3 88.8 90.9 95.8 97.3 98.1 102 104 105 104 108 110 111 110 0.00 0.00 0.00 0.00 0.00 0.00 0.00 0.00 
78.8 80.4 82.8 84.8 87.0 89.2 89.0 92.4 95.6 95.8 97.9 100 103 101 103 105 107 109 110 0.00 0.00 0.00 0.00 0.00 0.00 0.00 0.00 
79.1 81.3 83.5 85.7 87.1 87.8 90.0 89.4 91.3 95.0 96.5 99.8 102 99.9 101 105 107 108 109 0.00 0.00 0.00 0.00 0.00 0.00 0.00 0.00 
79.9 82.7 83.6 85.1 86.6 88.4 88.3 90.3 92.3 91.3 93.1 96.9 100 98.2 101 102 104 105 0.00 0.00 0.00 0.00 0.00 0.00 0.00 0.00 0.00 
80.1 83.3 85.1 87.0 88.6 89.5 89.3 91.2 94.5 93.4 92.8 95.9 100 100 0.00 0.00 0.00 0.00 0.00 0.00 0.00 0.00 0.00 0.00 0.00 0.00 0.00 
80.8 83.7 85.9 87.9 88.3 87.4 89.0 92.5 94.4 95.2 96.4 95.3 98.3 97.9 96.3 0.00 0.00 0.00 0.00 0.00 0.00 0.00 0.00 0.00 0.00 0.00 0.00 
