2016_CCC_ARR_IFD/catchment_depth_4320min_20000aep.txt.asc
ncols         27
nrows         23
xllcorner     150.975
yllcorner     -33.6
cellsize      0.025
NODATA_value  -9999
159 157 166 170 165 158 154 161 167 179 194 198 197 210 211 216 206 193 196 199 200 205 209 208 207 207 207 
167 166 168 173 172 169 164 167 175 189 204 216 211 210 220 204 200 195 196 198 201 204 206 207 207 207 207 
163 170 177 177 173 173 172 173 187 194 204 211 207 201 216 224 212 206 201 199 202 204 205 206 208 209 208 
173 173 181 169 170 171 183 180 182 193 202 202 207 208 217 209 210 202 203 202 205 206 207 208 209 210 214 
174 173 181 170 175 179 184 186 197 210 204 196 211 203 214 207 213 206 206 208 208 208 208 210 210 213 214 
171 182 179 170 183 180 179 185 201 213 204 205 206 207 214 204 211 214 215 209 209 210 210 211 213 216 213 
166 176 173 175 187 181 187 193 206 219 211 208 200 220 215 205 211 216 216 212 212 212 213 213 215 219 222 
166 182 188 192 196 183 194 206 215 225 213 204 209 213 221 218 212 212 214 213 213 214 215 213 214 215 0.00 
172 188 190 198 194 193 192 215 215 229 233 221 216 214 221 217 214 214 214 215 216 214 214 214 215 215 0.00 
177 179 192 194 200 195 193 206 210 233 236 233 238 224 219 223 215 216 216 218 218 216 216 217 0.00 0.00 0.00 
177 180 185 182 203 197 202 217 225 241 248 230 228 242 232 232 222 219 219 219 218 218 219 220 220 0.00 0.00 
172 178 188 197 209 201 199 221 237 236 251 250 234 235 235 234 232 226 222 221 221 220 221 0.00 0.00 0.00 0.00 
176 185 193 204 208 202 199 226 237 229 248 248 254 233 235 232 229 231 225 224 223 223 0.00 0.00 0.00 0.00 0.00 
177 184 188 202 202 202 205 223 231 231 243 240 255 244 241 237 238 240 233 227 228 225 0.00 0.00 0.00 0.00 0.00 
173 179 184 197 206 211 205 214 233 228 234 245 253 243 239 240 241 243 242 233 236 0.00 0.00 0.00 0.00 0.00 0.00 
183 182 184 197 210 210 206 214 221 233 233 239 251 244 242 243 246 239 239 234 247 0.00 0.00 0.00 0.00 0.00 0.00 
187 188 185 191 200 217 216 208 228 235 233 233 246 243 242 243 240 240 234 232 0.00 0.00 0.00 0.00 0.00 0.00 0.00 
188 192 192 191 199 204 206 211 232 232 229 243 245 240 236 241 242 240 234 0.00 0.00 0.00 0.00 0.00 0.00 0.00 0.00 
187 193 203 207 213 219 210 223 234 228 232 236 242 231 232 235 237 239 238 0.00 0.00 0.00 0.00 0.00 0.00 0.00 0.00 
188 198 207 214 215 212 219 211 215 228 229 239 241 228 228 237 241 242 241 0.00 0.00 0.00 0.00 0.00 0.00 0.00 0.00 
195 209 207 210 213 218 213 218 224 215 218 229 240 224 231 231 234 233 0.00 0.00 0.00 0.00 0.00 0.00 0.00 0.00 0.00 
197 213 219 224 227 226 221 226 237 227 220 228 242 238 0.00 0.00 0.00 0.00 0.00 0.00 0.00 0.00 0.00 0.00 0.00 0.00 0.00 
203 216 224 232 227 219 223 235 240 239 240 228 237 229 218 0.00 0.00 0.00 0.00 0.00 0.00 0.00 0.00 0.00 0.00 0.00 0.00 
