2016_CCC_ARR_IFD/catchment_depth_7200min_98168aep.txt.asc
ncols         27
nrows         23
xllcorner     150.975
yllcorner     -33.6
cellsize      0.025
NODATA_value  -9999
60.3 59.3 62.8 64.4 62.0 59.0 57.3 59.6 61.5 65.9 71.4 72.4 71.3 76.2 76.2 77.9 71.9 65.3 66.3 67.4 68.0 69.7 71.3 71.5 71.9 72.4 72.9 
63.1 62.8 63.3 65.2 64.6 63.2 60.8 61.6 64.6 69.6 74.9 79.2 76.8 75.9 79.5 71.2 67.7 66.1 66.5 67.4 68.7 69.8 70.8 71.5 72.2 72.7 73.3 
60.9 63.7 66.6 66.2 64.7 64.5 63.7 63.6 68.9 71.4 74.8 76.9 74.8 71.2 77.5 80.3 73.5 69.3 68.3 68.1 69.1 70.0 70.8 71.7 72.8 73.4 73.9 
64.6 64.5 67.6 62.5 63.0 63.3 67.6 66.0 66.5 70.2 73.6 72.9 73.9 73.6 77.0 72.0 71.6 68.7 69.1 69.2 70.4 71.0 71.7 72.6 73.3 74.3 76.1 
64.6 64.1 67.2 62.4 64.4 65.6 67.3 68.2 72.0 76.9 73.8 69.5 75.4 70.8 74.8 70.7 72.9 70.1 70.4 71.4 71.7 72.0 72.3 73.3 74.0 75.4 76.0 
62.9 67.4 66.0 62.1 67.2 65.6 64.8 66.8 73.2 78.1 73.1 72.8 72.3 72.2 74.2 70.0 72.4 73.1 73.6 72.0 72.4 73.0 73.5 74.0 75.2 76.6 76.2 
60.5 64.1 62.8 63.5 68.3 65.3 67.5 69.7 74.4 79.8 75.2 73.4 70.0 77.4 74.6 70.8 72.7 74.5 74.3 73.5 73.6 74.1 74.6 75.0 76.1 77.7 79.1 
59.9 66.2 68.2 69.8 71.2 65.6 69.6 74.3 77.6 81.2 75.7 71.6 73.0 74.3 76.8 75.4 73.6 73.6 74.4 74.2 74.3 75.1 75.5 75.3 76.1 76.8 0.00 
61.8 67.9 68.4 71.6 69.9 69.0 68.5 77.2 76.9 81.7 82.9 77.8 75.5 74.9 76.9 75.6 74.7 74.8 74.9 75.3 75.7 75.5 75.8 76.1 76.6 76.8 0.00 
63.5 63.8 68.8 69.5 71.5 69.3 68.5 72.9 74.4 82.4 83.0 81.7 83.3 78.2 76.6 77.9 75.5 75.8 76.0 76.8 76.8 76.5 76.7 77.2 0.00 0.00 0.00 
62.9 64.1 65.7 64.4 72.1 69.7 71.5 76.6 79.1 84.8 87.0 80.7 79.7 84.4 81.3 81.3 78.1 77.3 77.1 77.3 77.3 77.4 78.1 78.7 78.9 0.00 0.00 
60.7 62.6 66.1 69.4 73.8 70.8 69.9 77.7 83.1 82.4 87.5 87.0 81.8 82.2 82.5 82.3 81.8 79.8 78.5 78.5 78.5 78.6 79.1 0.00 0.00 0.00 0.00 
61.4 65.0 67.8 71.6 72.9 70.9 69.7 78.9 82.6 80.1 86.3 86.3 88.4 81.9 82.7 82.2 81.3 81.8 80.1 79.7 79.8 79.7 0.00 0.00 0.00 0.00 0.00 
61.7 64.1 65.5 70.4 70.4 70.5 71.6 77.8 80.7 80.7 84.7 83.9 88.9 85.8 84.9 84.0 84.5 85.2 82.9 81.2 81.5 80.7 0.00 0.00 0.00 0.00 0.00 
59.8 62.0 63.8 68.3 71.4 73.4 71.4 74.8 81.2 79.6 81.9 85.6 88.4 85.7 85.0 85.4 86.0 86.6 86.4 83.7 84.5 0.00 0.00 0.00 0.00 0.00 0.00 
62.6 62.5 63.4 67.8 72.5 72.7 71.7 74.6 77.2 81.4 81.7 84.0 88.0 86.3 86.3 86.9 87.8 85.5 85.9 84.3 88.6 0.00 0.00 0.00 0.00 0.00 0.00 
63.6 64.0 63.6 65.7 68.9 74.8 74.7 72.6 79.4 82.1 81.8 82.4 86.5 86.4 87.0 87.1 86.4 86.2 84.4 83.6 0.00 0.00 0.00 0.00 0.00 0.00 0.00 
63.5 65.0 65.4 65.5 68.3 70.6 71.7 73.7 80.5 81.1 80.7 85.4 86.7 85.8 84.8 86.8 87.2 86.6 84.5 0.00 0.00 0.00 0.00 0.00 0.00 0.00 0.00 
62.9 65.1 68.5 70.3 72.7 75.1 72.8 77.3 81.3 80.0 81.8 83.7 85.9 83.2 83.7 84.7 85.7 86.3 86.2 0.00 0.00 0.00 0.00 0.00 0.00 0.00 0.00 
63.2 66.5 69.7 72.4 73.1 72.8 75.5 73.7 75.6 80.1 81.2 84.6 85.8 82.1 82.3 85.6 86.9 87.5 87.3 0.00 0.00 0.00 0.00 0.00 0.00 0.00 0.00 
64.9 69.8 69.5 71.0 72.5 74.6 73.7 76.0 78.3 76.1 77.6 81.8 85.5 80.9 83.5 83.6 84.9 84.5 0.00 0.00 0.00 0.00 0.00 0.00 0.00 0.00 0.00 
65.4 70.6 73.0 75.2 76.8 77.2 76.1 78.5 82.7 80.2 78.5 81.5 86.4 85.3 0.00 0.00 0.00 0.00 0.00 0.00 0.00 0.00 0.00 0.00 0.00 0.00 0.00 
66.8 71.3 74.5 77.4 76.7 74.9 76.9 81.5 83.6 84.0 84.8 81.8 84.9 82.5 79.0 0.00 0.00 0.00 0.00 0.00 0.00 0.00 0.00 0.00 0.00 0.00 0.00 
