2016_CCC_ARR_IFD/catchment_depth_4min_00100aep.txt.asc
ncols         27
nrows         23
xllcorner     150.975
yllcorner     -33.6
cellsize      0.025
NODATA_value  -9999
22.7 22.7 23.0 23.3 23.4 23.5 23.7 24.2 24.8 25.4 26.0 26.4 26.9 27.2 27.7 28.0 28.9 29.7 30.2 30.7 31.1 31.4 31.8 32.0 32.3 32.6 32.9 
22.8 22.9 23.1 23.4 23.6 23.8 24.1 24.5 25.1 25.8 26.3 26.6 27.1 27.6 27.8 28.8 29.3 30.1 30.6 31.1 31.4 31.8 32.1 32.4 32.6 32.9 33.2 
22.6 22.9 23.3 23.5 23.7 24.0 24.4 24.8 25.5 26.1 26.6 27.0 27.5 28.2 28.4 28.6 29.6 30.3 30.9 31.5 31.8 32.1 32.3 32.6 32.9 33.2 33.4 
22.8 22.9 23.4 23.2 23.5 23.9 24.7 25.1 25.6 26.3 26.9 27.4 27.9 28.5 28.8 29.7 30.2 30.9 31.3 31.7 32.1 32.4 32.6 32.9 33.2 33.4 33.7 
22.7 22.8 23.3 23.0 23.6 24.2 24.8 25.4 26.1 26.6 27.2 27.9 28.3 29.2 29.5 30.3 30.7 31.3 31.7 32.0 32.3 32.6 32.9 33.2 33.4 33.7 33.9 
22.6 23.1 23.2 22.9 23.9 24.2 24.7 25.4 26.3 26.9 27.6 28.3 29.0 29.7 30.2 30.8 31.3 31.7 32.0 32.3 32.5 32.8 33.1 33.4 33.6 33.8 34.0 
22.5 22.8 22.9 23.2 24.0 24.3 25.0 25.8 26.6 27.2 27.9 28.7 29.4 29.8 30.7 31.1 31.7 32.1 32.4 32.6 32.8 33.1 33.3 33.6 33.8 34.0 34.2 
22.5 23.0 23.5 23.9 24.4 24.5 25.3 26.2 26.9 27.5 28.2 29.1 29.9 30.6 31.1 31.6 32.0 32.4 32.7 32.9 33.1 33.3 33.6 33.7 33.9 34.1 0.00 
22.6 23.2 23.5 24.2 24.4 24.8 25.4 26.5 27.1 27.8 28.4 29.3 30.2 30.9 31.5 31.9 32.3 32.7 33.0 33.3 33.4 33.5 33.7 33.9 34.1 34.2 0.00 
22.8 23.0 23.7 24.1 24.6 25.0 25.5 26.4 27.2 28.0 28.7 29.4 29.9 31.0 31.5 32.1 32.4 33.0 33.3 33.5 33.6 33.7 33.8 34.0 0.00 0.00 0.00 
22.8 23.1 23.5 23.9 24.8 25.1 25.8 26.7 27.5 28.2 28.8 29.6 30.3 30.7 31.6 32.1 32.6 33.1 33.4 33.5 33.6 33.7 33.9 34.1 34.2 0.00 0.00 
22.7 23.1 23.6 24.2 25.0 25.2 25.7 26.8 27.7 28.3 29.1 29.7 30.3 31.0 31.6 32.1 32.7 33.0 33.2 33.4 33.5 33.7 33.8 0.00 0.00 0.00 0.00 
22.8 23.2 23.8 24.4 25.0 25.3 25.7 26.9 27.7 28.2 29.0 29.6 30.1 30.9 31.5 32.0 32.4 32.9 33.0 33.2 33.4 33.5 0.00 0.00 0.00 0.00 0.00 
22.8 23.2 23.7 24.4 24.8 25.2 25.8 26.8 27.6 28.2 28.9 29.5 30.0 30.7 31.3 31.9 32.3 32.8 33.0 33.0 33.3 33.3 0.00 0.00 0.00 0.00 0.00 
22.7 23.1 23.5 24.2 24.9 25.4 25.7 26.5 27.5 28.0 28.7 29.4 30.0 30.6 31.1 31.6 32.1 32.5 32.8 32.9 33.2 0.00 0.00 0.00 0.00 0.00 0.00 
22.8 23.1 23.5 24.2 24.9 25.4 25.7 26.4 27.1 27.9 28.5 29.1 29.8 30.3 30.8 31.4 31.9 32.1 32.5 32.6 32.9 0.00 0.00 0.00 0.00 0.00 0.00 
22.9 23.2 23.5 24.0 24.6 25.5 25.9 26.0 27.1 27.8 28.2 28.7 29.5 30.0 30.1 30.8 31.3 31.7 31.8 32.1 0.00 0.00 0.00 0.00 0.00 0.00 0.00 
22.9 23.3 23.6 23.9 24.5 25.0 25.4 25.9 27.1 27.5 27.8 28.7 29.2 29.5 29.6 30.4 31.0 31.4 31.4 0.00 0.00 0.00 0.00 0.00 0.00 0.00 0.00 
22.9 23.3 23.9 24.3 24.8 25.4 25.4 26.2 27.0 27.1 27.6 28.2 28.9 28.7 29.2 29.7 30.4 30.9 31.2 0.00 0.00 0.00 0.00 0.00 0.00 0.00 0.00 
23.0 23.5 24.0 24.5 24.9 25.0 25.6 25.5 26.0 26.9 27.3 28.1 28.6 28.3 28.7 29.6 30.1 30.6 30.9 0.00 0.00 0.00 0.00 0.00 0.00 0.00 0.00 
23.1 23.8 23.9 24.3 24.7 25.1 25.1 25.6 26.2 26.0 26.5 27.4 28.2 27.8 28.6 28.9 29.5 29.8 0.00 0.00 0.00 0.00 0.00 0.00 0.00 0.00 0.00 
23.1 23.9 24.3 24.7 25.1 25.3 25.3 25.8 26.6 26.4 26.3 27.1 28.1 28.2 0.00 0.00 0.00 0.00 0.00 0.00 0.00 0.00 0.00 0.00 0.00 0.00 0.00 
23.2 23.9 24.4 24.9 25.0 24.8 25.2 26.0 26.5 26.8 27.1 26.9 27.6 27.6 27.3 0.00 0.00 0.00 0.00 0.00 0.00 0.00 0.00 0.00 0.00 0.00 0.00 
