2016_CCC_ARR_IFD/catchment_depth_1min_95021aep.txt.asc
ncols         27
nrows         23
xllcorner     150.975
yllcorner     -33.6
cellsize      0.025
NODATA_value  -9999
1.19 1.19 1.19 1.20 1.19 1.19 1.19 1.20 1.21 1.24 1.26 1.27 1.28 1.30 1.31 1.33 1.33 1.35 1.37 1.38 1.40 1.41 1.43 1.44 1.45 1.47 1.48 
1.20 1.20 1.21 1.21 1.21 1.21 1.21 1.22 1.24 1.26 1.29 1.31 1.31 1.32 1.34 1.34 1.35 1.37 1.39 1.40 1.42 1.43 1.44 1.46 1.47 1.48 1.49 
1.21 1.21 1.22 1.23 1.23 1.23 1.23 1.24 1.26 1.28 1.30 1.32 1.32 1.33 1.35 1.36 1.37 1.38 1.40 1.42 1.43 1.45 1.46 1.47 1.48 1.50 1.51 
1.22 1.22 1.24 1.23 1.23 1.24 1.26 1.26 1.27 1.29 1.31 1.32 1.34 1.35 1.36 1.37 1.39 1.41 1.42 1.44 1.45 1.47 1.48 1.49 1.50 1.51 1.52 
1.23 1.23 1.24 1.24 1.25 1.26 1.27 1.28 1.30 1.33 1.33 1.33 1.35 1.36 1.38 1.39 1.40 1.42 1.44 1.46 1.47 1.48 1.50 1.51 1.52 1.53 1.54 
1.23 1.25 1.25 1.25 1.27 1.27 1.28 1.29 1.32 1.34 1.34 1.35 1.36 1.38 1.39 1.41 1.42 1.44 1.46 1.48 1.49 1.50 1.51 1.52 1.53 1.54 1.55 
1.24 1.25 1.26 1.27 1.28 1.28 1.30 1.31 1.34 1.36 1.36 1.37 1.37 1.40 1.41 1.42 1.44 1.46 1.48 1.49 1.51 1.52 1.53 1.54 1.55 1.56 1.57 
1.24 1.26 1.27 1.29 1.30 1.29 1.32 1.34 1.36 1.38 1.38 1.37 1.39 1.41 1.43 1.44 1.46 1.48 1.50 1.51 1.52 1.53 1.54 1.55 1.56 1.57 0.00 
1.25 1.27 1.28 1.30 1.31 1.31 1.32 1.36 1.37 1.40 1.42 1.41 1.41 1.42 1.44 1.46 1.48 1.50 1.51 1.53 1.54 1.55 1.56 1.57 1.58 1.58 0.00 
1.26 1.27 1.29 1.30 1.32 1.32 1.33 1.36 1.37 1.42 1.44 1.44 1.45 1.44 1.45 1.47 1.49 1.51 1.53 1.54 1.55 1.56 1.57 1.58 0.00 0.00 0.00 
1.26 1.27 1.29 1.29 1.33 1.33 1.35 1.38 1.40 1.44 1.46 1.44 1.44 1.48 1.47 1.49 1.51 1.53 1.55 1.56 1.57 1.58 1.59 1.59 1.60 0.00 0.00 
1.26 1.28 1.29 1.32 1.34 1.34 1.35 1.39 1.43 1.44 1.48 1.49 1.46 1.47 1.48 1.50 1.52 1.54 1.55 1.57 1.58 1.59 1.60 0.00 0.00 0.00 0.00 
1.27 1.29 1.31 1.33 1.35 1.35 1.35 1.41 1.44 1.43 1.48 1.49 1.51 1.47 1.49 1.51 1.52 1.55 1.56 1.58 1.59 1.60 0.00 0.00 0.00 0.00 0.00 
1.27 1.29 1.30 1.33 1.34 1.35 1.36 1.40 1.43 1.44 1.47 1.47 1.51 1.50 1.50 1.51 1.53 1.56 1.57 1.59 1.60 1.61 0.00 0.00 0.00 0.00 0.00 
1.28 1.29 1.30 1.33 1.35 1.37 1.37 1.39 1.44 1.43 1.45 1.49 1.52 1.50 1.50 1.52 1.54 1.56 1.58 1.60 1.61 0.00 0.00 0.00 0.00 0.00 0.00 
1.29 1.30 1.31 1.33 1.36 1.37 1.37 1.39 1.41 1.45 1.45 1.48 1.52 1.51 1.50 1.53 1.56 1.57 1.59 1.60 1.62 0.00 0.00 0.00 0.00 0.00 0.00 
1.30 1.31 1.32 1.33 1.35 1.39 1.39 1.39 1.43 1.46 1.46 1.47 1.51 1.51 1.51 1.53 1.55 1.57 1.59 1.61 0.00 0.00 0.00 0.00 0.00 0.00 0.00 
1.30 1.32 1.33 1.34 1.36 1.37 1.39 1.40 1.45 1.46 1.46 1.50 1.52 1.51 1.52 1.55 1.57 1.58 1.60 0.00 0.00 0.00 0.00 0.00 0.00 0.00 0.00 
1.31 1.33 1.35 1.36 1.38 1.40 1.40 1.42 1.46 1.46 1.47 1.50 1.52 1.52 1.54 1.56 1.58 1.60 1.61 0.00 0.00 0.00 0.00 0.00 0.00 0.00 0.00 
1.32 1.34 1.36 1.38 1.39 1.40 1.42 1.42 1.43 1.46 1.48 1.51 1.53 1.53 1.55 1.58 1.60 1.62 1.63 0.00 0.00 0.00 0.00 0.00 0.00 0.00 0.00 
1.34 1.36 1.37 1.38 1.39 1.41 1.42 1.44 1.45 1.46 1.48 1.51 1.55 1.55 1.57 1.59 1.61 1.62 0.00 0.00 0.00 0.00 0.00 0.00 0.00 0.00 0.00 
1.35 1.37 1.39 1.40 1.42 1.43 1.44 1.46 1.49 1.49 1.50 1.53 1.57 1.58 0.00 0.00 0.00 0.00 0.00 0.00 0.00 0.00 0.00 0.00 0.00 0.00 0.00 
1.36 1.38 1.40 1.42 1.43 1.43 1.45 1.48 1.51 1.53 1.55 1.55 1.58 1.59 1.60 0.00 0.00 0.00 0.00 0.00 0.00 0.00 0.00 0.00 0.00 0.00 0.00 
