2016_CCC_ARR_IFD/catchment_depth_10min_00050aep.txt.asc
ncols         27
nrows         23
xllcorner     150.975
yllcorner     -33.6
cellsize      0.025
NODATA_value  -9999
48.6 48.5 49.3 50.0 49.9 49.9 50.5 51.6 52.7 54.2 55.4 56.3 57.3 57.8 58.8 59.5 61.8 64.3 65.5 66.5 67.4 68.1 68.8 69.4 69.9 70.5 71.1 
48.8 48.9 49.2 49.9 50.3 50.6 50.9 51.9 53.2 54.7 55.7 56.3 57.4 58.4 58.9 61.4 63.3 64.9 66.0 67.1 67.9 68.6 69.2 69.7 70.2 70.8 71.3 
48.1 48.8 49.6 49.9 50.1 50.7 51.3 52.2 53.8 55.0 56.0 56.9 58.0 59.5 59.8 60.3 62.9 65.2 66.4 67.6 68.2 68.8 69.3 69.9 70.5 71.0 71.5 
48.5 48.6 49.6 48.8 49.4 50.2 51.8 52.6 53.7 55.1 56.3 57.5 58.6 59.8 60.5 62.7 64.1 65.7 66.7 67.6 68.4 69.0 69.5 70.1 70.6 71.2 71.7 
48.3 48.3 49.3 48.3 49.5 50.5 51.7 52.9 54.4 55.7 56.7 58.1 59.0 60.9 61.6 63.6 64.6 66.0 66.9 67.7 68.4 69.0 69.6 70.2 70.7 71.3 71.7 
47.7 48.9 48.8 47.9 50.0 50.4 51.4 52.8 54.6 55.9 57.1 58.4 59.9 61.4 62.4 64.1 65.2 66.2 67.1 67.7 68.2 69.0 69.6 70.2 70.8 71.3 71.7 
47.5 48.0 47.9 48.3 50.1 50.4 51.8 53.3 54.9 56.3 57.4 59.0 60.7 61.2 63.0 64.3 65.5 66.4 67.2 67.8 68.3 69.0 69.7 70.2 70.8 71.3 71.7 
47.6 48.5 49.2 50.0 50.9 50.8 52.3 54.0 55.4 56.5 57.8 59.6 61.2 62.5 63.3 64.7 65.6 66.4 67.3 67.8 68.4 69.1 69.7 70.2 70.7 71.2 0.00 
47.7 48.9 49.3 50.5 50.7 51.4 52.4 54.5 55.5 56.9 58.0 59.6 61.5 62.9 63.9 64.9 65.7 66.5 67.3 67.9 68.5 69.0 69.6 70.1 70.6 71.0 0.00 
48.0 48.4 49.6 50.2 51.2 51.7 52.7 54.2 55.6 57.2 58.4 59.6 60.7 62.9 63.9 65.0 65.6 66.5 67.3 68.0 68.5 68.9 69.5 70.1 0.00 0.00 0.00 
48.1 48.6 49.3 49.8 51.4 51.9 53.1 54.7 56.0 57.4 58.4 59.9 61.4 62.0 63.7 64.8 65.7 66.4 67.1 67.7 68.2 68.7 69.4 69.9 70.4 0.00 0.00 
48.0 48.6 49.5 50.6 51.9 52.2 53.1 54.9 56.4 57.5 58.7 59.8 61.2 62.5 63.6 64.7 65.6 66.3 66.8 67.4 67.9 68.5 69.0 0.00 0.00 0.00 0.00 
48.1 49.0 49.9 51.0 51.9 52.3 53.1 55.1 56.4 57.3 58.7 59.7 60.7 62.3 63.4 64.4 65.1 66.0 66.4 67.0 67.5 68.1 0.00 0.00 0.00 0.00 0.00 
48.1 48.9 49.7 51.0 51.6 52.3 53.3 54.9 56.2 57.3 58.5 59.7 60.5 61.9 63.1 64.1 65.0 65.7 66.2 66.6 67.2 67.6 0.00 0.00 0.00 0.00 0.00 
47.8 48.6 49.4 50.7 51.8 52.7 53.2 54.5 56.1 57.0 58.2 59.4 60.3 61.6 62.7 63.7 64.5 65.3 65.9 66.3 66.9 0.00 0.00 0.00 0.00 0.00 0.00 
48.5 48.8 49.4 50.7 51.9 52.6 53.1 54.3 55.5 56.9 57.9 59.0 60.1 61.2 62.4 63.2 64.0 64.5 65.3 65.7 66.4 0.00 0.00 0.00 0.00 0.00 0.00 
48.8 49.3 49.4 50.3 51.3 52.8 53.4 53.8 55.6 56.7 57.5 58.5 59.7 60.7 61.3 62.4 63.1 63.9 64.3 64.8 0.00 0.00 0.00 0.00 0.00 0.00 0.00 
48.8 49.5 49.8 50.0 51.0 51.9 52.7 53.6 55.4 56.2 56.9 58.3 59.3 60.0 60.4 61.7 62.6 63.3 63.6 0.00 0.00 0.00 0.00 0.00 0.00 0.00 0.00 
48.5 49.4 50.3 50.9 51.7 52.6 52.6 54.0 55.2 55.7 56.7 57.6 58.7 58.8 59.6 60.6 61.6 62.5 63.1 0.00 0.00 0.00 0.00 0.00 0.00 0.00 0.00 
48.4 49.4 50.3 51.1 51.6 51.9 52.8 53.0 53.9 55.3 56.1 57.3 58.2 58.1 58.8 60.2 61.1 61.8 62.5 0.00 0.00 0.00 0.00 0.00 0.00 0.00 0.00 
48.6 49.8 50.0 50.6 51.2 51.9 52.1 53.1 54.0 54.1 54.9 56.3 57.6 57.3 58.5 59.2 60.1 60.7 0.00 0.00 0.00 0.00 0.00 0.00 0.00 0.00 0.00 
48.4 49.7 50.4 51.0 51.7 52.1 52.3 53.2 54.4 54.5 54.6 55.8 57.2 57.7 0.00 0.00 0.00 0.00 0.00 0.00 0.00 0.00 0.00 0.00 0.00 0.00 0.00 
48.5 49.5 50.3 51.1 51.3 51.2 52.0 53.3 54.1 54.7 55.4 55.4 56.5 56.7 56.5 0.00 0.00 0.00 0.00 0.00 0.00 0.00 0.00 0.00 0.00 0.00 0.00 
