2016_CCC_ARR_IFD/catchment_depth_180min_95021aep.txt.asc
ncols         27
nrows         23
xllcorner     150.975
yllcorner     -33.6
cellsize      0.025
NODATA_value  -9999
20.2 20.1 20.5 20.8 20.6 20.4 20.4 20.7 21.1 21.8 22.7 23.0 23.0 23.7 23.9 24.2 23.8 23.7 24.0 24.3 24.5 24.8 25.1 25.2 25.4 25.6 25.8 
20.5 20.5 20.6 20.9 21.0 20.9 20.8 21.1 21.6 22.3 23.1 23.8 23.7 23.8 24.3 23.7 23.7 23.9 24.2 24.5 24.8 25.0 25.2 25.4 25.6 25.8 26.0 
20.3 20.6 21.0 21.1 21.0 21.1 21.2 21.4 22.1 22.6 23.2 23.6 23.5 23.4 24.2 24.6 24.2 24.1 24.5 24.8 25.0 25.3 25.5 25.7 25.9 26.0 26.2 
20.6 20.7 21.1 20.7 20.9 21.1 21.7 21.7 22.0 22.5 23.1 23.2 23.5 23.7 24.2 24.0 24.2 24.5 24.8 25.1 25.3 25.5 25.7 25.9 26.1 26.3 26.5 
20.7 20.7 21.2 20.8 21.1 21.4 21.8 22.1 22.6 23.4 23.2 23.0 23.8 23.6 24.2 24.1 24.5 24.8 25.1 25.4 25.7 25.8 26.0 26.2 26.3 26.5 26.7 
20.6 21.1 21.1 20.9 21.5 21.5 21.7 22.0 22.9 23.6 23.3 23.5 23.6 23.9 24.2 24.5 24.8 25.1 25.4 25.8 26.0 26.1 26.3 26.4 26.6 26.7 26.8 
20.5 20.9 20.9 21.1 21.7 21.6 22.0 22.5 23.1 23.9 23.6 23.6 23.7 24.5 24.4 24.8 25.2 25.5 25.8 26.1 26.3 26.4 26.5 26.6 26.8 26.9 27.1 
20.5 21.1 21.5 21.8 22.1 21.8 22.4 23.1 23.6 24.2 23.8 23.7 24.0 24.4 24.8 25.1 25.5 25.9 26.2 26.5 26.6 26.7 26.7 26.8 26.9 27.0 0.00 
20.7 21.4 21.6 22.1 22.1 22.2 22.4 23.5 23.7 24.4 24.8 24.4 24.3 24.6 25.0 25.4 25.9 26.3 26.6 26.8 26.8 26.9 26.9 26.9 27.0 27.1 0.00 
20.9 21.1 21.7 22.0 22.4 22.4 22.5 23.1 23.5 24.7 24.9 24.9 25.3 25.0 25.3 25.7 26.2 26.7 27.0 27.0 27.0 27.0 27.0 27.1 0.00 0.00 0.00 
20.9 21.2 21.5 21.6 22.6 22.5 22.9 23.7 24.2 25.1 25.5 24.9 25.0 25.7 25.6 25.9 26.3 26.8 27.1 27.1 27.1 27.1 27.2 27.2 27.3 0.00 0.00 
20.9 21.2 21.7 22.2 22.8 22.7 22.9 23.9 24.8 24.9 25.8 25.9 25.3 25.5 25.7 26.0 26.3 26.7 27.0 27.1 27.1 27.2 27.2 0.00 0.00 0.00 0.00 
21.0 21.4 21.9 22.5 22.8 22.9 23.0 24.2 24.8 24.7 25.7 25.8 26.2 25.5 25.8 26.0 26.3 26.7 26.8 27.0 27.1 27.2 0.00 0.00 0.00 0.00 0.00 
21.1 21.5 21.8 22.5 22.7 22.9 23.3 24.1 24.7 24.8 25.5 25.5 26.4 26.0 26.0 26.0 26.4 26.7 26.8 26.9 27.1 27.2 0.00 0.00 0.00 0.00 0.00 
21.1 21.4 21.8 22.4 22.9 23.3 23.4 23.9 24.8 24.8 25.2 25.8 26.3 25.9 25.7 26.0 26.4 26.7 27.0 27.0 27.2 0.00 0.00 0.00 0.00 0.00 0.00 
21.3 21.6 21.9 22.5 23.1 23.4 23.5 24.0 24.5 25.1 25.2 25.6 26.3 26.0 25.7 26.0 26.6 26.5 26.8 26.9 27.6 0.00 0.00 0.00 0.00 0.00 0.00 
21.5 21.7 22.0 22.4 22.9 23.7 24.0 24.0 24.9 25.3 25.4 25.4 26.2 26.0 25.7 26.0 26.3 26.5 26.7 26.9 0.00 0.00 0.00 0.00 0.00 0.00 0.00 
21.6 21.9 22.2 22.6 23.0 23.5 23.9 24.3 25.1 25.4 25.4 26.1 26.3 26.0 25.8 26.2 26.5 26.7 26.8 0.00 0.00 0.00 0.00 0.00 0.00 0.00 0.00 
21.8 22.1 22.6 23.0 23.5 24.0 24.2 24.8 25.3 25.5 25.8 26.1 26.4 25.9 26.0 26.2 26.5 26.8 27.1 0.00 0.00 0.00 0.00 0.00 0.00 0.00 0.00 
22.0 22.4 22.9 23.3 23.7 24.0 24.5 24.7 25.1 25.8 26.0 26.4 26.6 26.1 26.2 26.7 27.1 27.3 27.4 0.00 0.00 0.00 0.00 0.00 0.00 0.00 0.00 
22.3 22.8 23.0 23.4 23.8 24.2 24.6 25.1 25.6 25.5 25.8 26.4 26.9 26.3 26.7 26.8 27.1 27.1 0.00 0.00 0.00 0.00 0.00 0.00 0.00 0.00 0.00 
22.5 23.0 23.4 23.8 24.2 24.5 24.8 25.4 25.9 26.2 26.2 26.6 27.2 27.2 0.00 0.00 0.00 0.00 0.00 0.00 0.00 0.00 0.00 0.00 0.00 0.00 0.00 
22.7 23.2 23.6 24.1 24.3 24.5 25.0 25.6 26.1 26.5 26.9 26.9 27.3 27.2 26.8 0.00 0.00 0.00 0.00 0.00 0.00 0.00 0.00 0.00 0.00 0.00 0.00 
