2016_CCC_ARR_IFD/catchment_depth_2min_99999aep.txt.asc
ncols         27
nrows         23
xllcorner     150.975
yllcorner     -33.6
cellsize      0.025
NODATA_value  -9999
1.14 1.14 1.15 1.16 1.16 1.15 1.16 1.18 1.20 1.23 1.26 1.28 1.29 1.32 1.34 1.36 1.38 1.42 1.44 1.47 1.49 1.51 1.52 1.55 1.57 1.59 1.61 
1.16 1.16 1.16 1.18 1.18 1.18 1.19 1.20 1.23 1.26 1.29 1.32 1.33 1.34 1.37 1.38 1.41 1.45 1.48 1.50 1.52 1.54 1.56 1.58 1.60 1.61 1.63 
1.16 1.17 1.19 1.19 1.20 1.21 1.22 1.23 1.26 1.29 1.31 1.34 1.35 1.36 1.39 1.41 1.43 1.46 1.50 1.53 1.55 1.57 1.59 1.60 1.62 1.64 1.65 
1.18 1.19 1.20 1.19 1.21 1.22 1.25 1.26 1.28 1.31 1.33 1.35 1.37 1.39 1.41 1.44 1.46 1.50 1.53 1.56 1.58 1.60 1.61 1.63 1.64 1.66 1.67 
1.19 1.20 1.22 1.21 1.23 1.24 1.26 1.29 1.31 1.35 1.36 1.37 1.40 1.41 1.44 1.47 1.49 1.54 1.57 1.59 1.61 1.63 1.64 1.65 1.67 1.68 1.69 
1.20 1.22 1.22 1.22 1.25 1.26 1.28 1.30 1.34 1.37 1.38 1.40 1.42 1.45 1.47 1.51 1.53 1.56 1.59 1.62 1.64 1.66 1.67 1.68 1.69 1.70 1.72 
1.20 1.22 1.22 1.24 1.27 1.28 1.30 1.33 1.36 1.40 1.41 1.42 1.45 1.48 1.50 1.55 1.57 1.59 1.62 1.65 1.67 1.68 1.69 1.70 1.71 1.72 1.73 
1.21 1.24 1.26 1.28 1.30 1.29 1.33 1.37 1.40 1.43 1.43 1.45 1.47 1.50 1.53 1.56 1.61 1.64 1.66 1.69 1.70 1.71 1.72 1.73 1.74 1.75 0.00 
1.22 1.25 1.27 1.30 1.31 1.32 1.34 1.40 1.42 1.46 1.48 1.48 1.50 1.53 1.56 1.60 1.64 1.67 1.70 1.72 1.73 1.73 1.74 1.75 1.75 1.76 0.00 
1.23 1.24 1.28 1.30 1.33 1.34 1.35 1.40 1.42 1.49 1.52 1.53 1.55 1.55 1.59 1.62 1.67 1.71 1.74 1.75 1.75 1.76 1.76 1.77 0.00 0.00 0.00 
1.24 1.25 1.28 1.29 1.35 1.35 1.38 1.43 1.47 1.52 1.55 1.54 1.55 1.59 1.61 1.64 1.69 1.73 1.76 1.77 1.77 1.78 1.78 1.78 1.79 0.00 0.00 
1.24 1.26 1.29 1.33 1.37 1.37 1.39 1.46 1.51 1.53 1.59 1.60 1.58 1.60 1.63 1.66 1.70 1.74 1.76 1.78 1.79 1.80 1.80 0.00 0.00 0.00 0.00 
1.25 1.28 1.31 1.35 1.38 1.39 1.40 1.48 1.52 1.52 1.59 1.61 1.63 1.62 1.65 1.68 1.71 1.75 1.77 1.79 1.81 1.81 0.00 0.00 0.00 0.00 0.00 
1.26 1.29 1.31 1.36 1.38 1.40 1.42 1.48 1.52 1.54 1.59 1.60 1.65 1.65 1.67 1.69 1.72 1.75 1.78 1.80 1.82 1.83 0.00 0.00 0.00 0.00 0.00 
1.25 1.28 1.31 1.36 1.40 1.43 1.44 1.48 1.54 1.55 1.58 1.63 1.66 1.66 1.67 1.70 1.73 1.76 1.79 1.82 1.84 0.00 0.00 0.00 0.00 0.00 0.00 
1.30 1.30 1.33 1.38 1.42 1.44 1.46 1.50 1.53 1.58 1.59 1.63 1.67 1.68 1.67 1.71 1.75 1.77 1.80 1.83 1.84 0.00 0.00 0.00 0.00 0.00 0.00 
1.32 1.34 1.35 1.38 1.42 1.47 1.49 1.51 1.56 1.59 1.61 1.63 1.68 1.69 1.68 1.72 1.75 1.78 1.81 1.83 0.00 0.00 0.00 0.00 0.00 0.00 0.00 
1.34 1.36 1.38 1.40 1.43 1.47 1.50 1.53 1.58 1.61 1.62 1.67 1.70 1.70 1.71 1.74 1.77 1.80 1.82 0.00 0.00 0.00 0.00 0.00 0.00 0.00 0.00 
1.35 1.38 1.41 1.44 1.47 1.50 1.52 1.56 1.61 1.62 1.65 1.68 1.71 1.71 1.73 1.76 1.79 1.82 1.84 0.00 0.00 0.00 0.00 0.00 0.00 0.00 0.00 
1.37 1.40 1.43 1.46 1.49 1.52 1.55 1.57 1.60 1.65 1.67 1.71 1.74 1.74 1.76 1.79 1.82 1.85 1.87 0.00 0.00 0.00 0.00 0.00 0.00 0.00 0.00 
1.40 1.43 1.45 1.48 1.50 1.54 1.57 1.60 1.64 1.65 1.68 1.73 1.76 1.76 1.80 1.82 1.84 1.86 0.00 0.00 0.00 0.00 0.00 0.00 0.00 0.00 0.00 
1.42 1.45 1.47 1.50 1.53 1.56 1.59 1.63 1.67 1.69 1.72 1.75 1.79 1.81 0.00 0.00 0.00 0.00 0.00 0.00 0.00 0.00 0.00 0.00 0.00 0.00 0.00 
1.44 1.47 1.49 1.52 1.55 1.58 1.61 1.66 1.69 1.73 1.76 1.78 1.82 1.84 1.84 0.00 0.00 0.00 0.00 0.00 0.00 0.00 0.00 0.00 0.00 0.00 0.00 
