2016_CCC_ARR_IFD/catchment_depth_540min_99999aep.txt.asc
ncols         27
nrows         23
xllcorner     150.975
yllcorner     -33.6
cellsize      0.025
NODATA_value  -9999
18.1 17.9 18.5 18.9 18.5 18.2 18.0 18.5 18.9 19.7 20.8 21.1 21.1 22.0 22.1 22.5 21.8 21.2 21.5 21.8 22.1 22.4 22.8 22.9 23.0 23.2 23.4 
18.5 18.5 18.6 19.0 19.0 18.9 18.6 18.9 19.4 20.4 21.4 22.3 22.0 22.0 22.7 21.6 21.3 21.4 21.7 22.0 22.3 22.6 22.8 23.0 23.2 23.4 23.5 
18.2 18.6 19.2 19.2 19.1 19.1 19.1 19.2 20.2 20.7 21.4 21.9 21.7 21.3 22.4 23.0 22.2 21.8 22.0 22.2 22.5 22.7 22.9 23.2 23.4 23.6 23.8 
18.7 18.8 19.3 18.7 18.8 19.0 19.8 19.7 19.9 20.6 21.2 21.3 21.6 21.7 22.4 21.8 22.0 22.0 22.3 22.5 22.8 23.0 23.2 23.4 23.6 23.8 24.2 
18.7 18.7 19.3 18.7 19.1 19.4 19.8 20.1 20.8 21.7 21.3 20.9 21.9 21.4 22.2 21.8 22.3 22.3 22.6 22.9 23.2 23.3 23.5 23.7 23.9 24.1 24.3 
18.5 19.2 19.1 18.7 19.6 19.5 19.5 19.9 21.0 21.9 21.3 21.5 21.6 21.7 22.2 22.1 22.5 22.8 23.1 23.2 23.5 23.6 23.8 23.9 24.2 24.4 24.4 
18.2 18.8 18.7 19.0 19.8 19.5 20.0 20.5 21.3 22.3 21.7 21.7 21.5 22.6 22.4 22.4 22.8 23.2 23.4 23.6 23.8 24.0 24.1 24.2 24.4 24.7 24.9 
18.1 19.2 19.6 19.9 20.3 19.6 20.4 21.2 21.9 22.6 21.9 21.6 21.9 22.3 22.8 22.9 23.2 23.5 23.8 24.0 24.1 24.2 24.4 24.3 24.5 24.6 0.00 
18.4 19.4 19.7 20.3 20.2 20.2 20.3 21.8 21.9 22.8 23.1 22.5 22.4 22.6 23.0 23.2 23.5 23.9 24.1 24.3 24.4 24.4 24.5 24.5 24.7 24.7 0.00 
18.7 18.9 19.8 20.0 20.5 20.3 20.4 21.2 21.6 23.0 23.3 23.2 23.6 23.0 23.2 23.6 23.8 24.2 24.5 24.6 24.7 24.6 24.7 24.8 0.00 0.00 0.00 
18.7 19.0 19.4 19.3 20.7 20.5 20.9 21.9 22.4 23.5 24.0 23.1 23.1 24.0 23.7 24.0 24.1 24.4 24.7 24.7 24.7 24.7 24.9 25.0 25.1 0.00 0.00 
18.4 18.8 19.5 20.1 21.0 20.7 20.7 22.1 23.2 23.2 24.2 24.3 23.5 23.7 24.0 24.1 24.4 24.6 24.6 24.7 24.8 24.8 25.0 0.00 0.00 0.00 0.00 
18.5 19.2 19.8 20.5 20.9 20.8 20.8 22.4 23.1 22.9 24.1 24.2 24.7 23.7 23.9 24.1 24.3 24.6 24.6 24.7 24.8 24.9 0.00 0.00 0.00 0.00 0.00 
18.6 19.1 19.5 20.4 20.6 20.8 21.2 22.3 22.9 23.1 23.9 23.8 24.8 24.3 24.2 24.2 24.5 24.9 24.8 24.7 24.9 24.9 0.00 0.00 0.00 0.00 0.00 
18.3 18.8 19.3 20.2 20.8 21.3 21.2 21.9 23.1 22.9 23.4 24.2 24.8 24.3 24.0 24.2 24.6 25.0 25.1 24.9 25.2 0.00 0.00 0.00 0.00 0.00 0.00 
18.8 19.0 19.3 20.2 21.1 21.3 21.4 22.0 22.5 23.3 23.5 23.9 24.7 24.4 24.0 24.3 24.9 24.6 24.9 24.8 25.8 0.00 0.00 0.00 0.00 0.00 0.00 
19.1 19.3 19.5 20.0 20.7 21.7 21.9 21.8 23.0 23.6 23.6 23.6 24.5 24.3 23.9 24.2 24.4 24.6 24.6 24.7 0.00 0.00 0.00 0.00 0.00 0.00 0.00 
19.1 19.5 19.8 20.1 20.7 21.3 21.6 22.1 23.3 23.5 23.5 24.4 24.6 24.2 23.8 24.3 24.6 24.7 24.6 0.00 0.00 0.00 0.00 0.00 0.00 0.00 0.00 
19.2 19.6 20.3 20.8 21.4 22.0 22.0 22.8 23.5 23.6 23.9 24.2 24.6 23.8 23.9 24.1 24.5 24.8 24.9 0.00 0.00 0.00 0.00 0.00 0.00 0.00 0.00 
19.4 20.0 20.6 21.2 21.6 21.8 22.5 22.5 23.0 23.9 24.1 24.6 24.8 23.9 23.9 24.6 25.0 25.2 25.3 0.00 0.00 0.00 0.00 0.00 0.00 0.00 0.00 
19.7 20.6 20.7 21.1 21.6 22.1 22.4 23.0 23.7 23.3 23.5 24.3 24.9 23.9 24.4 24.4 24.7 24.7 0.00 0.00 0.00 0.00 0.00 0.00 0.00 0.00 0.00 
19.9 20.8 21.3 21.8 22.2 22.5 22.7 23.4 24.1 24.2 23.9 24.4 25.1 25.0 0.00 0.00 0.00 0.00 0.00 0.00 0.00 0.00 0.00 0.00 0.00 0.00 0.00 
20.3 21.0 21.6 22.2 22.2 22.3 22.8 23.7 24.2 24.5 24.8 24.5 25.0 24.7 23.9 0.00 0.00 0.00 0.00 0.00 0.00 0.00 0.00 0.00 0.00 0.00 0.00 
