2016_CCC_ARR_IFD/catchment_depth_10080min_99999aep.txt.asc
ncols         27
nrows         23
xllcorner     150.975
yllcorner     -33.6
cellsize      0.025
NODATA_value  -9999
38.9 38.1 40.3 41.4 39.7 37.6 36.5 37.9 39.0 41.8 45.4 46.0 45.1 48.5 48.4 49.2 44.9 40.6 41.4 42.2 42.8 44.0 45.2 45.5 46.0 46.5 46.8 
40.6 40.4 40.6 41.8 41.4 40.4 38.6 39.0 40.9 44.1 47.6 50.5 48.8 48.1 50.6 44.3 41.8 41.1 41.5 42.3 43.2 44.1 44.9 45.3 45.9 46.5 47.1 
39.1 40.9 42.8 42.4 41.3 41.2 40.3 40.2 43.5 45.1 47.3 48.7 47.2 44.6 48.9 50.9 45.7 42.6 42.5 42.5 43.3 44.1 44.8 45.5 46.4 47.0 47.6 
41.4 41.3 43.3 39.9 40.1 40.0 43.0 41.6 41.8 44.2 46.3 45.8 46.4 46.1 48.4 44.4 44.1 42.6 42.8 43.2 44.1 44.7 45.4 46.2 46.8 47.6 49.0 
41.4 41.0 43.0 39.7 40.9 41.7 42.7 42.9 45.6 48.8 46.3 43.4 47.3 44.0 46.7 43.5 44.9 43.2 43.7 44.5 45.0 45.5 45.9 46.7 47.4 48.4 49.1 
40.1 43.0 42.1 39.4 42.6 41.5 40.7 41.9 46.3 49.5 45.8 45.5 45.0 44.6 45.9 43.4 44.7 45.0 45.5 45.1 45.6 46.2 46.8 47.3 48.2 49.3 49.2 
38.5 40.8 39.8 40.2 43.2 41.0 42.3 43.7 46.9 50.5 47.1 45.8 43.4 48.3 46.1 43.8 44.9 46.1 46.3 46.2 46.5 47.0 47.6 48.0 48.9 50.1 51.1 
38.0 42.1 43.4 44.3 45.0 41.1 43.6 46.9 49.0 51.4 47.3 44.4 45.3 46.1 47.6 46.8 45.8 46.0 46.7 46.9 47.1 47.8 48.3 48.4 49.1 49.7 0.00 
39.2 43.1 43.4 45.4 44.1 43.5 42.8 48.7 48.4 51.6 52.3 48.6 46.8 46.5 47.8 46.9 46.7 47.0 47.3 47.8 48.2 48.3 48.7 49.0 49.6 49.9 0.00 
40.2 40.3 43.5 43.8 45.1 43.3 42.8 45.5 46.5 51.9 52.0 51.1 52.1 48.6 47.5 48.4 47.4 47.8 48.2 48.8 49.0 49.1 49.4 49.9 0.00 0.00 0.00 
39.7 40.4 41.3 40.5 45.4 43.5 44.7 47.9 49.4 53.5 54.9 50.4 49.5 52.9 50.7 50.5 49.0 48.9 49.0 49.3 49.5 49.7 50.4 50.9 51.3 0.00 0.00 
38.3 39.3 41.6 43.6 46.4 44.2 43.6 48.5 52.3 51.5 54.8 54.5 50.9 51.2 51.5 51.2 51.2 50.4 49.9 50.0 50.2 50.5 51.0 0.00 0.00 0.00 0.00 
38.7 40.8 42.6 45.0 45.8 44.2 43.5 49.3 51.6 50.0 54.0 54.0 55.4 51.2 51.4 51.4 51.1 51.6 50.9 50.8 51.0 51.2 0.00 0.00 0.00 0.00 0.00 
38.8 40.2 41.1 44.2 43.8 43.9 44.7 48.5 50.4 50.4 53.0 52.2 55.8 53.6 52.8 52.5 53.0 53.6 52.5 51.7 52.1 51.8 0.00 0.00 0.00 0.00 0.00 
37.5 38.8 39.7 42.5 44.5 45.7 44.2 46.3 50.7 49.5 51.0 53.3 55.1 53.6 53.0 53.4 54.0 54.5 54.6 53.2 53.9 0.00 0.00 0.00 0.00 0.00 0.00 
39.2 39.1 39.4 42.1 45.1 45.3 44.5 46.3 47.9 50.6 50.9 52.4 54.9 53.7 53.8 54.4 55.1 53.9 54.3 53.6 56.3 0.00 0.00 0.00 0.00 0.00 0.00 
39.7 40.0 39.5 40.9 42.9 46.5 46.2 44.9 49.3 51.0 50.7 51.2 53.7 53.8 54.6 54.5 54.3 54.3 53.5 53.2 0.00 0.00 0.00 0.00 0.00 0.00 0.00 
39.6 40.5 40.6 40.4 42.2 43.7 44.2 45.6 50.0 50.2 50.2 53.0 53.9 53.6 53.0 54.4 54.8 54.6 53.5 0.00 0.00 0.00 0.00 0.00 0.00 0.00 0.00 
39.0 40.3 42.5 43.6 45.1 46.4 45.0 47.7 50.2 49.8 50.9 52.1 53.5 52.0 52.4 53.1 54.0 54.5 54.6 0.00 0.00 0.00 0.00 0.00 0.00 0.00 0.00 
39.1 41.1 43.2 44.9 45.1 44.8 46.5 45.8 47.1 49.9 50.7 52.7 53.6 51.4 51.6 53.8 54.8 55.2 55.3 0.00 0.00 0.00 0.00 0.00 0.00 0.00 0.00 
40.1 43.1 43.0 43.7 44.8 45.8 45.6 47.2 48.8 47.5 48.6 51.2 53.4 50.7 52.5 52.6 53.6 53.4 0.00 0.00 0.00 0.00 0.00 0.00 0.00 0.00 0.00 
40.4 43.6 45.1 46.5 47.3 47.7 47.0 48.6 51.2 50.1 49.1 51.1 54.0 53.5 0.00 0.00 0.00 0.00 0.00 0.00 0.00 0.00 0.00 0.00 0.00 0.00 0.00 
41.2 44.0 46.0 47.9 47.2 46.0 47.4 50.2 51.7 52.1 52.8 51.2 53.1 51.8 49.7 0.00 0.00 0.00 0.00 0.00 0.00 0.00 0.00 0.00 0.00 0.00 0.00 
