2016_CCC_ARR_IFD/catchment_depth_15min_00200aep.txt.asc
ncols         27
nrows         23
xllcorner     150.975
yllcorner     -33.6
cellsize      0.025
NODATA_value  -9999
50.2 50.1 50.9 51.6 51.4 51.2 51.6 52.7 53.9 55.4 56.8 57.6 58.5 59.2 60.0 60.7 62.5 64.2 65.2 66.0 66.7 67.5 68.2 68.7 69.1 69.6 70.2 
50.5 50.6 50.8 51.6 51.9 52.0 52.2 53.2 54.5 56.1 57.2 58.0 58.8 59.7 60.3 62.2 63.7 64.8 65.7 66.5 67.2 67.9 68.5 69.0 69.5 70.0 70.5 
49.9 50.5 51.4 51.6 51.7 52.2 52.7 53.6 55.3 56.5 57.6 58.4 59.4 60.6 61.1 61.6 63.7 65.5 66.2 67.0 67.6 68.2 68.7 69.3 69.8 70.4 70.8 
50.4 50.5 51.5 50.4 51.0 51.8 53.5 54.0 55.1 56.6 57.8 58.8 59.9 61.0 61.8 63.6 64.8 65.9 66.6 67.2 67.9 68.5 69.1 69.6 70.1 70.7 71.2 
50.2 50.2 51.2 50.0 51.2 52.2 53.4 54.5 56.0 57.4 58.2 59.4 60.4 62.0 62.7 64.5 65.4 66.3 67.0 67.7 68.2 68.7 69.2 69.8 70.4 70.9 71.4 
49.7 50.9 50.7 49.6 51.8 52.1 53.1 54.5 56.4 57.8 58.6 59.9 61.3 62.6 63.6 64.8 66.0 66.8 67.5 67.8 68.2 68.9 69.5 70.0 70.6 71.2 71.5 
49.5 50.0 49.8 50.2 52.1 52.2 53.6 55.1 56.8 58.2 59.1 60.5 62.0 62.7 64.3 65.1 66.3 67.2 67.8 68.1 68.5 69.1 69.7 70.2 70.8 71.4 71.8 
49.7 50.6 51.4 52.2 53.0 52.7 54.2 56.0 57.4 58.6 59.6 61.2 62.7 64.0 64.7 65.9 66.5 67.2 67.9 68.3 68.8 69.4 69.9 70.3 70.9 71.3 0.00 
50.0 51.2 51.6 52.8 52.9 53.5 54.5 56.6 57.6 59.0 60.0 61.4 63.2 64.5 65.4 66.2 66.8 67.4 68.0 68.6 69.1 69.5 70.0 70.5 71.0 71.3 0.00 
50.4 50.7 52.0 52.5 53.5 53.9 54.8 56.4 57.7 59.4 60.5 61.7 62.7 64.7 65.5 66.5 66.8 67.6 68.2 68.9 69.3 69.6 70.1 70.6 0.00 0.00 0.00 
50.5 51.0 51.7 52.1 53.9 54.2 55.4 57.1 58.4 59.8 60.8 62.0 63.4 64.0 65.6 66.6 67.1 67.7 68.2 68.7 69.2 69.6 70.2 70.8 71.1 0.00 0.00 
50.5 51.1 52.0 53.1 54.4 54.6 55.5 57.4 58.9 59.9 61.2 62.2 63.4 64.6 65.7 66.6 67.4 67.8 68.2 68.6 69.1 69.6 70.1 0.00 0.00 0.00 0.00 
50.7 51.6 52.6 53.7 54.5 54.9 55.6 57.6 58.9 59.8 61.2 62.2 63.1 64.5 65.6 66.4 67.0 67.8 68.0 68.5 68.9 69.4 0.00 0.00 0.00 0.00 0.00 
50.9 51.7 52.4 53.7 54.3 54.9 55.9 57.6 58.8 59.9 61.1 62.2 63.0 64.3 65.5 66.3 67.1 67.8 68.1 68.3 68.8 69.1 0.00 0.00 0.00 0.00 0.00 
50.6 51.4 52.2 53.5 54.6 55.5 55.9 57.2 58.9 59.7 60.9 62.1 63.0 64.2 65.2 66.1 66.9 67.5 68.1 68.3 68.8 0.00 0.00 0.00 0.00 0.00 0.00 
51.4 51.6 52.2 53.5 54.8 55.4 55.9 57.1 58.3 59.7 60.7 61.8 62.9 64.0 65.0 65.8 66.6 66.9 67.6 67.8 68.6 0.00 0.00 0.00 0.00 0.00 0.00 
51.8 52.2 52.3 53.1 54.2 55.7 56.3 56.6 58.5 59.6 60.4 61.3 62.6 63.6 64.1 65.1 65.8 66.5 66.7 67.1 0.00 0.00 0.00 0.00 0.00 0.00 0.00 
51.8 52.5 52.7 52.9 53.9 54.9 55.6 56.5 58.4 59.2 59.8 61.3 62.3 63.0 63.2 64.5 65.4 66.0 66.1 0.00 0.00 0.00 0.00 0.00 0.00 0.00 0.00 
51.5 52.4 53.3 53.9 54.7 55.6 55.6 57.0 58.3 58.7 59.7 60.7 61.7 61.8 62.5 63.4 64.4 65.3 65.8 0.00 0.00 0.00 0.00 0.00 0.00 0.00 0.00 
51.3 52.4 53.3 54.1 54.6 54.9 55.9 55.9 56.9 58.4 59.2 60.5 61.3 61.1 61.8 63.2 64.1 64.8 65.3 0.00 0.00 0.00 0.00 0.00 0.00 0.00 0.00 
51.5 52.8 53.0 53.6 54.2 54.9 55.1 56.1 57.1 57.1 58.0 59.5 60.8 60.4 61.6 62.2 63.1 63.6 0.00 0.00 0.00 0.00 0.00 0.00 0.00 0.00 0.00 
51.3 52.7 53.4 54.1 54.7 55.1 55.3 56.3 57.6 57.7 57.8 59.0 60.5 60.9 0.00 0.00 0.00 0.00 0.00 0.00 0.00 0.00 0.00 0.00 0.00 0.00 0.00 
51.4 52.5 53.3 54.2 54.3 54.2 55.0 56.4 57.3 57.9 58.6 58.7 59.8 60.0 59.7 0.00 0.00 0.00 0.00 0.00 0.00 0.00 0.00 0.00 0.00 0.00 0.00 
