2016_CCC_ARR_IFD/catchment_depth_1800min_00200aep.txt.asc
ncols         27
nrows         23
xllcorner     150.975
yllcorner     -33.6
cellsize      0.025
NODATA_value  -9999
304 304 319 329 323 316 314 328 342 364 388 397 400 420 425 436 430 424 434 443 449 459 467 468 468 469 469 
315 317 323 333 335 334 329 338 354 378 401 419 418 422 437 425 424 427 434 442 450 457 461 464 466 467 468 
310 323 336 339 337 341 343 347 372 386 403 415 416 413 436 448 440 436 439 443 449 454 457 461 465 466 466 
324 327 341 328 334 339 359 359 366 385 402 406 416 422 438 431 437 434 440 445 452 455 458 461 463 467 473 
326 328 342 330 341 350 361 369 387 409 405 399 424 417 435 429 441 438 443 450 453 455 456 460 463 467 469 
323 341 341 332 353 353 355 367 394 415 407 412 417 423 435 426 440 447 452 449 452 455 457 458 463 469 466 
317 333 332 339 360 354 367 380 402 424 417 417 409 442 437 428 440 451 453 452 453 456 457 458 463 469 475 
316 342 353 363 373 357 377 399 416 434 421 410 421 431 446 445 441 444 450 451 452 456 456 454 458 460 0.00 
325 350 356 372 370 372 374 413 417 440 450 436 431 432 445 443 443 446 449 452 454 452 452 453 455 456 0.00 
332 337 359 367 379 375 376 398 409 447 455 453 464 445 441 450 443 448 450 455 454 451 451 453 0.00 0.00 0.00 
332 340 350 349 383 378 389 415 431 459 471 449 447 471 459 462 451 450 451 452 452 451 453 455 456 0.00 0.00 
325 336 353 370 392 384 383 421 449 450 478 479 455 458 461 462 462 456 451 451 452 451 453 0.00 0.00 0.00 0.00 
330 347 362 380 390 385 383 427 447 438 472 473 484 452 457 456 454 459 453 452 452 452 0.00 0.00 0.00 0.00 0.00 
333 345 354 378 381 384 392 422 438 440 462 458 485 469 464 459 464 469 460 453 455 452 0.00 0.00 0.00 0.00 0.00 
327 339 349 371 387 398 391 408 440 433 445 465 480 464 456 459 465 471 471 459 465 0.00 0.00 0.00 0.00 0.00 0.00 
341 343 349 370 393 396 393 407 419 441 441 453 475 463 456 461 471 459 463 457 480 0.00 0.00 0.00 0.00 0.00 0.00 
347 351 352 363 379 406 407 397 430 443 440 439 463 457 452 456 456 457 451 450 0.00 0.00 0.00 0.00 0.00 0.00 0.00 
349 357 362 363 377 388 393 402 435 437 432 455 461 450 441 452 457 456 448 0.00 0.00 0.00 0.00 0.00 0.00 0.00 0.00 
351 361 377 387 398 410 399 420 438 430 436 444 453 433 435 440 447 452 452 0.00 0.00 0.00 0.00 0.00 0.00 0.00 0.00 
355 370 385 398 402 400 412 402 409 429 432 447 451 427 428 444 452 455 455 0.00 0.00 0.00 0.00 0.00 0.00 0.00 0.00 
367 388 387 394 401 409 403 413 422 407 411 430 447 420 433 432 439 438 0.00 0.00 0.00 0.00 0.00 0.00 0.00 0.00 0.00 
372 394 405 414 421 421 414 423 440 427 414 427 450 442 0.00 0.00 0.00 0.00 0.00 0.00 0.00 0.00 0.00 0.00 0.00 0.00 0.00 
381 401 414 426 421 409 416 435 443 442 443 425 439 426 407 0.00 0.00 0.00 0.00 0.00 0.00 0.00 0.00 0.00 0.00 0.00 0.00 
