2016_CCC_ARR_IFD/catchment_depth_120min_02000aep.txt.asc
ncols         27
nrows         23
xllcorner     150.975
yllcorner     -33.6
cellsize      0.025
NODATA_value  -9999
69.9 69.9 71.4 72.6 72.6 72.5 73.1 74.8 76.7 79.4 82.1 83.5 84.6 86.4 87.7 89.0 89.7 89.6 91.1 92.7 94.0 95.4 96.8 97.8 98.8 99.8 101 
70.8 71.2 72.0 73.3 74.0 74.5 74.9 76.4 78.6 81.3 83.6 85.2 86.4 87.6 89.0 89.5 89.4 90.9 92.3 93.7 95.1 96.3 97.5 98.6 99.6 101 102 
70.5 71.8 73.3 74.1 74.6 75.6 76.6 77.9 80.7 82.7 84.7 86.3 87.5 88.3 90.4 91.6 92.5 92.4 93.8 95.0 96.2 97.3 98.4 99.4 101 101 102 
71.6 72.3 74.0 73.3 74.5 75.9 78.5 79.5 81.2 83.6 85.8 87.2 88.8 90.2 91.8 92.5 93.5 94.2 95.3 96.3 97.5 98.4 99.4 100 101 102 104 
71.9 72.5 74.3 73.6 75.5 77.2 79.3 81.0 83.6 86.0 87.2 88.2 90.6 91.7 93.4 94.1 95.5 96.1 97.1 98.1 98.8 99.6 100 101 102 103 104 
71.7 73.7 74.3 73.9 77.0 77.9 79.3 81.6 85.0 87.4 88.6 90.4 92.1 93.8 95.4 95.8 97.4 98.4 99.4 99.5 100 101 102 102 103 104 105 
71.6 73.2 73.7 74.9 77.9 78.5 80.9 83.4 86.4 88.9 90.4 92.1 93.1 95.9 97.6 97.5 99.3 101 101 101 102 102 103 103 104 105 106 
72.0 74.2 75.9 77.6 79.5 79.5 82.4 85.6 88.2 90.4 91.9 93.0 95.5 97.7 99.7 101 101 102 103 103 103 104 104 104 105 105 0.00 
72.7 75.1 76.4 78.7 79.8 81.2 82.9 87.2 89.2 91.9 94.0 95.5 97.3 98.9 101 102 103 104 105 105 105 105 105 105 106 106 0.00 
73.3 74.5 77.0 78.7 80.8 81.9 83.5 86.8 89.3 93.4 95.6 97.2 99.1 101 102 103 104 106 107 107 106 106 106 106 0.00 0.00 0.00 
73.5 75.0 76.7 77.9 81.6 82.6 85.0 88.6 91.4 94.7 96.7 97.9 99.6 102 103 105 106 107 108 107 107 107 107 107 107 0.00 0.00 
73.5 75.0 77.2 79.5 82.5 83.3 84.8 89.4 92.9 95.0 98.3 99.9 100 102 104 105 107 107 108 108 107 107 107 0.00 0.00 0.00 0.00 
73.8 75.7 77.8 80.5 82.5 83.7 85.0 90.0 93.2 94.3 98.2 99.9 102 102 104 105 106 108 107 108 108 108 0.00 0.00 0.00 0.00 0.00 
74.1 75.7 77.5 80.4 82.0 83.7 85.8 89.8 92.7 94.5 97.7 99.1 102 103 104 105 107 108 108 108 108 108 0.00 0.00 0.00 0.00 0.00 
74.1 75.6 77.3 79.9 82.5 84.8 85.7 88.6 92.7 93.8 96.4 99.4 102 103 104 105 107 108 109 108 109 0.00 0.00 0.00 0.00 0.00 0.00 
74.4 75.8 77.3 79.8 82.9 84.6 85.7 88.3 90.9 94.3 95.8 98.3 101 102 103 105 107 107 108 107 109 0.00 0.00 0.00 0.00 0.00 0.00 
74.6 75.9 77.5 79.4 81.8 85.3 86.8 87.0 91.6 94.1 95.3 96.7 100 101 101 104 105 106 106 106 0.00 0.00 0.00 0.00 0.00 0.00 0.00 
74.7 76.2 78.0 79.3 81.6 83.7 85.2 87.1 91.7 93.2 93.9 97.7 99.5 99.9 99.6 103 104 106 105 0.00 0.00 0.00 0.00 0.00 0.00 0.00 0.00 
75.4 76.8 79.1 81.1 83.3 85.5 85.5 88.7 91.8 92.0 94.0 96.0 98.4 97.1 98.4 100 102 104 105 0.00 0.00 0.00 0.00 0.00 0.00 0.00 0.00 
75.8 77.8 80.0 82.1 83.6 84.4 86.6 86.2 87.9 91.4 92.9 95.9 97.5 95.7 96.9 100 102 104 104 0.00 0.00 0.00 0.00 0.00 0.00 0.00 0.00 
76.7 79.4 80.3 81.8 83.3 85.1 85.1 87.0 89.1 88.1 89.8 93.3 96.6 94.4 97.3 98.3 100 101 0.00 0.00 0.00 0.00 0.00 0.00 0.00 0.00 0.00 
77.1 80.1 81.9 83.8 85.3 86.3 86.2 88.1 91.2 90.3 89.7 92.6 96.5 96.7 0.00 0.00 0.00 0.00 0.00 0.00 0.00 0.00 0.00 0.00 0.00 0.00 0.00 
77.9 80.7 82.9 84.9 85.3 84.5 86.1 89.4 91.2 92.0 93.2 92.1 94.9 94.4 92.9 0.00 0.00 0.00 0.00 0.00 0.00 0.00 0.00 0.00 0.00 0.00 0.00 
