2016_CCC_ARR_IFD/catchment_depth_60min_01000aep.txt.asc
ncols         27
nrows         23
xllcorner     150.975
yllcorner     -33.6
cellsize      0.025
NODATA_value  -9999
65.7 65.7 66.9 67.9 67.7 67.6 68.1 69.6 71.2 73.6 75.8 77.0 78.0 79.4 80.5 81.6 82.6 82.8 84.1 85.3 86.4 87.6 88.7 89.5 90.4 91.2 92.0 
66.4 66.7 67.2 68.4 68.9 69.3 69.6 70.9 72.8 75.1 77.0 78.2 79.3 80.5 81.5 82.6 82.9 84.1 85.2 86.3 87.4 88.4 89.4 90.3 91.2 91.9 92.7 
66.0 67.1 68.4 68.9 69.2 70.1 70.9 72.1 74.5 76.3 77.9 79.2 80.4 81.5 82.8 83.8 85.2 85.7 86.6 87.3 88.4 89.3 90.2 91.0 92.0 92.8 93.5 
67.0 67.4 68.9 68.0 69.0 70.1 72.5 73.4 74.9 77.0 78.8 80.2 81.6 83.0 84.2 85.5 86.5 87.1 87.9 88.5 89.5 90.3 91.1 92.0 92.8 93.6 94.5 
67.1 67.4 69.0 68.0 69.7 71.2 73.0 74.6 76.8 78.8 80.0 81.4 83.1 84.6 85.9 87.1 88.3 88.7 89.3 90.1 90.7 91.3 92.0 92.9 93.7 94.5 95.2 
66.8 68.6 68.8 68.0 71.0 71.6 73.0 75.1 78.0 80.0 81.3 83.1 84.8 86.5 87.9 88.4 89.9 90.8 91.4 91.2 91.6 92.4 93.1 93.8 94.6 95.4 95.8 
66.8 67.9 68.1 69.0 71.8 72.2 74.4 76.6 79.1 81.2 82.8 84.6 85.9 87.8 89.8 89.7 91.2 92.4 92.8 92.8 93.0 93.6 94.2 94.8 95.5 96.2 96.9 
67.2 68.9 70.2 71.7 73.2 73.1 75.6 78.3 80.5 82.4 84.1 85.8 88.1 90.0 91.5 92.4 92.6 93.3 94.0 94.2 94.3 94.8 95.3 95.5 96.0 96.5 0.00 
67.7 69.7 70.7 72.7 73.4 74.6 76.1 79.7 81.4 83.6 85.4 87.4 89.6 91.1 92.8 93.4 93.9 94.7 95.3 95.6 95.8 95.8 96.0 96.3 96.7 97.0 0.00 
68.4 69.3 71.3 72.6 74.4 75.3 76.8 79.6 81.8 84.8 86.7 88.5 90.0 92.3 93.1 94.6 94.8 96.0 96.7 97.0 96.9 96.7 96.8 97.1 0.00 0.00 0.00 
68.7 69.8 71.1 72.1 75.1 76.0 78.0 80.9 83.3 85.8 87.4 89.2 91.1 92.4 94.4 95.5 96.1 96.8 97.4 97.5 97.3 97.3 97.7 97.9 98.0 0.00 0.00 
68.8 69.9 71.6 73.6 75.9 76.7 78.0 81.6 84.4 86.2 88.7 90.3 91.6 93.3 94.8 96.0 97.1 97.5 97.5 97.7 97.7 97.8 98.1 0.00 0.00 0.00 0.00 
69.1 70.6 72.3 74.4 76.1 77.0 78.2 82.2 84.6 86.0 88.8 90.4 91.8 93.2 94.8 95.9 96.6 97.7 97.5 97.7 97.9 98.0 0.00 0.00 0.00 0.00 0.00 
69.3 70.7 72.1 74.4 75.7 77.1 78.8 82.0 84.4 86.1 88.5 90.1 91.8 93.5 95.0 96.0 97.2 98.2 98.1 97.7 98.2 98.0 0.00 0.00 0.00 0.00 0.00 
69.2 70.5 71.9 74.1 76.1 77.9 78.8 81.2 84.4 85.6 87.8 90.1 91.8 93.3 94.5 95.8 97.1 98.0 98.6 98.1 98.7 0.00 0.00 0.00 0.00 0.00 0.00 
69.7 70.7 71.9 74.1 76.5 77.8 78.7 80.9 83.1 85.8 87.3 89.4 91.5 92.9 94.2 95.6 96.9 96.9 97.8 97.6 98.9 0.00 0.00 0.00 0.00 0.00 0.00 
70.0 71.0 72.0 73.5 75.5 78.4 79.5 79.7 83.5 85.6 86.7 88.1 90.8 92.1 92.5 94.4 95.3 96.3 96.2 96.4 0.00 0.00 0.00 0.00 0.00 0.00 0.00 
70.1 71.3 72.5 73.3 75.1 76.8 78.0 79.7 83.5 84.7 85.5 88.6 90.2 90.9 90.9 93.4 94.9 95.8 95.3 0.00 0.00 0.00 0.00 0.00 0.00 0.00 0.00 
70.2 71.6 73.4 74.9 76.5 78.3 78.1 80.8 83.3 83.6 85.3 87.1 89.1 88.5 89.7 91.3 93.2 94.5 95.2 0.00 0.00 0.00 0.00 0.00 0.00 0.00 0.00 
70.3 72.1 73.8 75.5 76.6 77.1 78.9 78.5 80.0 82.9 84.2 86.8 88.3 87.3 88.3 91.1 92.7 93.8 94.4 0.00 0.00 0.00 0.00 0.00 0.00 0.00 0.00 
70.9 73.1 73.7 74.9 76.1 77.5 77.5 79.1 80.7 80.1 81.6 84.6 87.4 86.0 88.3 89.3 90.9 91.5 0.00 0.00 0.00 0.00 0.00 0.00 0.00 0.00 0.00 
70.9 73.4 74.8 76.3 77.5 78.2 78.1 79.7 82.3 81.6 81.4 83.8 87.0 87.5 0.00 0.00 0.00 0.00 0.00 0.00 0.00 0.00 0.00 0.00 0.00 0.00 0.00 
71.3 73.6 75.3 76.9 77.2 76.6 77.9 80.6 82.1 82.9 84.0 83.3 85.7 85.5 84.6 0.00 0.00 0.00 0.00 0.00 0.00 0.00 0.00 0.00 0.00 0.00 0.00 
