2016_CCC_ARR_IFD/catchment_depth_270min_18127aep.txt.asc
ncols         27
nrows         23
xllcorner     150.975
yllcorner     -33.6
cellsize      0.025
NODATA_value  -9999
54.4 54.4 55.8 56.8 56.6 56.2 56.5 57.8 59.2 61.5 64.0 65.1 65.6 67.6 68.4 69.6 69.2 68.8 69.9 71.0 72.0 73.0 74.1 74.8 75.4 76.1 76.8 
55.3 55.6 56.2 57.3 57.8 58.0 57.9 59.0 60.7 63.1 65.4 67.2 67.5 68.2 69.7 68.7 68.6 69.5 70.6 71.6 72.6 73.6 74.5 75.2 76.0 76.6 77.3 
54.9 56.1 57.4 57.9 58.1 58.8 59.3 60.1 62.5 64.2 65.9 67.3 67.7 67.6 70.0 71.3 70.7 70.3 71.5 72.4 73.4 74.2 75.0 75.8 76.6 77.3 77.9 
56.0 56.5 58.0 57.1 58.0 58.8 60.9 61.3 62.4 64.4 66.2 66.9 68.1 68.9 70.6 70.1 70.7 71.4 72.5 73.4 74.3 75.1 75.8 76.5 77.2 77.9 78.9 
56.2 56.7 58.2 57.4 58.8 60.0 61.4 62.5 64.6 66.8 66.9 66.8 69.2 68.9 70.8 70.6 71.9 72.6 73.6 74.5 75.3 75.9 76.5 77.2 77.8 78.6 79.2 
56.0 57.8 58.1 57.7 60.0 60.4 61.2 62.7 65.6 67.8 67.5 68.4 69.2 70.1 71.5 71.9 72.9 73.9 74.9 75.6 76.2 76.8 77.4 77.9 78.6 79.3 79.6 
55.8 57.2 57.6 58.5 60.8 60.8 62.5 64.1 66.5 68.9 68.8 69.3 69.6 72.2 72.5 73.2 74.4 75.4 76.3 76.9 77.3 77.8 78.2 78.6 79.2 80.0 80.7 
56.1 58.1 59.5 60.8 62.1 61.5 63.6 66.1 68.1 70.1 69.7 69.6 71.1 72.4 73.9 74.7 75.8 76.8 77.7 78.2 78.4 78.8 79.0 79.1 79.6 80.0 0.00 
56.7 58.9 59.9 61.7 62.2 62.9 63.8 67.6 68.6 71.1 72.4 72.0 72.4 73.4 74.8 75.9 77.1 78.3 79.1 79.5 79.6 79.5 79.6 79.7 80.0 80.3 0.00 
57.3 58.2 60.3 61.5 63.1 63.5 64.3 66.8 68.3 72.1 73.4 73.9 75.2 74.7 75.7 77.0 78.2 79.7 80.6 80.7 80.5 80.2 80.2 80.2 0.00 0.00 0.00 
57.5 58.6 59.9 60.6 63.7 64.1 65.7 68.5 70.5 73.5 75.0 74.0 74.6 76.9 77.0 78.0 79.2 80.5 81.3 81.1 80.9 80.8 80.8 80.8 81.0 0.00 0.00 
57.4 58.6 60.3 62.2 64.6 64.8 65.6 69.3 72.2 73.2 76.1 76.8 75.6 76.7 77.7 78.7 79.7 80.7 81.1 81.2 81.2 81.2 81.2 0.00 0.00 0.00 0.00 
57.8 59.4 61.1 63.2 64.7 65.2 65.9 70.0 72.4 72.5 75.9 76.7 78.1 76.7 78.0 78.9 79.7 80.8 81.0 81.2 81.4 81.4 0.00 0.00 0.00 0.00 0.00 
58.1 59.4 60.7 63.1 64.2 65.3 66.8 69.9 72.0 73.0 75.4 75.9 78.5 78.1 78.6 79.2 80.3 81.2 81.3 81.2 81.6 81.5 0.00 0.00 0.00 0.00 0.00 
58.2 59.3 60.7 62.8 64.8 66.5 67.0 69.1 72.3 72.7 74.4 76.6 78.4 78.0 78.2 79.2 80.4 81.4 81.9 81.6 82.3 0.00 0.00 0.00 0.00 0.00 0.00 
58.6 59.7 60.9 62.9 65.4 66.6 67.4 69.3 71.1 73.5 74.4 76.0 78.3 78.2 78.1 79.3 80.8 80.5 81.4 81.4 83.3 0.00 0.00 0.00 0.00 0.00 0.00 
58.9 59.9 61.3 62.8 64.7 67.5 68.6 68.8 72.1 73.9 74.5 75.1 77.7 77.9 77.4 78.7 79.5 80.4 80.4 80.7 0.00 0.00 0.00 0.00 0.00 0.00 0.00 
59.1 60.3 61.8 63.1 64.9 66.6 67.9 69.4 72.7 73.7 74.1 76.7 77.8 77.3 76.8 78.6 79.8 80.4 80.1 0.00 0.00 0.00 0.00 0.00 0.00 0.00 0.00 
60.0 61.1 63.0 64.6 66.4 68.2 68.6 71.0 73.2 73.6 74.8 76.0 77.5 75.9 76.5 77.6 79.0 80.1 80.7 0.00 0.00 0.00 0.00 0.00 0.00 0.00 0.00 
60.6 62.1 63.9 65.7 67.0 67.9 69.7 69.8 71.4 73.8 74.8 76.6 77.5 75.6 76.1 78.4 79.7 80.6 81.0 0.00 0.00 0.00 0.00 0.00 0.00 0.00 0.00 
61.6 63.7 64.4 65.8 67.1 68.7 69.2 71.0 72.7 71.9 72.9 75.4 77.4 75.2 77.1 77.5 78.7 78.9 0.00 0.00 0.00 0.00 0.00 0.00 0.00 0.00 0.00 
62.2 64.5 66.0 67.5 68.8 69.8 70.2 71.9 74.1 74.1 73.5 75.3 77.8 77.8 0.00 0.00 0.00 0.00 0.00 0.00 0.00 0.00 0.00 0.00 0.00 0.00 0.00 
63.1 65.3 67.0 68.6 69.0 69.0 70.4 72.9 74.3 75.2 76.1 75.3 77.1 76.5 74.8 0.00 0.00 0.00 0.00 0.00 0.00 0.00 0.00 0.00 0.00 0.00 0.00 
