2016_CCC_ARR_IFD/catchment_depth_270min_50000aep.txt.asc
ncols         27
nrows         23
xllcorner     150.975
yllcorner     -33.6
cellsize      0.025
NODATA_value  -9999
38.9 38.8 39.7 40.3 40.0 39.7 39.8 40.6 41.5 42.9 44.6 45.3 45.5 46.9 47.4 48.1 47.7 47.7 48.3 49.0 49.6 50.2 50.8 51.2 51.7 52.1 52.5 
39.5 39.6 40.0 40.7 40.8 40.9 40.8 41.4 42.5 44.0 45.6 46.9 46.9 47.2 48.3 47.4 47.5 48.2 48.9 49.6 50.2 50.7 51.3 51.7 52.2 52.6 53.0 
39.2 39.9 40.8 41.0 41.1 41.4 41.7 42.1 43.7 44.7 45.9 46.8 46.8 46.7 48.3 49.2 48.7 48.6 49.5 50.2 50.8 51.3 51.8 52.2 52.7 53.1 53.5 
40.0 40.2 41.2 40.5 41.0 41.5 42.8 43.0 43.6 44.8 46.0 46.4 47.1 47.6 48.7 48.4 48.8 49.5 50.3 50.9 51.5 52.0 52.4 52.9 53.2 53.7 54.2 
40.1 40.4 41.3 40.8 41.6 42.3 43.1 43.8 45.0 46.5 46.4 46.3 47.8 47.6 48.7 48.8 49.6 50.3 51.1 51.7 52.3 52.7 53.0 53.4 53.8 54.2 54.6 
40.0 41.1 41.3 41.0 42.4 42.6 43.0 43.9 45.6 47.1 46.8 47.3 47.7 48.3 49.2 49.8 50.4 51.1 51.8 52.6 53.0 53.4 53.7 54.0 54.4 54.8 55.0 
39.9 40.8 41.0 41.5 42.9 42.9 43.9 44.9 46.3 47.8 47.6 47.9 48.2 49.6 49.8 50.7 51.5 52.1 52.8 53.5 53.8 54.1 54.4 54.6 54.9 55.3 55.7 
40.1 41.4 42.2 43.0 43.8 43.4 44.7 46.1 47.4 48.6 48.2 48.2 49.0 49.8 50.6 51.4 52.5 53.3 53.9 54.3 54.6 54.8 55.0 55.0 55.3 55.5 0.00 
40.6 41.9 42.5 43.7 43.9 44.3 44.9 47.1 47.7 49.2 50.0 49.6 49.8 50.6 51.4 52.4 53.4 54.3 54.9 55.2 55.4 55.4 55.4 55.5 55.6 55.8 0.00 
41.0 41.6 42.9 43.6 44.5 44.8 45.3 46.7 47.6 49.9 50.6 50.9 51.7 51.4 52.2 53.1 54.2 55.2 55.9 56.0 56.0 55.9 55.8 55.9 0.00 0.00 0.00 
41.2 41.9 42.7 43.1 45.0 45.2 46.2 47.8 49.0 50.8 51.8 51.0 51.4 52.8 52.9 53.6 54.7 55.8 56.4 56.4 56.3 56.2 56.3 56.3 56.4 0.00 0.00 
41.2 41.9 43.0 44.2 45.6 45.7 46.2 48.4 50.2 50.7 52.5 52.9 52.1 52.7 53.4 54.1 54.9 55.8 56.2 56.4 56.5 56.5 56.6 0.00 0.00 0.00 0.00 
41.5 42.5 43.5 44.8 45.7 46.1 46.6 49.0 50.4 50.4 52.5 53.0 53.8 52.9 53.7 54.4 55.0 55.8 56.1 56.4 56.6 56.7 0.00 0.00 0.00 0.00 0.00 
41.7 42.6 43.4 44.9 45.6 46.3 47.2 49.0 50.3 50.9 52.3 52.6 54.2 53.9 54.1 54.5 55.3 55.9 56.2 56.4 56.7 56.8 0.00 0.00 0.00 0.00 0.00 
41.9 42.6 43.5 44.8 46.0 47.1 47.5 48.7 50.6 50.9 51.9 53.2 54.3 54.0 53.9 54.6 55.4 56.1 56.5 56.6 57.1 0.00 0.00 0.00 0.00 0.00 0.00 
42.2 42.9 43.8 44.9 46.5 47.3 47.9 49.0 50.1 51.5 52.1 53.0 54.4 54.2 53.9 54.7 55.7 55.7 56.3 56.5 57.7 0.00 0.00 0.00 0.00 0.00 0.00 
42.4 43.0 44.1 45.1 46.2 47.9 48.7 49.0 50.9 52.0 52.4 52.7 54.2 54.2 53.7 54.5 55.1 55.7 55.9 56.2 0.00 0.00 0.00 0.00 0.00 0.00 0.00 
42.6 43.4 44.4 45.4 46.5 47.7 48.6 49.6 51.4 52.1 52.5 53.9 54.5 54.1 53.7 54.7 55.5 55.8 55.9 0.00 0.00 0.00 0.00 0.00 0.00 0.00 0.00 
43.2 43.9 45.1 46.2 47.4 48.6 49.2 50.6 51.9 52.4 53.1 53.8 54.6 53.6 53.9 54.5 55.3 55.9 56.4 0.00 0.00 0.00 0.00 0.00 0.00 0.00 0.00 
43.7 44.6 45.7 46.9 47.8 48.7 49.9 50.4 51.4 52.9 53.5 54.4 54.9 53.8 54.0 55.3 56.1 56.6 56.9 0.00 0.00 0.00 0.00 0.00 0.00 0.00 0.00 
44.3 45.6 46.1 47.1 48.1 49.2 49.9 51.2 52.4 52.1 52.7 54.1 55.2 53.9 54.9 55.1 55.8 55.9 0.00 0.00 0.00 0.00 0.00 0.00 0.00 0.00 0.00 
44.8 46.1 47.1 48.1 49.0 49.8 50.5 51.7 53.0 53.5 53.3 54.4 55.6 55.7 0.00 0.00 0.00 0.00 0.00 0.00 0.00 0.00 0.00 0.00 0.00 0.00 0.00 
45.4 46.6 47.7 48.7 49.2 49.6 50.7 52.2 53.2 54.0 54.7 54.6 55.5 55.3 54.2 0.00 0.00 0.00 0.00 0.00 0.00 0.00 0.00 0.00 0.00 0.00 0.00 
