2016_CCC_ARR_IFD/catchment_depth_10min_99752aep.txt.asc
ncols         27
nrows         23
xllcorner     150.975
yllcorner     -33.6
cellsize      0.025
NODATA_value  -9999
4.19 4.18 4.23 4.27 4.25 4.22 4.23 4.29 4.36 4.46 4.59 4.65 4.68 4.80 4.84 4.91 4.93 5.01 5.08 5.16 5.23 5.31 5.38 5.45 5.52 5.58 5.64 
4.25 4.25 4.27 4.32 4.33 4.33 4.32 4.37 4.45 4.57 4.69 4.80 4.80 4.84 4.93 4.91 4.98 5.06 5.14 5.22 5.29 5.36 5.43 5.50 5.57 5.63 5.69 
4.24 4.29 4.35 4.36 4.36 4.39 4.41 4.44 4.56 4.64 4.73 4.80 4.82 4.84 4.96 5.04 5.05 5.12 5.20 5.27 5.35 5.42 5.49 5.55 5.62 5.68 5.74 
4.31 4.33 4.39 4.35 4.38 4.42 4.51 4.52 4.57 4.67 4.76 4.80 4.87 4.92 5.01 5.04 5.10 5.18 5.26 5.33 5.41 5.48 5.54 5.61 5.67 5.73 5.79 
4.34 4.36 4.42 4.39 4.44 4.49 4.55 4.60 4.69 4.81 4.81 4.81 4.94 4.94 5.05 5.08 5.17 5.24 5.32 5.40 5.47 5.54 5.60 5.66 5.72 5.78 5.84 
4.34 4.42 4.43 4.43 4.51 4.53 4.55 4.62 4.76 4.87 4.85 4.90 4.94 5.00 5.09 5.13 5.22 5.30 5.38 5.46 5.53 5.59 5.65 5.71 5.77 5.83 5.88 
4.34 4.41 4.43 4.47 4.56 4.56 4.63 4.70 4.82 4.95 4.93 4.94 4.96 5.12 5.14 5.19 5.28 5.36 5.44 5.52 5.59 5.65 5.71 5.77 5.82 5.88 5.94 
4.35 4.46 4.52 4.58 4.64 4.59 4.69 4.81 4.92 5.02 4.97 4.95 5.02 5.10 5.21 5.26 5.33 5.41 5.50 5.57 5.64 5.70 5.76 5.81 5.87 5.92 0.00 
4.39 4.51 4.55 4.63 4.65 4.67 4.70 4.90 4.94 5.08 5.16 5.09 5.09 5.14 5.24 5.30 5.39 5.47 5.55 5.62 5.69 5.75 5.81 5.86 5.92 5.97 0.00 
4.42 4.46 4.58 4.62 4.70 4.69 4.72 4.84 4.92 5.15 5.21 5.22 5.30 5.22 5.27 5.36 5.43 5.53 5.61 5.68 5.74 5.80 5.85 5.91 0.00 0.00 0.00 
4.43 4.48 4.54 4.55 4.74 4.72 4.80 4.95 5.06 5.24 5.33 5.21 5.22 5.39 5.37 5.43 5.49 5.57 5.65 5.72 5.78 5.84 5.90 5.96 6.02 0.00 0.00 
4.41 4.47 4.57 4.67 4.80 4.76 4.78 5.00 5.18 5.21 5.39 5.42 5.29 5.35 5.41 5.47 5.54 5.62 5.69 5.76 5.82 5.88 5.95 0.00 0.00 0.00 0.00 
4.43 4.53 4.62 4.74 4.80 4.79 4.80 5.05 5.19 5.15 5.38 5.41 5.51 5.35 5.42 5.49 5.56 5.65 5.72 5.79 5.86 5.93 0.00 0.00 0.00 0.00 0.00 
4.46 4.54 4.60 4.74 4.77 4.80 4.85 5.04 5.16 5.19 5.34 5.34 5.54 5.48 5.49 5.53 5.62 5.71 5.77 5.84 5.91 5.97 0.00 0.00 0.00 0.00 0.00 
4.43 4.51 4.58 4.72 4.82 4.89 4.87 4.98 5.19 5.17 5.26 5.42 5.54 5.47 5.48 5.56 5.66 5.76 5.84 5.89 5.97 0.00 0.00 0.00 0.00 0.00 0.00 
4.55 4.56 4.60 4.74 4.87 4.90 4.91 5.00 5.09 5.24 5.27 5.37 5.55 5.51 5.50 5.60 5.73 5.77 5.86 5.93 6.05 0.00 0.00 0.00 0.00 0.00 0.00 
4.61 4.65 4.65 4.72 4.82 4.99 5.00 4.99 5.18 5.29 5.30 5.34 5.52 5.52 5.54 5.63 5.72 5.81 5.88 5.96 0.00 0.00 0.00 0.00 0.00 0.00 0.00 
4.65 4.71 4.73 4.76 4.84 4.91 4.97 5.04 5.24 5.28 5.30 5.48 5.56 5.55 5.59 5.69 5.79 5.87 5.93 0.00 0.00 0.00 0.00 0.00 0.00 0.00 0.00 
4.67 4.74 4.84 4.90 4.98 5.06 5.03 5.16 5.30 5.29 5.37 5.47 5.58 5.57 5.65 5.74 5.83 5.92 6.00 0.00 0.00 0.00 0.00 0.00 0.00 0.00 0.00 
4.72 4.81 4.90 4.98 5.02 5.04 5.13 5.13 5.20 5.34 5.41 5.56 5.65 5.64 5.72 5.84 5.94 6.02 6.09 0.00 0.00 0.00 0.00 0.00 0.00 0.00 0.00 
4.80 4.91 4.93 4.99 5.05 5.12 5.15 5.22 5.30 5.34 5.43 5.56 5.72 5.71 5.82 5.89 5.99 6.05 0.00 0.00 0.00 0.00 0.00 0.00 0.00 0.00 0.00 
4.86 4.97 5.04 5.12 5.18 5.22 5.24 5.33 5.47 5.47 5.52 5.65 5.82 5.87 0.00 0.00 0.00 0.00 0.00 0.00 0.00 0.00 0.00 0.00 0.00 0.00 0.00 
4.94 5.03 5.12 5.20 5.23 5.25 5.32 5.46 5.56 5.63 5.72 5.75 5.89 5.93 5.95 0.00 0.00 0.00 0.00 0.00 0.00 0.00 0.00 0.00 0.00 0.00 0.00 
