2016_CCC_ARR_IFD/catchment_depth_2880min_10000aep.txt.asc
ncols         27
nrows         23
xllcorner     150.975
yllcorner     -33.6
cellsize      0.025
NODATA_value  -9999
168 166 175 180 175 169 166 173 180 192 207 212 211 224 226 232 222 211 215 218 220 225 230 229 229 229 228 
176 176 178 183 183 180 175 179 188 202 217 229 225 225 235 220 216 213 214 217 221 224 226 227 228 228 229 
172 179 187 187 184 185 184 185 199 207 217 224 222 216 232 240 228 222 219 218 221 223 225 227 229 229 229 
182 182 191 179 182 183 195 193 195 206 216 216 221 223 232 225 226 219 221 221 224 225 227 228 229 231 235 
184 183 191 181 187 191 196 199 210 223 218 211 226 218 230 222 229 223 224 226 227 227 227 229 230 233 234 
181 193 190 182 195 192 192 198 214 227 218 220 221 223 229 220 228 231 232 227 228 229 229 230 233 236 233 
177 186 184 187 199 193 200 207 219 233 225 223 216 236 231 221 227 233 233 230 230 231 231 232 234 238 241 
177 193 199 204 208 196 207 220 229 239 228 219 224 229 237 234 229 229 232 231 231 232 233 231 233 234 0.00 
183 199 201 210 207 206 206 229 230 244 248 237 231 230 237 234 231 232 232 233 234 232 232 232 233 233 0.00 
189 190 204 207 213 208 207 220 225 248 251 249 254 240 235 239 232 233 234 236 236 234 233 234 0.00 0.00 0.00 
189 192 198 195 217 211 217 232 240 257 264 246 243 258 249 249 239 237 236 236 236 235 236 237 237 0.00 0.00 
184 190 200 210 223 215 213 236 252 252 268 267 250 251 251 250 249 242 238 238 238 237 238 0.00 0.00 0.00 0.00 
188 198 206 217 222 217 213 241 252 245 265 265 270 248 250 248 245 247 242 240 240 239 0.00 0.00 0.00 0.00 0.00 
190 197 202 216 216 217 220 239 247 247 260 256 272 261 256 252 253 256 248 243 244 241 0.00 0.00 0.00 0.00 0.00 
186 193 198 212 221 226 220 230 249 244 250 261 270 259 254 254 256 259 258 249 251 0.00 0.00 0.00 0.00 0.00 0.00 
196 196 199 211 225 226 222 230 237 249 249 255 268 260 256 257 262 253 254 249 263 0.00 0.00 0.00 0.00 0.00 0.00 
200 202 201 207 216 233 232 224 244 252 249 248 262 258 255 256 255 254 249 246 0.00 0.00 0.00 0.00 0.00 0.00 0.00 
202 206 207 207 215 221 223 227 248 248 245 259 261 255 249 255 257 255 248 0.00 0.00 0.00 0.00 0.00 0.00 0.00 0.00 
202 208 218 223 229 236 227 239 251 244 248 252 258 246 246 248 251 253 253 0.00 0.00 0.00 0.00 0.00 0.00 0.00 0.00 
204 214 223 230 232 229 236 228 232 245 246 255 257 242 242 252 255 257 256 0.00 0.00 0.00 0.00 0.00 0.00 0.00 0.00 
211 225 224 227 230 235 230 235 241 231 234 245 256 239 246 245 249 247 0.00 0.00 0.00 0.00 0.00 0.00 0.00 0.00 0.00 
214 229 235 241 244 243 238 243 254 244 236 244 258 253 0.00 0.00 0.00 0.00 0.00 0.00 0.00 0.00 0.00 0.00 0.00 0.00 0.00 
220 233 241 249 244 236 239 252 256 255 256 244 253 244 232 0.00 0.00 0.00 0.00 0.00 0.00 0.00 0.00 0.00 0.00 0.00 0.00 
