2016_CCC_ARR_IFD/catchment_depth_4min_99999aep.txt.asc
ncols         27
nrows         23
xllcorner     150.975
yllcorner     -33.6
cellsize      0.025
NODATA_value  -9999
1.91 1.91 1.93 1.95 1.94 1.94 1.95 1.98 2.01 2.06 2.13 2.16 2.18 2.23 2.26 2.30 2.32 2.39 2.43 2.47 2.51 2.54 2.58 2.62 2.65 2.69 2.72 
1.94 1.94 1.95 1.98 1.98 1.99 1.99 2.02 2.06 2.12 2.18 2.23 2.24 2.26 2.31 2.32 2.37 2.42 2.47 2.51 2.55 2.58 2.62 2.66 2.69 2.72 2.76 
1.94 1.97 2.00 2.00 2.01 2.02 2.04 2.06 2.12 2.16 2.21 2.25 2.26 2.28 2.34 2.38 2.40 2.45 2.51 2.56 2.59 2.63 2.66 2.69 2.73 2.76 2.79 
1.98 1.99 2.02 2.00 2.02 2.04 2.09 2.11 2.14 2.19 2.23 2.26 2.30 2.33 2.37 2.40 2.44 2.50 2.55 2.60 2.63 2.67 2.70 2.73 2.76 2.79 2.82 
1.99 2.00 2.04 2.02 2.05 2.08 2.12 2.15 2.20 2.26 2.27 2.28 2.34 2.36 2.41 2.45 2.49 2.55 2.60 2.64 2.68 2.71 2.74 2.77 2.80 2.82 2.85 
2.00 2.04 2.05 2.04 2.09 2.11 2.13 2.17 2.24 2.30 2.30 2.33 2.36 2.40 2.45 2.50 2.54 2.59 2.63 2.69 2.72 2.75 2.78 2.81 2.83 2.86 2.88 
2.00 2.04 2.05 2.07 2.12 2.13 2.17 2.22 2.28 2.34 2.35 2.37 2.40 2.46 2.49 2.55 2.59 2.63 2.68 2.73 2.77 2.79 2.82 2.84 2.87 2.89 2.91 
2.01 2.07 2.10 2.13 2.17 2.16 2.21 2.28 2.33 2.39 2.38 2.39 2.44 2.48 2.53 2.58 2.64 2.69 2.74 2.78 2.81 2.83 2.85 2.88 2.90 2.92 0.00 
2.03 2.10 2.12 2.17 2.18 2.20 2.23 2.33 2.36 2.43 2.47 2.46 2.48 2.52 2.57 2.63 2.69 2.74 2.79 2.82 2.85 2.87 2.89 2.91 2.93 2.95 0.00 
2.05 2.07 2.14 2.17 2.21 2.22 2.25 2.31 2.36 2.47 2.51 2.53 2.57 2.56 2.61 2.66 2.73 2.79 2.83 2.86 2.88 2.90 2.92 2.94 0.00 0.00 0.00 
2.06 2.09 2.13 2.14 2.24 2.24 2.29 2.38 2.43 2.52 2.57 2.54 2.56 2.64 2.65 2.70 2.76 2.82 2.87 2.89 2.91 2.93 2.95 2.97 2.99 0.00 0.00 
2.05 2.09 2.15 2.20 2.28 2.27 2.29 2.41 2.50 2.53 2.62 2.64 2.60 2.64 2.68 2.73 2.78 2.84 2.88 2.92 2.94 2.96 2.98 0.00 0.00 0.00 0.00 
2.07 2.13 2.18 2.25 2.29 2.29 2.31 2.44 2.52 2.51 2.63 2.65 2.70 2.66 2.71 2.75 2.80 2.86 2.90 2.94 2.97 2.99 0.00 0.00 0.00 0.00 0.00 
2.08 2.14 2.17 2.26 2.28 2.31 2.35 2.45 2.51 2.54 2.62 2.64 2.73 2.72 2.74 2.77 2.83 2.88 2.92 2.96 2.99 3.02 0.00 0.00 0.00 0.00 0.00 
2.07 2.12 2.17 2.26 2.32 2.36 2.37 2.44 2.54 2.55 2.60 2.68 2.74 2.73 2.74 2.79 2.85 2.90 2.95 2.99 3.02 0.00 0.00 0.00 0.00 0.00 0.00 
2.15 2.16 2.19 2.27 2.35 2.38 2.40 2.46 2.51 2.59 2.62 2.67 2.76 2.75 2.75 2.81 2.88 2.91 2.96 3.00 3.04 0.00 0.00 0.00 0.00 0.00 0.00 
2.19 2.22 2.23 2.27 2.34 2.43 2.45 2.47 2.56 2.62 2.64 2.67 2.76 2.77 2.77 2.83 2.88 2.93 2.97 3.02 0.00 0.00 0.00 0.00 0.00 0.00 0.00 
2.22 2.26 2.28 2.31 2.36 2.41 2.46 2.50 2.60 2.64 2.66 2.75 2.79 2.79 2.81 2.87 2.92 2.96 3.00 0.00 0.00 0.00 0.00 0.00 0.00 0.00 0.00 
2.24 2.28 2.34 2.38 2.43 2.48 2.50 2.57 2.64 2.66 2.71 2.76 2.81 2.81 2.85 2.90 2.95 2.99 3.03 0.00 0.00 0.00 0.00 0.00 0.00 0.00 0.00 
2.27 2.32 2.37 2.42 2.46 2.49 2.55 2.57 2.62 2.69 2.74 2.81 2.85 2.85 2.89 2.95 3.00 3.04 3.08 0.00 0.00 0.00 0.00 0.00 0.00 0.00 0.00 
2.32 2.38 2.40 2.44 2.48 2.54 2.57 2.62 2.68 2.70 2.75 2.82 2.89 2.89 2.95 2.99 3.03 3.06 0.00 0.00 0.00 0.00 0.00 0.00 0.00 0.00 0.00 
2.35 2.41 2.45 2.50 2.55 2.58 2.62 2.68 2.75 2.77 2.81 2.87 2.95 2.98 0.00 0.00 0.00 0.00 0.00 0.00 0.00 0.00 0.00 0.00 0.00 0.00 0.00 
2.39 2.44 2.49 2.54 2.57 2.61 2.66 2.73 2.79 2.84 2.89 2.92 2.99 3.01 3.02 0.00 0.00 0.00 0.00 0.00 0.00 0.00 0.00 0.00 0.00 0.00 0.00 
