2016_CCC_ARR_IFD/catchment_depth_2160min_05000aep.txt.asc
ncols         27
nrows         23
xllcorner     150.975
yllcorner     -33.6
cellsize      0.025
NODATA_value  -9999
177 176 185 190 186 180 178 185 192 206 221 226 226 239 241 247 239 228 233 237 239 245 250 250 251 251 251 
184 185 187 193 193 191 187 191 201 215 230 242 239 240 250 236 232 230 232 235 240 244 247 248 249 250 251 
181 188 196 197 195 196 196 198 212 221 231 238 236 231 247 255 245 238 236 236 240 242 245 247 250 250 251 
191 192 200 190 193 195 207 205 209 219 229 231 236 238 248 240 241 236 238 238 242 244 246 248 249 251 256 
192 193 201 192 198 202 208 212 223 236 232 225 241 233 245 238 245 239 240 244 244 245 246 248 250 253 254 
190 202 200 193 206 204 204 211 228 240 232 234 236 238 245 235 243 247 249 244 245 247 248 248 252 255 253 
187 196 195 198 211 206 213 220 233 247 239 237 231 251 246 237 244 250 250 247 247 248 249 250 252 257 260 
187 203 209 215 220 208 220 233 243 253 243 234 239 244 252 250 245 246 249 248 248 250 250 249 250 252 0.00 
193 209 212 221 219 218 219 242 244 258 263 251 246 245 252 249 248 248 249 250 251 249 249 249 250 250 0.00 
199 201 215 218 225 221 220 233 239 262 266 264 269 255 251 255 249 250 251 253 252 250 250 251 0.00 0.00 0.00 
199 203 209 207 229 224 230 245 254 271 278 261 258 274 264 264 255 253 253 253 252 252 253 253 254 0.00 0.00 
196 202 212 222 235 228 227 250 266 266 283 282 265 266 266 266 264 259 255 254 254 253 254 0.00 0.00 0.00 0.00 
199 210 218 229 234 230 227 255 266 259 280 280 286 263 265 263 261 262 257 256 256 255 0.00 0.00 0.00 0.00 0.00 
202 209 214 228 229 230 234 253 262 262 274 271 287 276 271 267 268 271 264 259 259 257 0.00 0.00 0.00 0.00 0.00 
199 205 211 224 234 240 234 244 264 258 265 276 285 273 268 268 271 273 273 264 267 0.00 0.00 0.00 0.00 0.00 0.00 
208 209 212 225 238 240 236 244 251 264 263 270 283 274 269 271 276 268 269 264 279 0.00 0.00 0.00 0.00 0.00 0.00 
213 215 214 220 230 247 246 238 259 266 263 262 276 272 268 269 268 268 263 261 0.00 0.00 0.00 0.00 0.00 0.00 0.00 
214 219 221 221 229 235 237 242 263 263 259 274 276 268 262 268 270 269 262 0.00 0.00 0.00 0.00 0.00 0.00 0.00 0.00 
215 222 232 237 244 250 242 254 266 260 263 267 272 259 259 262 265 267 267 0.00 0.00 0.00 0.00 0.00 0.00 0.00 0.00 
218 228 237 244 246 244 251 243 247 260 261 270 272 256 256 265 270 271 270 0.00 0.00 0.00 0.00 0.00 0.00 0.00 0.00 
225 239 238 242 245 250 245 251 256 246 248 260 270 253 260 259 263 261 0.00 0.00 0.00 0.00 0.00 0.00 0.00 0.00 0.00 
229 244 250 256 259 258 253 258 269 260 251 259 273 268 0.00 0.00 0.00 0.00 0.00 0.00 0.00 0.00 0.00 0.00 0.00 0.00 0.00 
235 248 256 263 259 251 255 267 271 270 271 259 267 258 246 0.00 0.00 0.00 0.00 0.00 0.00 0.00 0.00 0.00 0.00 0.00 0.00 
