2016_CCC_ARR_IFD/catchment_depth_180min_00100aep.txt.asc
ncols         27
nrows         23
xllcorner     150.975
yllcorner     -33.6
cellsize      0.025
NODATA_value  -9999
126 127 130 132 133 134 135 139 143 148 153 156 159 162 166 169 172 176 180 184 187 190 193 196 198 200 203 
128 129 131 134 136 137 139 142 147 152 156 159 162 165 168 172 173 179 183 187 190 193 195 198 200 202 204 
127 130 133 135 137 139 142 145 151 155 158 162 165 168 171 174 178 180 185 190 192 195 197 199 202 204 206 
129 131 134 134 137 140 145 148 152 157 161 165 168 172 175 178 181 185 189 192 195 197 199 201 203 205 208 
130 131 135 135 139 143 147 151 156 161 164 168 172 176 179 182 185 189 192 194 197 199 201 203 205 207 209 
129 133 135 135 141 144 147 152 159 163 167 171 176 180 184 186 190 192 195 197 199 201 203 204 206 208 209 
129 132 134 137 143 145 150 155 161 166 170 175 178 183 188 189 193 196 199 200 201 203 205 206 208 210 211 
129 134 137 141 145 146 152 159 164 169 173 176 182 187 192 194 197 199 202 203 204 205 207 207 208 210 0.00 
130 135 138 143 145 149 152 162 166 172 176 181 185 189 194 196 200 203 205 206 207 207 207 208 209 210 0.00 
130 133 139 142 147 149 153 160 166 174 179 183 187 192 194 199 201 205 208 209 209 208 208 209 0.00 0.00 0.00 
130 133 137 140 148 150 155 163 169 176 181 184 188 193 197 200 203 206 209 209 209 209 209 210 211 0.00 0.00 
129 133 137 143 149 151 154 164 172 176 184 187 188 193 197 200 204 206 207 208 208 209 209 0.00 0.00 0.00 0.00 
129 134 138 144 148 151 154 165 171 174 183 186 191 191 196 199 202 205 206 207 207 208 0.00 0.00 0.00 0.00 0.00 
129 133 137 143 146 150 154 163 170 174 181 184 190 192 195 198 202 205 205 205 207 207 0.00 0.00 0.00 0.00 0.00 
128 132 135 141 147 152 154 160 169 171 177 184 188 190 193 196 200 203 205 205 207 0.00 0.00 0.00 0.00 0.00 0.00 
129 132 135 141 147 151 153 159 164 172 175 180 187 188 191 195 199 199 202 202 206 0.00 0.00 0.00 0.00 0.00 0.00 
129 132 135 139 144 152 155 155 165 170 173 176 183 185 186 191 194 197 197 198 0.00 0.00 0.00 0.00 0.00 0.00 0.00 
129 132 136 139 143 148 151 155 165 168 169 177 181 182 181 188 192 195 194 0.00 0.00 0.00 0.00 0.00 0.00 0.00 0.00 
130 133 138 142 147 151 151 158 164 165 169 173 178 175 178 182 187 191 193 0.00 0.00 0.00 0.00 0.00 0.00 0.00 0.00 
131 135 139 144 147 149 153 152 156 163 166 172 176 172 174 181 186 189 191 0.00 0.00 0.00 0.00 0.00 0.00 0.00 0.00 
133 138 140 143 146 150 150 154 158 156 159 166 173 168 174 176 180 182 0.00 0.00 0.00 0.00 0.00 0.00 0.00 0.00 0.00 
133 140 143 147 150 152 152 156 162 160 158 164 172 172 0.00 0.00 0.00 0.00 0.00 0.00 0.00 0.00 0.00 0.00 0.00 0.00 0.00 
135 141 145 149 150 148 151 158 162 163 165 162 168 167 163 0.00 0.00 0.00 0.00 0.00 0.00 0.00 0.00 0.00 0.00 0.00 0.00 
