2016_CCC_ARR_IFD/catchment_depth_30min_99999aep.txt.asc
ncols         27
nrows         23
xllcorner     150.975
yllcorner     -33.6
cellsize      0.025
NODATA_value  -9999
6.27 6.25 6.36 6.43 6.38 6.32 6.32 6.43 6.53 6.73 6.95 7.04 7.07 7.27 7.33 7.43 7.38 7.38 7.49 7.59 7.69 7.79 7.90 7.99 8.08 8.17 8.25 
6.35 6.36 6.39 6.48 6.49 6.48 6.45 6.52 6.66 6.87 7.09 7.26 7.25 7.29 7.45 7.33 7.37 7.44 7.54 7.64 7.75 7.85 7.95 8.04 8.13 8.21 8.30 
6.31 6.40 6.50 6.52 6.52 6.55 6.57 6.61 6.82 6.95 7.11 7.23 7.23 7.21 7.44 7.57 7.50 7.53 7.61 7.70 7.81 7.90 8.00 8.09 8.18 8.27 8.35 
6.41 6.44 6.55 6.45 6.50 6.55 6.71 6.72 6.78 6.95 7.11 7.15 7.25 7.31 7.47 7.43 7.52 7.57 7.68 7.77 7.88 7.97 8.06 8.15 8.23 8.32 8.42 
6.43 6.45 6.56 6.48 6.57 6.64 6.74 6.81 6.97 7.18 7.15 7.09 7.33 7.27 7.45 7.45 7.58 7.64 7.74 7.85 7.95 8.03 8.11 8.20 8.28 8.38 8.46 
6.41 6.55 6.55 6.51 6.67 6.67 6.70 6.80 7.04 7.24 7.16 7.21 7.26 7.33 7.47 7.48 7.61 7.72 7.83 7.91 8.01 8.10 8.17 8.25 8.34 8.43 8.49 
6.37 6.49 6.50 6.56 6.73 6.69 6.80 6.91 7.11 7.33 7.25 7.25 7.22 7.51 7.50 7.53 7.66 7.78 7.89 7.98 8.07 8.15 8.23 8.31 8.39 8.49 8.58 
6.38 6.56 6.66 6.74 6.83 6.72 6.88 7.08 7.25 7.42 7.29 7.20 7.31 7.42 7.58 7.63 7.71 7.82 7.94 8.03 8.11 8.20 8.28 8.34 8.42 8.50 0.00 
6.43 6.62 6.68 6.82 6.82 6.84 6.86 7.21 7.25 7.48 7.58 7.43 7.38 7.44 7.59 7.66 7.77 7.88 7.99 8.08 8.17 8.24 8.31 8.39 8.46 8.53 0.00 
6.48 6.53 6.71 6.78 6.89 6.86 6.87 7.07 7.17 7.55 7.63 7.61 7.74 7.55 7.60 7.73 7.81 7.94 8.05 8.14 8.21 8.28 8.35 8.43 0.00 0.00 0.00 
6.48 6.55 6.64 6.63 6.93 6.88 6.99 7.23 7.38 7.67 7.81 7.56 7.55 7.84 7.74 7.82 7.87 7.98 8.08 8.16 8.24 8.31 8.40 8.48 8.56 0.00 0.00 
6.44 6.52 6.67 6.81 7.01 6.94 6.94 7.29 7.56 7.58 7.88 7.90 7.64 7.71 7.78 7.85 7.93 8.01 8.10 8.18 8.27 8.35 8.44 0.00 0.00 0.00 0.00 
6.47 6.62 6.75 6.91 7.00 6.96 6.94 7.35 7.56 7.46 7.82 7.85 8.00 7.67 7.76 7.83 7.92 8.04 8.12 8.21 8.30 8.38 0.00 0.00 0.00 0.00 0.00 
6.50 6.61 6.69 6.90 6.93 6.96 7.02 7.32 7.48 7.50 7.74 7.71 8.03 7.87 7.84 7.87 7.99 8.12 8.17 8.24 8.34 8.42 0.00 0.00 0.00 0.00 0.00 
6.45 6.56 6.65 6.85 7.00 7.10 7.03 7.19 7.51 7.44 7.57 7.81 8.00 7.83 7.79 7.89 8.03 8.17 8.27 8.30 8.42 0.00 0.00 0.00 0.00 0.00 0.00 
6.61 6.62 6.67 6.87 7.07 7.09 7.07 7.19 7.32 7.54 7.56 7.70 7.99 7.86 7.80 7.94 8.13 8.14 8.27 8.34 8.58 0.00 0.00 0.00 0.00 0.00 0.00 
6.69 6.74 6.72 6.82 6.95 7.20 7.21 7.16 7.45 7.60 7.59 7.62 7.90 7.86 7.85 7.97 8.08 8.20 8.28 8.38 0.00 0.00 0.00 0.00 0.00 0.00 0.00 
6.73 6.82 6.83 6.85 6.96 7.06 7.13 7.22 7.53 7.57 7.57 7.84 7.95 7.88 7.91 8.05 8.18 8.27 8.34 0.00 0.00 0.00 0.00 0.00 0.00 0.00 0.00 
6.74 6.84 6.98 7.06 7.16 7.27 7.21 7.40 7.60 7.56 7.67 7.80 7.96 7.89 7.99 8.11 8.24 8.36 8.46 0.00 0.00 0.00 0.00 0.00 0.00 0.00 0.00 
6.80 6.92 7.05 7.16 7.21 7.22 7.34 7.33 7.43 7.62 7.72 7.93 8.05 7.99 8.08 8.26 8.40 8.52 8.60 0.00 0.00 0.00 0.00 0.00 0.00 0.00 0.00 
6.90 7.06 7.08 7.15 7.23 7.33 7.35 7.45 7.57 7.60 7.72 7.91 8.14 8.09 8.25 8.34 8.47 8.54 0.00 0.00 0.00 0.00 0.00 0.00 0.00 0.00 0.00 
6.97 7.12 7.23 7.33 7.41 7.46 7.48 7.60 7.82 7.79 7.84 8.04 8.30 8.36 0.00 0.00 0.00 0.00 0.00 0.00 0.00 0.00 0.00 0.00 0.00 0.00 0.00 
7.06 7.20 7.32 7.44 7.46 7.47 7.58 7.78 7.93 8.03 8.16 8.19 8.38 8.43 8.43 0.00 0.00 0.00 0.00 0.00 0.00 0.00 0.00 0.00 0.00 0.00 0.00 
