2016_CCC_ARR_IFD/catchment_depth_1440min_10000aep.txt.asc
ncols         27
nrows         23
xllcorner     150.975
yllcorner     -33.6
cellsize      0.025
NODATA_value  -9999
126 125 132 135 133 129 128 133 138 147 157 160 160 169 170 174 169 162 165 168 169 173 176 177 177 177 178 
131 131 133 137 138 137 134 137 144 153 163 171 169 170 176 167 165 163 165 167 170 173 175 176 177 178 178 
129 134 139 140 139 140 140 141 151 157 164 169 167 164 175 180 173 169 168 168 171 173 174 176 178 179 179 
135 136 142 135 137 139 147 146 149 156 163 164 168 169 176 170 171 168 169 170 173 174 176 177 178 180 183 
136 136 142 136 141 144 148 151 158 167 165 160 171 166 174 169 174 170 172 174 175 176 176 178 179 182 182 
134 142 142 137 146 145 145 150 162 170 165 167 168 169 174 168 174 176 178 175 176 177 178 179 181 184 182 
132 139 138 140 149 146 151 156 165 175 170 169 165 178 175 170 174 178 179 178 178 179 180 180 182 185 187 
132 143 147 151 155 148 156 165 172 179 172 166 170 174 180 178 176 177 179 179 179 181 181 180 182 183 0.00 
136 147 149 155 154 154 155 171 172 182 185 178 175 175 180 179 178 179 180 181 182 181 181 181 182 182 0.00 
139 141 151 153 158 156 156 165 169 185 188 186 190 181 179 183 179 181 182 184 183 182 182 183 0.00 0.00 0.00 
140 143 147 146 160 157 162 173 179 191 196 185 183 194 188 189 184 183 184 184 183 183 184 185 185 0.00 0.00 
137 141 149 155 164 160 160 176 187 187 199 199 187 189 189 190 189 186 185 184 184 184 185 0.00 0.00 0.00 0.00 
139 146 152 160 164 161 160 179 187 183 197 197 201 187 189 188 187 189 186 185 186 185 0.00 0.00 0.00 0.00 0.00 
141 146 150 159 160 161 164 177 184 184 193 191 202 195 192 190 192 194 190 187 188 186 0.00 0.00 0.00 0.00 0.00 
139 143 147 157 163 168 164 171 185 182 186 195 201 193 189 191 193 195 195 190 192 0.00 0.00 0.00 0.00 0.00 0.00 
144 145 148 157 166 167 166 171 177 186 185 190 199 194 190 192 196 191 193 190 200 0.00 0.00 0.00 0.00 0.00 0.00 
147 149 149 154 160 172 172 167 182 187 186 185 195 192 189 190 190 191 188 187 0.00 0.00 0.00 0.00 0.00 0.00 0.00 
148 152 154 154 160 165 167 170 184 185 183 193 195 190 185 190 192 191 188 0.00 0.00 0.00 0.00 0.00 0.00 0.00 0.00 
149 153 160 164 169 174 170 179 186 183 186 188 193 183 183 185 188 190 191 0.00 0.00 0.00 0.00 0.00 0.00 0.00 0.00 
151 157 164 169 171 171 176 171 175 183 185 191 192 181 181 188 192 193 193 0.00 0.00 0.00 0.00 0.00 0.00 0.00 0.00 
156 165 165 168 171 174 172 177 181 174 176 184 192 179 185 184 187 186 0.00 0.00 0.00 0.00 0.00 0.00 0.00 0.00 0.00 
158 168 173 177 180 180 177 181 189 184 178 184 193 190 0.00 0.00 0.00 0.00 0.00 0.00 0.00 0.00 0.00 0.00 0.00 0.00 0.00 
162 171 177 182 180 175 178 187 191 191 191 184 190 184 175 0.00 0.00 0.00 0.00 0.00 0.00 0.00 0.00 0.00 0.00 0.00 0.00 
