2016_CCC_ARR_IFD/catchment_depth_8640min_00500aep.txt.asc
ncols         27
nrows         23
xllcorner     150.975
yllcorner     -33.6
cellsize      0.025
NODATA_value  -9999
387 382 403 414 401 385 379 395 412 441 475 486 487 517 523 536 520 502 513 524 530 542 553 552 551 549 548 
405 404 408 421 419 411 401 409 431 462 496 525 517 518 542 514 510 508 514 523 533 541 546 548 548 548 548 
396 413 430 429 422 421 420 424 456 474 497 514 510 502 536 554 535 528 526 527 534 539 541 544 549 550 549 
419 420 439 412 417 421 443 440 448 471 494 498 510 517 538 526 533 524 529 532 540 541 544 548 549 553 562 
423 421 440 415 428 437 449 455 478 507 498 488 521 509 534 524 541 531 535 543 543 544 544 548 551 558 559 
417 443 437 418 447 442 442 456 488 516 501 507 512 519 535 519 539 547 553 541 543 547 548 549 556 563 557 
407 428 423 429 457 445 460 476 503 529 516 515 503 547 539 522 538 553 554 547 547 550 551 552 558 567 574 
407 444 457 468 478 450 476 504 525 544 527 511 521 534 552 549 541 543 548 547 547 552 553 550 553 556 0.00 
421 458 462 482 475 474 474 526 528 558 569 548 536 537 553 548 545 545 547 550 552 550 550 550 553 552 0.00 
434 438 469 474 489 479 477 507 519 570 575 574 587 557 550 561 546 547 550 556 555 552 552 553 0.00 0.00 0.00 
434 443 454 448 496 485 499 532 552 590 602 570 567 598 578 580 560 554 553 554 554 554 557 560 560 0.00 0.00 
424 437 460 482 511 494 491 543 579 579 616 615 580 584 583 583 581 568 558 557 557 557 560 0.00 0.00 0.00 0.00 
432 455 474 498 509 498 491 553 579 565 609 610 620 580 586 579 574 578 566 561 562 561 0.00 0.00 0.00 0.00 0.00 
436 452 462 495 496 497 505 547 568 569 598 592 626 604 598 591 591 597 581 569 569 563 0.00 0.00 0.00 0.00 0.00 
427 442 454 484 505 518 505 527 571 561 576 602 620 600 594 597 597 601 600 582 587 0.00 0.00 0.00 0.00 0.00 0.00 
449 448 454 483 515 515 508 526 543 572 572 587 615 601 600 603 606 589 592 581 611 0.00 0.00 0.00 0.00 0.00 0.00 
458 461 458 472 492 531 529 512 558 575 570 573 601 597 600 601 595 589 578 573 0.00 0.00 0.00 0.00 0.00 0.00 0.00 
461 471 473 471 488 502 507 518 564 566 560 591 599 590 582 595 597 588 575 0.00 0.00 0.00 0.00 0.00 0.00 0.00 0.00 
461 475 497 507 521 535 515 543 569 555 565 575 589 568 571 576 583 586 582 0.00 0.00 0.00 0.00 0.00 0.00 0.00 0.00 
465 487 507 523 526 519 533 515 525 553 557 579 585 556 557 578 587 587 586 0.00 0.00 0.00 0.00 0.00 0.00 0.00 0.00 
481 513 508 515 521 531 519 531 542 522 529 554 579 544 561 561 570 563 0.00 0.00 0.00 0.00 0.00 0.00 0.00 0.00 0.00 
487 521 534 546 553 550 535 546 572 548 531 549 578 571 0.00 0.00 0.00 0.00 0.00 0.00 0.00 0.00 0.00 0.00 0.00 0.00 0.00 
500 529 548 564 552 531 539 562 572 569 570 547 563 548 524 0.00 0.00 0.00 0.00 0.00 0.00 0.00 0.00 0.00 0.00 0.00 0.00 
