2016_CCC_ARR_IFD/catchment_depth_1800min_86466aep.txt.asc
ncols         27
nrows         23
xllcorner     150.975
yllcorner     -33.6
cellsize      0.025
NODATA_value  -9999
56.6 56.1 58.8 60.3 58.7 56.8 55.9 57.9 59.7 63.2 67.5 68.5 68.2 72.0 72.3 73.8 70.3 66.3 67.3 68.3 68.8 70.1 71.4 71.4 71.6 71.9 72.2 
58.8 58.8 59.4 61.1 60.9 60.2 58.7 59.7 62.2 66.2 70.3 73.7 72.4 72.1 75.0 69.9 68.2 67.2 67.6 68.4 69.5 70.4 71.1 71.6 72.0 72.4 72.8 
57.4 59.7 62.0 62.0 61.2 61.4 61.2 61.5 65.6 67.8 70.6 72.4 71.4 69.4 74.0 76.3 72.3 69.8 69.3 69.2 70.0 70.8 71.4 72.0 72.8 73.2 73.5 
60.2 60.4 62.9 59.7 60.4 60.9 64.3 63.6 64.3 67.4 70.1 70.1 71.3 71.5 74.2 71.2 71.4 69.7 70.1 70.3 71.3 71.8 72.4 73.0 73.4 74.1 75.5 
60.4 60.4 62.9 59.9 61.7 62.9 64.5 65.5 68.6 72.4 70.7 68.2 72.7 70.0 73.2 70.8 72.6 71.0 71.4 72.3 72.6 72.8 73.1 73.8 74.3 75.3 75.7 
59.4 62.9 62.3 60.0 63.9 63.2 63.0 64.9 69.9 73.7 70.7 70.9 70.9 71.3 73.1 70.6 72.6 73.5 74.1 73.0 73.4 73.9 74.2 74.5 75.5 76.5 76.0 
57.9 60.8 60.3 61.2 65.0 63.3 65.3 67.3 71.1 75.3 72.6 71.7 69.6 75.4 73.7 71.4 73.2 74.8 74.9 74.5 74.6 75.0 75.3 75.6 76.4 77.5 78.5 
57.6 62.6 64.5 66.0 67.4 63.8 67.1 71.0 73.8 76.8 73.3 70.7 72.1 73.5 75.7 75.1 74.1 74.4 75.3 75.3 75.3 76.0 76.3 76.0 76.5 77.0 0.00 
59.2 64.0 64.8 67.6 66.8 66.6 66.6 73.5 73.7 77.7 78.9 75.6 74.2 74.1 76.0 75.4 75.2 75.6 75.9 76.4 76.7 76.5 76.6 76.7 77.1 77.1 0.00 
60.5 61.2 65.3 66.3 68.2 67.0 66.8 70.6 72.1 78.6 79.5 78.9 80.4 76.8 76.0 77.3 75.9 76.6 77.0 77.7 77.7 77.3 77.4 77.8 0.00 0.00 0.00 
60.3 61.6 63.2 62.7 68.9 67.5 69.4 73.7 76.1 80.8 82.7 78.3 77.8 81.8 79.6 79.9 77.9 77.8 77.9 78.0 78.0 78.0 78.6 79.0 79.2 0.00 0.00 
58.8 60.6 63.7 66.6 70.5 68.6 68.3 74.8 79.3 79.3 83.6 83.6 79.6 80.1 80.6 80.7 80.6 79.4 78.7 78.7 78.7 78.8 79.2 0.00 0.00 0.00 0.00 
59.5 62.6 65.2 68.5 70.0 68.9 68.3 76.0 79.2 77.6 82.9 83.1 84.9 79.7 80.6 80.4 80.0 80.7 79.6 79.4 79.5 79.5 0.00 0.00 0.00 0.00 0.00 
59.9 62.1 63.7 67.9 68.3 68.8 70.0 75.3 77.9 78.2 81.7 81.2 85.5 83.0 82.3 81.6 82.3 83.2 81.5 80.3 80.6 80.1 0.00 0.00 0.00 0.00 0.00 
58.7 60.8 62.5 66.5 69.3 71.2 70.1 73.1 78.5 77.5 79.5 82.7 85.1 82.8 81.8 82.3 83.2 84.0 84.1 82.0 82.9 0.00 0.00 0.00 0.00 0.00 0.00 
61.0 61.4 62.5 66.3 70.4 71.0 70.6 73.1 75.5 79.1 79.4 81.4 84.9 83.3 82.4 83.2 84.7 82.7 83.3 82.2 86.1 0.00 0.00 0.00 0.00 0.00 0.00 
62.0 62.7 62.9 65.0 67.9 72.8 73.1 71.7 77.5 79.8 79.7 79.9 83.6 83.0 82.4 82.9 82.8 83.0 81.8 81.4 0.00 0.00 0.00 0.00 0.00 0.00 0.00 
62.1 63.6 64.5 65.0 67.6 69.8 71.0 72.9 78.6 79.2 78.9 82.8 83.8 82.4 80.9 82.9 83.6 83.3 81.7 0.00 0.00 0.00 0.00 0.00 0.00 0.00 0.00 
62.2 64.1 67.2 68.9 71.2 73.5 72.3 76.1 79.4 78.7 80.1 81.5 83.2 80.0 80.2 81.1 82.3 83.0 83.1 0.00 0.00 0.00 0.00 0.00 0.00 0.00 0.00 
62.7 65.5 68.4 70.8 71.8 72.1 74.5 73.5 75.3 79.1 79.9 82.5 83.3 79.4 79.4 82.4 83.7 84.2 84.1 0.00 0.00 0.00 0.00 0.00 0.00 0.00 0.00 
64.4 68.4 68.5 70.0 71.6 73.6 73.4 75.6 77.9 75.7 76.8 80.3 83.1 78.6 80.9 80.7 81.9 81.5 0.00 0.00 0.00 0.00 0.00 0.00 0.00 0.00 0.00 
65.1 69.4 71.5 73.5 75.0 75.7 75.3 77.5 80.9 79.5 77.7 80.2 83.9 82.9 0.00 0.00 0.00 0.00 0.00 0.00 0.00 0.00 0.00 0.00 0.00 0.00 0.00 
66.5 70.3 72.9 75.4 75.1 74.0 75.9 79.7 81.5 82.1 82.7 80.3 82.7 80.5 77.1 0.00 0.00 0.00 0.00 0.00 0.00 0.00 0.00 0.00 0.00 0.00 0.00 
