2016_CCC_ARR_IFD/catchment_depth_1800min_01000aep.txt.asc
ncols         27
nrows         23
xllcorner     150.975
yllcorner     -33.6
cellsize      0.025
NODATA_value  -9999
226 226 237 244 240 234 232 242 251 268 287 294 295 311 315 322 314 304 310 317 321 328 335 336 337 338 338 
235 236 240 248 249 248 243 249 262 280 298 313 310 312 324 310 306 305 309 315 321 326 330 333 335 336 337 
231 241 251 253 251 253 254 257 275 286 299 309 307 303 322 332 321 314 314 316 320 324 327 330 334 335 336 
243 245 255 244 248 252 267 266 271 285 298 300 307 311 323 314 317 312 315 317 323 325 328 331 333 336 342 
245 246 257 246 254 260 268 274 288 304 300 293 313 305 319 312 321 315 318 323 325 326 327 330 333 337 339 
242 257 255 248 264 263 264 273 293 310 301 304 307 310 319 309 319 324 327 323 325 327 329 330 334 339 336 
238 250 249 254 270 264 274 283 299 317 309 308 301 326 321 311 320 327 328 326 327 328 330 331 334 340 344 
239 258 266 273 280 267 282 299 311 325 313 303 311 317 328 326 321 323 327 327 327 329 330 329 331 333 0.00 
246 265 269 281 279 280 281 310 313 330 337 324 319 319 328 325 324 326 327 329 330 328 328 328 330 331 0.00 
252 256 272 277 286 282 282 299 306 336 341 339 346 330 325 332 325 328 329 332 331 329 329 329 0.00 0.00 0.00 
253 258 266 264 291 285 294 313 324 346 355 336 333 352 341 342 332 330 331 331 330 329 331 332 332 0.00 0.00 
249 256 269 282 298 291 290 318 339 339 360 360 340 342 343 343 342 336 332 332 331 331 332 0.00 0.00 0.00 0.00 
253 266 277 291 297 293 290 324 339 331 356 357 365 338 341 339 337 340 334 333 333 332 0.00 0.00 0.00 0.00 0.00 
256 265 271 289 291 293 298 321 333 333 350 346 366 352 347 343 345 349 341 335 336 333 0.00 0.00 0.00 0.00 0.00 
252 261 268 284 296 304 298 311 335 329 337 352 363 349 342 344 347 351 351 341 345 0.00 0.00 0.00 0.00 0.00 0.00 
263 265 269 285 302 304 300 310 320 335 335 343 360 349 343 346 353 343 346 340 358 0.00 0.00 0.00 0.00 0.00 0.00 
269 272 271 280 292 312 312 303 329 338 335 334 351 346 341 343 343 343 338 336 0.00 0.00 0.00 0.00 0.00 0.00 0.00 
271 277 280 280 291 299 301 308 333 334 329 347 351 341 334 342 345 343 336 0.00 0.00 0.00 0.00 0.00 0.00 0.00 0.00 
273 280 293 300 308 316 307 323 336 329 334 339 346 329 330 333 338 341 341 0.00 0.00 0.00 0.00 0.00 0.00 0.00 0.00 
276 288 299 309 311 309 318 308 314 329 331 342 345 325 325 338 343 345 345 0.00 0.00 0.00 0.00 0.00 0.00 0.00 0.00 
285 302 301 306 310 316 311 318 325 312 315 330 343 321 330 330 334 332 0.00 0.00 0.00 0.00 0.00 0.00 0.00 0.00 0.00 
289 307 315 322 327 327 320 327 340 329 318 328 346 339 0.00 0.00 0.00 0.00 0.00 0.00 0.00 0.00 0.00 0.00 0.00 0.00 0.00 
297 313 323 332 327 318 322 337 343 342 342 328 339 328 312 0.00 0.00 0.00 0.00 0.00 0.00 0.00 0.00 0.00 0.00 0.00 0.00 
