2016_CCC_ARR_IFD/catchment_depth_25min_00200aep.txt.asc
ncols         27
nrows         23
xllcorner     150.975
yllcorner     -33.6
cellsize      0.025
NODATA_value  -9999
63.4 63.2 64.3 65.1 64.9 64.8 65.3 66.7 68.2 70.1 71.8 72.9 74.1 75.0 76.1 77.0 79.2 81.3 82.6 83.7 84.7 85.7 86.5 87.2 87.9 88.6 89.3 
63.8 63.8 64.2 65.2 65.6 65.8 66.1 67.4 69.1 71.0 72.5 73.4 74.6 75.8 76.5 78.9 80.7 82.2 83.4 84.5 85.4 86.3 87.1 87.8 88.5 89.1 89.8 
63.0 63.9 65.0 65.3 65.5 66.1 66.9 68.0 70.1 71.6 73.0 74.1 75.4 77.0 77.6 78.3 81.0 83.1 84.2 85.3 86.1 86.8 87.5 88.3 89.0 89.7 90.3 
63.7 63.9 65.1 64.0 64.8 65.7 67.9 68.7 70.1 71.9 73.5 74.9 76.2 77.7 78.6 81.0 82.5 83.9 84.9 85.7 86.6 87.4 88.1 88.8 89.5 90.1 90.9 
63.5 63.5 64.9 63.5 65.0 66.3 67.9 69.3 71.3 73.0 74.2 75.8 77.0 79.1 80.1 82.3 83.4 84.7 85.5 86.4 87.1 87.8 88.4 89.2 89.9 90.6 91.2 
62.9 64.4 64.3 63.1 65.9 66.3 67.6 69.4 71.8 73.6 74.9 76.6 78.4 80.1 81.4 83.0 84.4 85.5 86.4 86.7 87.3 88.1 88.9 89.6 90.3 91.0 91.4 
62.6 63.4 63.3 63.8 66.2 66.5 68.4 70.3 72.4 74.2 75.6 77.5 79.4 80.3 82.5 83.5 85.0 86.1 86.9 87.3 87.8 88.6 89.3 90.0 90.7 91.3 91.9 
62.9 64.2 65.2 66.2 67.4 67.1 69.2 71.4 73.3 74.8 76.4 78.5 80.5 82.2 83.1 84.7 85.5 86.4 87.3 87.8 88.3 89.1 89.7 90.2 90.9 91.4 0.00 
63.2 64.9 65.4 67.0 67.3 68.1 69.5 72.3 73.6 75.4 76.9 78.9 81.3 82.9 84.2 85.2 86.0 86.9 87.6 88.3 88.9 89.4 89.9 90.5 91.1 91.5 0.00 
63.7 64.2 65.9 66.7 68.0 68.6 70.0 72.1 73.9 76.1 77.6 79.2 80.6 83.2 84.3 85.6 86.1 87.2 88.1 88.8 89.3 89.6 90.2 90.8 0.00 0.00 0.00 
63.9 64.6 65.5 66.2 68.5 69.1 70.7 72.9 74.7 76.6 77.9 79.7 81.6 82.4 84.6 85.8 86.7 87.4 88.2 88.7 89.2 89.7 90.4 91.0 91.4 0.00 0.00 
63.8 64.6 65.9 67.4 69.1 69.6 70.8 73.3 75.3 76.8 78.5 79.9 81.6 83.2 84.6 85.9 87.0 87.6 88.0 88.6 89.1 89.7 90.3 0.00 0.00 0.00 0.00 
64.0 65.2 66.5 68.0 69.2 69.8 70.9 73.6 75.4 76.7 78.6 80.0 81.2 83.1 84.6 85.7 86.5 87.6 87.9 88.4 89.0 89.5 0.00 0.00 0.00 0.00 0.00 
64.2 65.2 66.2 68.0 68.9 69.9 71.2 73.5 75.2 76.7 78.4 79.9 81.0 82.8 84.4 85.6 86.6 87.6 88.0 88.1 88.8 89.1 0.00 0.00 0.00 0.00 0.00 
63.9 64.9 66.0 67.7 69.2 70.5 71.1 72.9 75.2 76.4 78.1 79.7 81.0 82.6 84.0 85.2 86.3 87.2 87.9 88.1 88.8 0.00 0.00 0.00 0.00 0.00 0.00 
64.6 65.1 65.9 67.7 69.4 70.3 71.1 72.7 74.4 76.4 77.7 79.3 80.7 82.2 83.7 84.9 85.8 86.3 87.2 87.5 88.4 0.00 0.00 0.00 0.00 0.00 0.00 
65.0 65.6 66.0 67.1 68.6 70.7 71.5 71.9 74.5 76.1 77.2 78.5 80.3 81.7 82.4 83.9 84.8 85.7 85.9 86.4 0.00 0.00 0.00 0.00 0.00 0.00 0.00 
65.0 65.9 66.5 66.8 68.2 69.5 70.5 71.8 74.4 75.5 76.4 78.4 79.8 80.8 81.1 83.0 84.2 85.0 85.1 0.00 0.00 0.00 0.00 0.00 0.00 0.00 0.00 
64.7 65.8 67.1 68.0 69.2 70.4 70.5 72.4 74.2 74.8 76.1 77.5 79.0 79.1 80.2 81.5 82.8 84.0 84.7 0.00 0.00 0.00 0.00 0.00 0.00 0.00 0.00 
64.5 65.9 67.2 68.3 69.1 69.5 70.8 70.9 72.2 74.2 75.4 77.2 78.3 78.1 79.1 81.0 82.3 83.2 83.9 0.00 0.00 0.00 0.00 0.00 0.00 0.00 0.00 
64.8 66.5 66.8 67.6 68.5 69.5 69.8 71.1 72.5 72.4 73.7 75.7 77.6 77.1 78.8 79.7 80.9 81.6 0.00 0.00 0.00 0.00 0.00 0.00 0.00 0.00 0.00 
64.6 66.4 67.3 68.3 69.2 69.8 70.0 71.3 73.1 73.2 73.3 75.1 77.1 77.7 0.00 0.00 0.00 0.00 0.00 0.00 0.00 0.00 0.00 0.00 0.00 0.00 0.00 
64.6 66.2 67.3 68.5 68.7 68.6 69.6 71.6 72.8 73.6 74.6 74.5 76.2 76.4 76.1 0.00 0.00 0.00 0.00 0.00 0.00 0.00 0.00 0.00 0.00 0.00 0.00 
