2016_CCC_ARR_IFD/catchment_depth_7200min_86466aep.txt.asc
ncols         27
nrows         23
xllcorner     150.975
yllcorner     -33.6
cellsize      0.025
NODATA_value  -9999
86.1 84.8 89.8 92.2 88.8 84.7 82.4 85.7 88.7 95.1 103 105 103 110 110 113 105 95.2 96.6 98.1 98.7 101 103 103 103 104 104 
90.2 89.8 90.7 93.5 92.7 90.8 87.5 88.8 93.2 101 108 114 111 110 115 104 99.2 96.6 96.8 98.0 99.7 101 102 103 104 104 105 
87.2 91.3 95.5 95.1 93.0 92.8 91.8 91.8 99.5 103 108 111 108 104 112 116 107 102 99.7 99.0 100 101 102 103 105 105 106 
92.6 92.5 97.0 89.9 90.7 91.2 97.5 95.4 96.3 102 107 106 108 107 112 105 105 101 101 101 102 103 104 105 105 107 109 
92.8 92.1 96.6 89.8 92.9 94.7 97.3 98.7 104 111 107 101 110 104 109 104 107 103 103 104 104 104 104 106 106 108 109 
90.4 96.9 95.0 89.6 96.9 94.8 93.7 96.8 106 113 106 106 106 106 109 102 106 107 108 105 105 106 106 107 108 110 109 
87.1 92.3 90.5 91.7 98.6 94.5 97.8 101 108 116 110 107 102 113 109 103 106 109 108 107 107 107 108 108 109 112 113 
86.3 95.5 98.5 101 103 95.0 101 108 113 118 110 104 107 109 112 110 107 107 108 108 108 109 109 108 109 110 0.00 
89.2 98.1 98.9 104 101 100 99.4 112 112 119 121 114 110 109 112 110 109 109 109 109 110 109 109 109 110 110 0.00 
91.7 92.2 99.5 101 104 101 99.4 106 108 120 121 119 122 114 112 114 110 110 110 111 111 110 110 111 0.00 0.00 0.00 
91.0 92.7 95.2 93.3 105 101 104 112 115 124 127 118 116 123 119 119 113 112 112 112 112 112 112 113 113 0.00 0.00 
87.9 90.6 95.9 101 107 103 102 113 121 120 128 127 119 120 120 120 119 116 114 113 113 113 114 0.00 0.00 0.00 0.00 
89.1 94.3 98.5 104 106 103 101 115 120 117 126 126 129 119 120 119 118 119 116 115 115 115 0.00 0.00 0.00 0.00 0.00 
89.5 93.0 95.2 102 102 102 104 113 118 118 124 122 130 125 123 122 122 123 120 117 117 116 0.00 0.00 0.00 0.00 0.00 
86.9 90.1 92.7 99.4 104 107 104 109 118 116 119 125 129 125 123 124 125 125 125 121 122 0.00 0.00 0.00 0.00 0.00 0.00 
91.1 91.0 92.2 98.7 106 106 104 108 112 118 119 122 128 125 125 126 127 124 124 122 128 0.00 0.00 0.00 0.00 0.00 0.00 
92.7 93.2 92.6 95.7 100 109 109 105 116 119 119 119 126 125 126 126 125 124 122 120 0.00 0.00 0.00 0.00 0.00 0.00 0.00 
92.6 94.8 95.4 95.3 99.4 103 104 107 117 118 117 124 126 124 123 126 126 125 122 0.00 0.00 0.00 0.00 0.00 0.00 0.00 0.00 
91.9 95.1 100 103 106 109 106 112 118 116 119 121 124 120 121 122 124 125 124 0.00 0.00 0.00 0.00 0.00 0.00 0.00 0.00 
92.3 97.2 102 106 107 106 110 107 110 116 118 123 124 119 119 124 126 126 126 0.00 0.00 0.00 0.00 0.00 0.00 0.00 0.00 
95.1 102 102 104 106 109 107 110 114 110 112 118 124 117 121 121 123 122 0.00 0.00 0.00 0.00 0.00 0.00 0.00 0.00 0.00 
95.9 103 107 110 112 113 111 114 120 116 113 118 125 123 0.00 0.00 0.00 0.00 0.00 0.00 0.00 0.00 0.00 0.00 0.00 0.00 0.00 
98.1 105 109 113 112 109 112 119 122 122 123 118 123 119 114 0.00 0.00 0.00 0.00 0.00 0.00 0.00 0.00 0.00 0.00 0.00 0.00 
