2016_CCC_ARR_IFD/catchment_depth_8640min_95021aep.txt.asc
ncols         27
nrows         23
xllcorner     150.975
yllcorner     -33.6
cellsize      0.025
NODATA_value  -9999
72.3 71.2 75.3 77.3 74.5 71.1 69.2 71.8 74.2 79.5 86.1 87.3 86.1 92.1 92.1 94.1 87.2 79.5 80.8 82.1 82.7 84.7 86.6 86.8 87.1 87.7 88.3 
75.7 75.3 76.0 78.3 77.7 76.1 73.3 74.3 77.9 83.9 90.3 95.5 92.7 91.7 96.1 86.5 82.6 80.6 81.0 82.1 83.6 84.9 86.0 86.8 87.6 88.2 88.9 
73.1 76.5 79.9 79.6 77.8 77.7 76.8 76.7 83.0 86.2 90.2 92.7 90.4 86.3 93.7 97.1 89.4 84.6 83.3 83.0 84.2 85.2 86.1 87.1 88.4 89.1 89.7 
77.5 77.5 81.2 75.3 75.9 76.3 81.4 79.7 80.3 84.8 88.8 88.1 89.5 89.2 93.3 87.6 87.3 83.9 84.3 84.4 85.8 86.5 87.3 88.3 89.1 90.2 92.4 
77.6 77.1 80.8 75.2 77.6 79.1 81.2 82.3 86.9 92.7 89.1 84.3 91.3 86.1 90.9 86.3 89.0 85.7 86.0 87.2 87.4 87.7 88.1 89.2 90.0 91.6 92.4 
75.6 81.0 79.4 74.9 80.9 79.1 78.3 80.7 88.4 94.2 88.5 88.2 87.8 87.8 90.3 85.5 88.4 89.4 89.9 87.9 88.4 89.0 89.5 90.1 91.5 93.2 92.6 
72.8 77.2 75.7 76.6 82.3 78.9 81.6 84.2 89.8 96.3 91.1 89.1 85.2 94.0 90.8 86.5 88.8 91.0 90.8 89.8 89.8 90.4 90.9 91.3 92.7 94.5 96.2 
72.2 79.8 82.2 84.0 85.8 79.3 84.1 89.7 93.7 98.1 91.7 87.1 88.9 90.5 93.6 92.0 90.0 89.9 91.0 90.7 90.7 91.7 92.1 91.7 92.6 93.5 0.00 
74.5 81.8 82.4 86.3 84.3 83.4 82.9 93.3 92.9 98.8 100 94.4 91.8 91.3 93.7 92.3 91.4 91.5 91.6 92.1 92.5 92.2 92.4 92.7 93.3 93.6 0.00 
76.5 77.0 82.9 83.8 86.3 83.8 83.0 88.2 90.1 99.6 100 99.0 101 95.3 93.5 95.1 92.3 92.7 93.0 94.0 93.9 93.4 93.5 94.0 0.00 0.00 0.00 
75.9 77.3 79.4 77.9 87.1 84.3 86.6 92.7 95.8 103 105 98.0 97.0 103 99.1 99.2 95.5 94.6 94.4 94.5 94.5 94.5 95.3 95.9 96.1 0.00 0.00 
73.3 75.6 79.9 83.9 89.2 85.7 84.8 94.1 100 99.8 106 105 99.5 100 100 100 99.8 97.5 96.0 95.9 95.9 95.9 96.5 0.00 0.00 0.00 0.00 
74.2 78.5 82.0 86.5 88.2 85.9 84.6 95.6 100 97.2 105 105 107 99.8 101 100 99.2 99.9 97.9 97.4 97.4 97.3 0.00 0.00 0.00 0.00 0.00 
74.6 77.5 79.3 85.2 85.2 85.5 86.9 94.4 97.9 98.0 103 102 108 104 103 102 103 104 101 99.1 99.4 98.4 0.00 0.00 0.00 0.00 0.00 
72.5 75.1 77.3 82.8 86.6 89.0 86.8 90.9 98.5 96.8 99.6 104 107 104 104 104 105 106 105 102 103 0.00 0.00 0.00 0.00 0.00 0.00 
75.8 75.8 76.9 82.2 88.0 88.3 87.3 90.7 93.9 99.0 99.4 102 107 105 105 106 107 104 105 103 108 0.00 0.00 0.00 0.00 0.00 0.00 
77.1 77.6 77.3 79.9 83.8 90.8 90.8 88.5 96.7 99.9 99.7 100 105 105 106 106 105 105 103 102 0.00 0.00 0.00 0.00 0.00 0.00 0.00 
77.0 78.8 79.5 79.7 83.1 86.0 87.4 89.8 98.0 98.8 98.5 104 106 105 103 106 106 106 103 0.00 0.00 0.00 0.00 0.00 0.00 0.00 0.00 
76.5 79.1 83.3 85.4 88.4 91.4 88.9 94.2 99.1 97.7 99.8 102 105 101 102 103 104 105 105 0.00 0.00 0.00 0.00 0.00 0.00 0.00 0.00 
76.9 80.8 84.8 88.1 89.0 88.8 92.0 90.1 92.5 97.8 99.2 103 105 100 100 104 106 107 106 0.00 0.00 0.00 0.00 0.00 0.00 0.00 0.00 
79.1 85.0 84.6 86.5 88.4 90.9 90.1 92.9 95.8 93.0 94.8 99.9 104 98.6 102 102 104 103 0.00 0.00 0.00 0.00 0.00 0.00 0.00 0.00 0.00 
79.8 86.0 88.9 91.6 93.6 94.1 92.9 95.8 101 98.1 95.9 99.6 105 104 0.00 0.00 0.00 0.00 0.00 0.00 0.00 0.00 0.00 0.00 0.00 0.00 0.00 
81.5 87.0 90.8 94.3 93.5 91.4 93.8 99.3 102 102 103 99.8 104 101 96.3 0.00 0.00 0.00 0.00 0.00 0.00 0.00 0.00 0.00 0.00 0.00 0.00 
