2016_CCC_ARR_IFD/catchment_depth_720min_10000aep.txt.asc
ncols         27
nrows         23
xllcorner     150.975
yllcorner     -33.6
cellsize      0.025
NODATA_value  -9999
93.0 93.0 96.8 99.3 98.2 96.7 96.6 99.9 103 109 115 117 118 123 124 127 125 121 123 125 127 129 132 132 133 134 135 
95.7 96.4 97.8 101 101 101 100 103 107 113 118 123 123 124 128 123 122 122 124 126 128 130 131 133 134 135 135 
94.6 97.8 101 102 102 103 104 105 111 115 119 123 123 121 128 131 127 125 126 127 129 130 132 133 134 135 136 
98.0 99.0 103 99.8 102 103 108 108 110 115 120 121 123 124 128 126 126 126 127 128 130 132 133 134 135 136 139 
98.7 99.4 103 100 104 106 109 111 116 122 121 119 125 123 128 126 129 128 129 131 132 133 134 135 136 138 139 
98.0 103 103 101 107 107 108 111 118 124 122 123 124 125 129 126 129 131 133 132 133 134 135 136 137 139 139 
96.8 101 101 103 109 108 111 115 121 127 125 125 123 131 130 128 131 134 135 135 135 136 137 137 139 140 142 
97.0 103 106 109 112 109 114 120 125 129 126 124 127 129 133 133 133 134 136 136 136 137 138 138 139 139 0.00 
99.1 106 107 112 112 113 114 124 125 131 134 131 130 131 134 134 135 137 137 138 138 138 138 138 139 139 0.00 
101 103 108 111 114 114 114 120 123 133 136 136 139 134 134 137 136 138 140 140 140 139 139 139 0.00 0.00 0.00 
101 104 106 107 115 115 118 125 129 137 140 135 135 141 139 140 139 140 141 141 140 140 140 141 141 0.00 0.00 
100 103 107 112 118 116 117 127 134 135 143 143 137 139 140 141 142 141 141 141 141 141 141 0.00 0.00 0.00 0.00 
101 106 110 115 118 117 117 129 134 133 141 142 145 138 140 140 140 142 141 141 141 141 0.00 0.00 0.00 0.00 0.00 
102 105 108 114 116 117 120 128 132 133 139 139 146 142 142 141 143 145 143 141 142 142 0.00 0.00 0.00 0.00 0.00 
101 104 107 113 117 121 120 125 133 132 135 141 145 141 140 141 143 145 146 143 145 0.00 0.00 0.00 0.00 0.00 0.00 
104 105 107 113 119 121 121 125 128 134 135 138 144 142 139 142 145 142 144 143 149 0.00 0.00 0.00 0.00 0.00 0.00 
105 107 108 112 116 123 124 122 131 135 135 135 142 140 138 140 141 142 141 141 0.00 0.00 0.00 0.00 0.00 0.00 0.00 
106 108 111 112 116 119 121 124 133 134 133 140 142 139 136 140 142 142 140 0.00 0.00 0.00 0.00 0.00 0.00 0.00 0.00 
107 110 114 117 121 125 123 129 134 133 135 137 140 134 135 137 139 141 142 0.00 0.00 0.00 0.00 0.00 0.00 0.00 0.00 
108 112 117 120 122 123 127 125 127 133 134 139 140 133 133 139 141 143 143 0.00 0.00 0.00 0.00 0.00 0.00 0.00 0.00 
111 117 117 120 122 125 125 128 131 127 129 135 140 132 136 136 138 138 0.00 0.00 0.00 0.00 0.00 0.00 0.00 0.00 0.00 
113 119 122 125 128 129 128 131 136 134 130 134 141 139 0.00 0.00 0.00 0.00 0.00 0.00 0.00 0.00 0.00 0.00 0.00 0.00 0.00 
115 121 125 128 128 126 128 134 137 137 138 134 138 135 129 0.00 0.00 0.00 0.00 0.00 0.00 0.00 0.00 0.00 0.00 0.00 0.00 
