2016_CCC_ARR_IFD/catchment_depth_270min_39347aep.txt.asc
ncols         27
nrows         23
xllcorner     150.975
yllcorner     -33.6
cellsize      0.025
NODATA_value  -9999
43.2 43.1 44.1 44.8 44.4 44.1 44.2 45.1 46.0 47.7 49.5 50.3 50.5 52.1 52.6 53.4 52.9 52.9 53.7 54.4 55.0 55.7 56.4 56.9 57.4 57.8 58.3 
43.8 44.0 44.4 45.1 45.3 45.4 45.3 45.9 47.1 48.9 50.6 52.0 52.0 52.4 53.6 52.6 52.8 53.5 54.3 55.0 55.7 56.3 56.9 57.4 57.9 58.4 58.8 
43.5 44.3 45.3 45.6 45.6 46.0 46.3 46.8 48.5 49.6 50.9 51.9 52.0 51.9 53.6 54.7 54.1 54.0 55.0 55.7 56.4 57.0 57.5 58.0 58.5 59.0 59.4 
44.4 44.7 45.7 45.0 45.5 46.1 47.5 47.7 48.4 49.7 51.0 51.5 52.3 52.8 54.0 53.7 54.2 55.0 55.8 56.5 57.2 57.7 58.2 58.7 59.1 59.6 60.1 
44.5 44.8 45.8 45.2 46.1 46.9 47.8 48.6 50.0 51.6 51.5 51.3 53.0 52.8 54.1 54.2 55.0 55.9 56.7 57.4 58.0 58.5 58.9 59.3 59.7 60.2 60.6 
44.4 45.7 45.8 45.5 47.0 47.3 47.8 48.8 50.7 52.3 51.9 52.5 53.0 53.7 54.6 55.3 55.9 56.7 57.5 58.4 58.9 59.3 59.6 59.9 60.4 60.8 61.0 
44.3 45.3 45.5 46.1 47.6 47.7 48.7 49.8 51.4 53.1 52.9 53.1 53.5 55.1 55.3 56.3 57.1 57.8 58.6 59.3 59.8 60.1 60.4 60.6 61.0 61.4 61.8 
44.6 46.0 46.9 47.7 48.6 48.2 49.6 51.2 52.6 53.9 53.5 53.5 54.4 55.3 56.2 57.1 58.2 59.1 59.8 60.3 60.6 60.8 61.0 61.1 61.3 61.6 0.00 
45.0 46.6 47.2 48.5 48.7 49.2 49.8 52.3 52.9 54.7 55.5 55.1 55.3 56.1 57.1 58.1 59.3 60.3 61.0 61.3 61.4 61.4 61.5 61.6 61.8 62.0 0.00 
45.5 46.1 47.6 48.4 49.4 49.7 50.3 51.8 52.9 55.4 56.2 56.5 57.4 57.0 57.9 58.9 60.1 61.3 62.1 62.2 62.1 62.0 62.0 62.0 0.00 0.00 0.00 
45.7 46.5 47.4 47.9 49.9 50.2 51.3 53.1 54.4 56.4 57.5 56.6 57.0 58.6 58.7 59.5 60.7 61.9 62.6 62.6 62.5 62.4 62.5 62.5 62.7 0.00 0.00 
45.7 46.6 47.7 49.0 50.6 50.8 51.3 53.7 55.7 56.3 58.3 58.7 57.8 58.5 59.3 60.1 60.9 61.9 62.4 62.6 62.7 62.7 62.8 0.00 0.00 0.00 0.00 
46.1 47.1 48.3 49.8 50.8 51.1 51.7 54.4 56.0 56.0 58.3 58.8 59.8 58.8 59.6 60.3 61.1 61.9 62.3 62.6 62.8 62.9 0.00 0.00 0.00 0.00 0.00 
46.3 47.2 48.2 49.8 50.6 51.4 52.4 54.4 55.8 56.5 58.1 58.4 60.1 59.8 60.1 60.5 61.4 62.1 62.4 62.6 62.9 63.0 0.00 0.00 0.00 0.00 0.00 
46.5 47.3 48.3 49.7 51.1 52.3 52.7 54.1 56.2 56.5 57.6 59.1 60.2 59.9 59.8 60.6 61.5 62.2 62.8 62.8 63.3 0.00 0.00 0.00 0.00 0.00 0.00 
46.8 47.6 48.6 49.9 51.6 52.5 53.2 54.4 55.7 57.2 57.8 58.8 60.4 60.2 59.8 60.7 61.9 61.8 62.5 62.7 64.0 0.00 0.00 0.00 0.00 0.00 0.00 
47.1 47.8 48.9 50.0 51.3 53.2 54.0 54.4 56.5 57.7 58.2 58.5 60.2 60.1 59.6 60.5 61.1 61.8 62.0 62.4 0.00 0.00 0.00 0.00 0.00 0.00 0.00 
47.3 48.1 49.3 50.4 51.6 52.9 53.9 55.1 57.1 57.9 58.2 59.8 60.5 60.1 59.6 60.7 61.6 62.0 62.0 0.00 0.00 0.00 0.00 0.00 0.00 0.00 0.00 
48.0 48.8 50.1 51.3 52.6 53.9 54.6 56.2 57.6 58.2 59.0 59.7 60.6 59.5 59.8 60.5 61.3 62.1 62.6 0.00 0.00 0.00 0.00 0.00 0.00 0.00 0.00 
48.5 49.5 50.8 52.1 53.1 54.0 55.4 55.9 57.1 58.7 59.4 60.4 61.0 59.7 59.9 61.4 62.2 62.8 63.1 0.00 0.00 0.00 0.00 0.00 0.00 0.00 0.00 
49.2 50.6 51.2 52.3 53.4 54.6 55.4 56.8 58.2 57.8 58.5 60.1 61.2 59.8 60.9 61.1 61.9 62.1 0.00 0.00 0.00 0.00 0.00 0.00 0.00 0.00 0.00 
49.7 51.2 52.2 53.3 54.4 55.3 56.1 57.4 58.8 59.4 59.2 60.3 61.7 61.8 0.00 0.00 0.00 0.00 0.00 0.00 0.00 0.00 0.00 0.00 0.00 0.00 0.00 
50.4 51.7 52.9 54.1 54.6 55.1 56.3 57.9 59.1 59.9 60.7 60.6 61.7 61.3 60.2 0.00 0.00 0.00 0.00 0.00 0.00 0.00 0.00 0.00 0.00 0.00 0.00 
