2016_CCC_ARR_IFD/catchment_depth_1800min_02000aep.txt.asc
ncols         27
nrows         23
xllcorner     150.975
yllcorner     -33.6
cellsize      0.025
NODATA_value  -9999
198 198 208 214 210 204 202 211 219 233 250 256 257 271 274 280 273 262 268 273 276 283 289 289 289 290 291 
206 207 210 217 218 216 212 217 228 244 260 273 270 272 282 269 265 264 267 271 277 281 284 286 288 289 290 
203 211 220 221 219 221 222 224 240 250 261 269 268 263 280 289 278 272 271 272 276 280 282 285 288 289 290 
213 214 224 214 217 220 233 232 236 248 260 262 268 270 281 273 275 270 273 274 279 281 283 286 287 290 295 
215 215 225 216 223 228 235 239 251 266 262 256 273 265 278 271 279 273 276 280 281 282 283 286 288 291 293 
213 225 224 217 231 230 230 238 257 271 263 265 267 270 278 269 277 281 284 280 281 283 285 286 289 293 291 
209 219 218 222 236 231 239 248 262 277 270 269 262 284 279 270 278 284 285 283 283 285 286 287 290 295 299 
209 227 234 240 246 234 247 262 273 284 274 264 271 277 286 284 280 281 284 284 284 286 287 285 287 289 0.00 
216 233 236 247 245 245 246 272 274 289 295 284 278 278 286 283 282 284 285 286 287 285 285 285 287 287 0.00 
222 224 239 243 251 247 247 262 268 294 298 296 303 288 284 289 283 285 287 289 288 286 286 287 0.00 0.00 0.00 
222 227 233 232 255 250 258 275 284 303 311 294 291 308 298 299 289 288 288 288 288 287 288 289 290 0.00 0.00 
218 225 236 247 262 255 254 279 298 298 316 316 298 299 300 300 299 293 290 289 289 289 290 0.00 0.00 0.00 0.00 
222 233 243 255 261 257 254 285 298 290 313 313 320 296 298 297 294 297 292 291 291 290 0.00 0.00 0.00 0.00 0.00 
225 233 239 254 256 257 261 282 292 293 307 303 321 309 304 300 302 306 298 293 294 291 0.00 0.00 0.00 0.00 0.00 
222 229 235 250 260 267 261 273 294 288 296 309 319 306 300 301 305 308 307 299 302 0.00 0.00 0.00 0.00 0.00 0.00 
231 233 236 250 265 267 264 273 281 295 294 301 316 307 301 304 310 301 303 298 314 0.00 0.00 0.00 0.00 0.00 0.00 
236 239 239 246 256 275 274 266 289 297 294 293 309 304 299 301 301 301 296 294 0.00 0.00 0.00 0.00 0.00 0.00 0.00 
238 244 246 246 255 262 265 270 293 293 289 305 308 300 293 300 303 301 295 0.00 0.00 0.00 0.00 0.00 0.00 0.00 0.00 
240 247 258 263 271 278 270 284 296 290 293 298 304 289 290 293 297 299 299 0.00 0.00 0.00 0.00 0.00 0.00 0.00 0.00 
243 253 263 272 274 272 279 271 276 290 291 301 303 286 286 297 302 303 303 0.00 0.00 0.00 0.00 0.00 0.00 0.00 0.00 
251 266 265 269 273 278 273 280 286 275 277 290 302 282 291 290 294 292 0.00 0.00 0.00 0.00 0.00 0.00 0.00 0.00 0.00 
254 270 278 284 288 287 282 288 300 290 280 289 304 299 0.00 0.00 0.00 0.00 0.00 0.00 0.00 0.00 0.00 0.00 0.00 0.00 0.00 
261 275 284 292 288 279 284 297 302 301 302 289 298 288 274 0.00 0.00 0.00 0.00 0.00 0.00 0.00 0.00 0.00 0.00 0.00 0.00 
