2016_CCC_ARR_IFD/catchment_depth_60min_00050aep.txt.asc
ncols         27
nrows         23
xllcorner     150.975
yllcorner     -33.6
cellsize      0.025
NODATA_value  -9999
103 103 105 107 107 107 109 111 114 117 120 122 125 126 129 130 135 140 143 145 148 150 151 153 154 156 157 
104 104 105 107 108 109 111 113 116 119 121 123 126 128 129 135 138 142 145 148 150 151 153 154 156 157 159 
103 105 107 108 109 110 112 114 118 121 123 125 128 131 132 133 139 143 147 150 151 153 154 156 157 158 160 
104 105 107 106 108 110 114 116 119 122 125 127 130 133 135 139 142 146 148 151 152 154 155 157 158 159 161 
104 104 107 106 109 111 114 117 121 123 126 130 132 137 138 142 144 148 150 152 153 155 156 158 159 160 161 
103 106 106 106 110 112 114 118 122 125 128 132 135 139 141 145 147 150 151 153 154 156 157 159 160 161 162 
103 104 105 107 111 112 116 119 123 126 130 134 138 139 144 146 149 151 153 155 155 157 158 159 161 162 163 
103 105 107 110 112 113 117 121 125 127 132 136 140 144 146 149 151 153 155 156 157 158 159 160 161 162 0.00 
103 106 108 111 112 114 117 123 126 129 132 137 141 145 148 150 152 154 156 157 158 159 160 160 161 162 0.00 
103 105 108 110 113 115 118 122 126 130 134 137 140 145 148 151 153 156 157 158 159 159 160 161 0.00 0.00 0.00 
103 105 107 109 114 115 119 124 127 131 134 138 142 144 148 151 154 156 158 158 159 159 160 161 162 0.00 0.00 
103 105 107 111 114 116 119 124 128 132 135 138 142 145 148 151 154 156 157 158 158 159 160 0.00 0.00 0.00 0.00 
103 105 108 111 114 116 118 124 128 131 135 138 141 144 148 150 152 155 156 157 158 158 0.00 0.00 0.00 0.00 0.00 
103 105 107 111 113 115 118 123 127 130 134 137 140 144 147 150 152 154 155 155 157 157 0.00 0.00 0.00 0.00 0.00 
102 104 106 110 113 116 118 122 127 129 133 137 139 143 146 148 151 153 154 155 156 0.00 0.00 0.00 0.00 0.00 0.00 
102 104 106 109 113 115 117 121 124 129 132 135 138 141 144 147 149 150 152 153 155 0.00 0.00 0.00 0.00 0.00 0.00 
102 104 106 108 111 116 118 119 124 128 130 133 137 140 141 144 146 149 149 150 0.00 0.00 0.00 0.00 0.00 0.00 0.00 
102 104 106 108 111 113 116 118 124 126 128 132 135 137 138 142 145 147 147 0.00 0.00 0.00 0.00 0.00 0.00 0.00 0.00 
102 104 107 109 112 115 115 119 123 124 127 130 133 133 136 138 142 144 146 0.00 0.00 0.00 0.00 0.00 0.00 0.00 0.00 
102 105 107 110 112 113 116 116 119 123 125 129 131 131 133 137 140 142 144 0.00 0.00 0.00 0.00 0.00 0.00 0.00 0.00 
103 106 107 109 111 113 114 116 119 119 121 125 130 128 132 134 137 138 0.00 0.00 0.00 0.00 0.00 0.00 0.00 0.00 0.00 
103 106 109 111 113 114 114 117 121 120 120 124 128 130 0.00 0.00 0.00 0.00 0.00 0.00 0.00 0.00 0.00 0.00 0.00 0.00 0.00 
103 107 109 111 112 112 114 118 120 121 123 123 126 126 125 0.00 0.00 0.00 0.00 0.00 0.00 0.00 0.00 0.00 0.00 0.00 0.00 
