2016_CCC_ARR_IFD/catchment_depth_4min_00050aep.txt.asc
ncols         27
nrows         23
xllcorner     150.975
yllcorner     -33.6
cellsize      0.025
NODATA_value  -9999
25.0 25.0 25.4 25.7 25.8 25.9 26.3 26.8 27.4 28.2 28.8 29.2 29.8 30.1 30.6 31.0 32.1 33.2 33.9 34.4 34.9 35.3 35.7 36.0 36.3 36.6 37.0 
25.1 25.2 25.4 25.8 26.1 26.3 26.6 27.1 27.8 28.5 29.0 29.3 30.0 30.5 30.8 32.0 32.7 33.7 34.4 34.9 35.3 35.7 36.1 36.4 36.7 37.0 37.3 
24.9 25.2 25.6 25.9 26.1 26.5 26.9 27.4 28.2 28.8 29.3 29.8 30.4 31.3 31.4 31.7 33.0 33.8 34.7 35.4 35.7 36.0 36.3 36.6 36.9 37.3 37.5 
25.0 25.2 25.7 25.5 25.9 26.4 27.2 27.7 28.3 29.1 29.7 30.3 30.9 31.6 31.9 33.0 33.7 34.5 35.1 35.6 36.0 36.3 36.6 36.9 37.2 37.5 37.7 
25.0 25.1 25.6 25.4 26.0 26.6 27.3 28.0 28.7 29.4 30.0 30.9 31.3 32.4 32.7 33.7 34.2 34.9 35.4 35.8 36.2 36.5 36.8 37.1 37.4 37.7 37.9 
24.8 25.4 25.5 25.2 26.3 26.6 27.3 28.1 29.0 29.7 30.5 31.3 32.1 32.9 33.4 34.3 34.8 35.3 35.7 36.1 36.4 36.7 37.0 37.3 37.6 37.9 38.0 
24.7 25.0 25.1 25.5 26.4 26.7 27.5 28.4 29.3 29.9 30.8 31.7 32.6 32.9 34.0 34.6 35.2 35.7 36.1 36.4 36.6 36.9 37.2 37.5 37.8 38.0 38.2 
24.7 25.2 25.7 26.2 26.8 26.9 27.8 28.7 29.6 30.2 31.1 32.1 33.0 33.9 34.4 35.1 35.6 36.0 36.4 36.7 36.9 37.2 37.4 37.6 37.8 38.0 0.00 
24.8 25.4 25.8 26.5 26.7 27.2 27.9 29.0 29.7 30.5 31.2 32.2 33.3 34.1 34.8 35.3 35.8 36.3 36.7 37.0 37.2 37.3 37.5 37.7 37.9 38.1 0.00 
24.9 25.2 25.9 26.3 27.0 27.4 28.0 29.0 29.8 30.8 31.6 32.3 32.9 34.2 34.8 35.5 35.9 36.6 37.0 37.2 37.4 37.4 37.6 37.8 0.00 0.00 0.00 
24.9 25.3 25.7 26.1 27.1 27.5 28.3 29.3 30.1 30.9 31.6 32.5 33.4 33.8 34.8 35.4 36.1 36.6 37.0 37.2 37.3 37.4 37.7 37.9 38.0 0.00 0.00 
24.8 25.2 25.8 26.5 27.3 27.6 28.2 29.4 30.3 31.0 31.8 32.5 33.3 34.1 34.8 35.4 36.0 36.5 36.8 37.0 37.2 37.3 37.5 0.00 0.00 0.00 0.00 
24.8 25.4 26.0 26.7 27.3 27.6 28.1 29.4 30.3 30.9 31.8 32.5 33.0 33.9 34.7 35.2 35.7 36.3 36.5 36.7 37.0 37.1 0.00 0.00 0.00 0.00 0.00 
24.8 25.3 25.8 26.6 27.1 27.6 28.2 29.3 30.1 30.8 31.7 32.3 32.9 33.7 34.4 35.0 35.6 36.1 36.3 36.4 36.8 36.9 0.00 0.00 0.00 0.00 0.00 
24.7 25.1 25.6 26.4 27.1 27.7 28.1 28.9 30.0 30.6 31.4 32.2 32.8 33.5 34.1 34.7 35.3 35.7 36.1 36.3 36.6 0.00 0.00 0.00 0.00 0.00 0.00 
24.8 25.2 25.6 26.3 27.2 27.6 28.0 28.8 29.5 30.5 31.1 31.8 32.6 33.2 33.8 34.4 34.9 35.2 35.7 35.9 36.2 0.00 0.00 0.00 0.00 0.00 0.00 
24.9 25.2 25.6 26.1 26.8 27.7 28.2 28.3 29.6 30.3 30.8 31.3 32.3 32.8 33.0 33.8 34.3 34.8 35.0 35.3 0.00 0.00 0.00 0.00 0.00 0.00 0.00 
24.9 25.3 25.7 26.0 26.6 27.2 27.7 28.2 29.5 30.0 30.3 31.3 31.9 32.3 32.4 33.3 33.9 34.4 34.5 0.00 0.00 0.00 0.00 0.00 0.00 0.00 0.00 
24.9 25.4 26.0 26.4 27.0 27.6 27.6 28.5 29.4 29.5 30.1 30.8 31.5 31.4 31.9 32.5 33.2 33.8 34.2 0.00 0.00 0.00 0.00 0.00 0.00 0.00 0.00 
24.9 25.5 26.1 26.6 27.0 27.2 27.8 27.8 28.3 29.2 29.7 30.6 31.1 30.9 31.3 32.3 32.9 33.4 33.8 0.00 0.00 0.00 0.00 0.00 0.00 0.00 0.00 
25.1 25.8 26.0 26.4 26.8 27.3 27.3 27.9 28.5 28.3 28.8 29.8 30.7 30.3 31.2 31.6 32.2 32.5 0.00 0.00 0.00 0.00 0.00 0.00 0.00 0.00 0.00 
25.1 25.9 26.3 26.8 27.2 27.5 27.5 28.0 28.9 28.7 28.6 29.5 30.5 30.7 0.00 0.00 0.00 0.00 0.00 0.00 0.00 0.00 0.00 0.00 0.00 0.00 0.00 
25.2 25.9 26.5 27.0 27.1 26.9 27.4 28.3 28.8 29.1 29.4 29.2 30.0 30.0 29.8 0.00 0.00 0.00 0.00 0.00 0.00 0.00 0.00 0.00 0.00 0.00 0.00 
