2016_CCC_ARR_IFD/catchment_depth_1080min_39347aep.txt.asc
ncols         27
nrows         23
xllcorner     150.975
yllcorner     -33.6
cellsize      0.025
NODATA_value  -9999
74.3 74.0 77.2 79.0 77.6 75.8 75.2 77.6 80.0 84.3 89.4 91.0 91.0 95.5 96.2 98.2 95.1 91.4 92.8 94.1 94.8 96.4 98.0 98.1 98.3 98.8 99.2 
76.8 77.0 78.0 80.1 80.2 79.7 78.5 79.9 83.1 87.8 92.8 97.0 95.8 96.0 99.4 94.5 93.2 92.6 93.3 94.4 95.8 97.0 97.9 98.5 99.1 99.6 100 
75.5 78.2 81.0 81.4 80.8 81.3 81.5 82.2 87.1 89.9 93.4 95.8 95.1 93.4 98.7 101 97.8 95.6 95.5 95.6 96.7 97.7 98.5 99.3 100 101 101 
78.7 79.2 82.3 79.0 80.1 81.0 85.1 84.8 86.0 89.7 93.2 93.6 95.3 96.0 99.3 96.6 97.1 95.8 96.7 97.2 98.5 99.1 99.9 101 101 102 104 
79.2 79.4 82.5 79.5 81.8 83.5 85.7 87.2 91.0 95.6 94.1 91.9 97.2 94.7 98.6 96.4 98.8 97.6 98.5 99.7 100 101 101 102 102 104 104 
78.3 82.4 82.1 79.9 84.6 84.1 84.4 86.8 92.7 97.3 94.5 95.2 95.7 96.6 98.9 96.8 99.3 101 102 101 101 102 103 103 104 105 105 
76.9 80.4 80.1 81.5 86.1 84.6 87.2 89.9 94.5 99.5 97.0 96.5 94.7 101 99.9 98.1 100 102 103 103 103 104 104 104 105 107 108 
76.8 82.5 84.9 87.0 89.0 85.4 89.6 94.3 97.9 102 98.2 95.6 97.7 99.6 102 102 102 103 104 104 104 105 105 105 106 106 0.00 
78.7 84.4 85.6 89.1 88.6 88.8 89.2 97.5 98.1 103 105 102 100 101 103 103 103 104 105 106 106 106 106 106 106 106 0.00 
80.4 81.5 86.4 87.9 90.5 89.6 89.8 94.5 96.7 105 106 106 108 104 103 105 105 106 107 107 107 107 107 107 0.00 0.00 0.00 
80.4 82.1 84.4 84.2 91.6 90.5 93.0 98.4 102 108 110 105 105 110 108 108 107 107 108 108 108 108 108 109 109 0.00 0.00 
79.1 81.4 85.2 88.9 93.6 91.9 91.9 99.9 106 106 112 112 107 108 109 109 110 109 108 108 108 109 109 0.00 0.00 0.00 0.00 
80.1 83.8 87.1 91.2 93.3 92.5 92.2 102 106 104 111 111 114 107 109 109 109 110 109 109 109 109 0.00 0.00 0.00 0.00 0.00 
80.7 83.5 85.6 90.7 91.6 92.6 94.4 101 104 105 109 109 114 111 111 110 111 112 111 110 110 110 0.00 0.00 0.00 0.00 0.00 
79.8 82.3 84.6 89.4 93.0 95.7 94.6 98.4 105 104 107 111 114 111 109 110 112 113 114 111 113 0.00 0.00 0.00 0.00 0.00 0.00 
82.3 83.2 84.9 89.4 94.5 95.6 95.4 98.7 102 106 107 109 114 111 110 111 114 111 112 111 116 0.00 0.00 0.00 0.00 0.00 0.00 
83.5 84.7 85.6 88.2 91.9 97.9 98.6 97.1 104 107 107 107 112 111 109 111 111 111 110 110 0.00 0.00 0.00 0.00 0.00 0.00 0.00 
83.9 85.9 87.5 88.5 91.8 94.7 96.4 98.8 106 107 106 111 112 110 108 111 112 112 110 0.00 0.00 0.00 0.00 0.00 0.00 0.00 0.00 
84.5 86.9 90.7 93.1 96.1 99.1 98.1 103 107 106 108 110 112 107 107 109 110 111 112 0.00 0.00 0.00 0.00 0.00 0.00 0.00 0.00 
85.5 88.9 92.4 95.6 97.1 97.7 101 99.8 102 107 108 111 112 107 107 110 112 113 113 0.00 0.00 0.00 0.00 0.00 0.00 0.00 0.00 
87.7 92.5 92.9 94.9 97.0 99.6 99.6 103 106 103 104 108 112 106 109 109 110 110 0.00 0.00 0.00 0.00 0.00 0.00 0.00 0.00 0.00 
88.7 93.8 96.5 99.1 101 102 102 105 109 108 105 108 113 112 0.00 0.00 0.00 0.00 0.00 0.00 0.00 0.00 0.00 0.00 0.00 0.00 0.00 
90.6 95.1 98.4 101 101 100 103 107 110 110 111 108 111 109 104 0.00 0.00 0.00 0.00 0.00 0.00 0.00 0.00 0.00 0.00 0.00 0.00 
