2016_CCC_ARR_IFD/catchment_depth_4min_18127aep.txt.asc
ncols         27
nrows         23
xllcorner     150.975
yllcorner     -33.6
cellsize      0.025
NODATA_value  -9999
8.45 8.41 8.51 8.58 8.53 8.47 8.50 8.62 8.75 8.97 9.21 9.31 9.38 9.54 9.63 9.73 9.78 9.87 9.99 10.1 10.2 10.3 10.4 10.5 10.6 10.7 10.8 
8.51 8.50 8.53 8.61 8.63 8.64 8.63 8.73 8.89 9.11 9.32 9.47 9.52 9.60 9.72 9.74 9.82 9.95 10.1 10.2 10.3 10.4 10.5 10.6 10.7 10.7 10.8 
8.47 8.54 8.63 8.66 8.66 8.70 8.75 8.83 9.05 9.20 9.36 9.49 9.55 9.59 9.77 9.89 9.94 10.0 10.1 10.2 10.3 10.4 10.5 10.6 10.7 10.8 10.9 
8.55 8.57 8.67 8.57 8.63 8.71 8.89 8.94 9.04 9.22 9.39 9.48 9.60 9.70 9.84 9.90 10.0 10.1 10.2 10.3 10.4 10.5 10.6 10.7 10.8 10.8 10.9 
8.56 8.57 8.68 8.59 8.70 8.80 8.93 9.04 9.22 9.42 9.46 9.50 9.70 9.76 9.90 10.0 10.1 10.2 10.3 10.4 10.5 10.6 10.7 10.7 10.8 10.9 11.0 
8.56 8.67 8.67 8.61 8.81 8.85 8.93 9.07 9.31 9.50 9.52 9.63 9.74 9.86 9.99 10.1 10.2 10.3 10.4 10.5 10.6 10.6 10.7 10.8 10.9 10.9 11.0 
8.58 8.63 8.64 8.70 8.88 8.90 9.04 9.19 9.40 9.60 9.63 9.72 9.83 10.0 10.1 10.2 10.3 10.4 10.5 10.6 10.7 10.7 10.8 10.8 10.9 11.0 11.1 
8.63 8.72 8.81 8.91 9.01 8.99 9.15 9.36 9.53 9.70 9.72 9.79 9.94 10.1 10.2 10.3 10.5 10.6 10.7 10.7 10.8 10.8 10.8 10.9 10.9 11.0 0.00 
8.68 8.79 8.86 9.00 9.04 9.11 9.21 9.49 9.59 9.79 9.92 9.95 10.0 10.2 10.3 10.4 10.6 10.7 10.8 10.8 10.9 10.9 10.9 10.9 11.0 11.0 0.00 
8.74 8.79 8.92 9.01 9.13 9.18 9.28 9.46 9.61 9.89 10.0 10.1 10.2 10.3 10.4 10.5 10.7 10.8 10.9 10.9 10.9 10.9 11.0 11.0 0.00 0.00 0.00 
8.78 8.85 8.93 9.01 9.20 9.26 9.39 9.60 9.77 10.0 10.1 10.1 10.2 10.4 10.5 10.6 10.8 10.9 11.0 11.0 11.0 11.0 11.0 11.0 11.1 0.00 0.00 
8.83 8.90 8.99 9.12 9.29 9.33 9.43 9.68 9.91 10.0 10.2 10.3 10.3 10.4 10.6 10.7 10.8 10.9 11.0 11.0 11.0 11.0 11.1 0.00 0.00 0.00 0.00 
8.87 8.95 9.06 9.21 9.33 9.39 9.48 9.76 9.95 10.0 10.3 10.3 10.5 10.5 10.6 10.7 10.8 10.9 11.0 11.0 11.1 11.1 0.00 0.00 0.00 0.00 0.00 
8.91 8.99 9.08 9.24 9.33 9.43 9.55 9.78 9.95 10.0 10.2 10.3 10.5 10.6 10.7 10.8 10.9 11.0 11.0 11.1 11.1 11.1 0.00 0.00 0.00 0.00 0.00 
8.96 9.03 9.12 9.25 9.39 9.52 9.59 9.75 9.99 10.1 10.2 10.4 10.5 10.6 10.7 10.8 10.9 11.0 11.1 11.1 11.2 0.00 0.00 0.00 0.00 0.00 0.00 
8.98 9.06 9.16 9.28 9.45 9.55 9.63 9.78 9.93 10.1 10.2 10.4 10.6 10.6 10.7 10.8 10.9 11.0 11.1 11.1 11.2 0.00 0.00 0.00 0.00 0.00 0.00 
9.01 9.09 9.20 9.30 9.43 9.63 9.72 9.77 10.0 10.2 10.2 10.3 10.5 10.6 10.7 10.8 10.9 11.0 11.0 11.1 0.00 0.00 0.00 0.00 0.00 0.00 0.00 
9.05 9.13 9.24 9.34 9.46 9.58 9.69 9.81 10.1 10.2 10.2 10.4 10.6 10.6 10.7 10.8 10.9 11.0 11.1 0.00 0.00 0.00 0.00 0.00 0.00 0.00 0.00 
9.13 9.20 9.33 9.44 9.57 9.71 9.74 9.92 10.1 10.2 10.3 10.4 10.6 10.6 10.7 10.8 10.9 11.0 11.1 0.00 0.00 0.00 0.00 0.00 0.00 0.00 0.00 
9.19 9.28 9.40 9.53 9.62 9.69 9.83 9.85 9.97 10.2 10.3 10.5 10.6 10.6 10.7 10.8 11.0 11.1 11.1 0.00 0.00 0.00 0.00 0.00 0.00 0.00 0.00 
9.26 9.39 9.45 9.54 9.64 9.76 9.80 9.93 10.1 10.1 10.2 10.4 10.6 10.6 10.7 10.8 10.9 11.0 0.00 0.00 0.00 0.00 0.00 0.00 0.00 0.00 0.00 
9.30 9.45 9.56 9.67 9.77 9.85 9.89 10.0 10.2 10.2 10.3 10.4 10.7 10.7 0.00 0.00 0.00 0.00 0.00 0.00 0.00 0.00 0.00 0.00 0.00 0.00 0.00 
9.37 9.51 9.63 9.75 9.80 9.81 9.92 10.1 10.3 10.4 10.5 10.5 10.7 10.7 10.7 0.00 0.00 0.00 0.00 0.00 0.00 0.00 0.00 0.00 0.00 0.00 0.00 
