2016_CCC_ARR_IFD/catchment_depth_10min_98168aep.txt.asc
ncols         27
nrows         23
xllcorner     150.975
yllcorner     -33.6
cellsize      0.025
NODATA_value  -9999
5.41 5.39 5.45 5.49 5.46 5.42 5.43 5.49 5.57 5.69 5.84 5.91 5.94 6.07 6.12 6.20 6.21 6.31 6.39 6.48 6.56 6.64 6.72 6.80 6.87 6.95 7.02 
5.47 5.48 5.49 5.54 5.55 5.55 5.54 5.59 5.68 5.81 5.95 6.08 6.08 6.12 6.23 6.20 6.28 6.37 6.46 6.54 6.63 6.70 6.78 6.86 6.93 7.00 7.07 
5.48 5.52 5.58 5.60 5.60 5.62 5.64 5.68 5.81 5.90 6.00 6.09 6.11 6.13 6.26 6.35 6.36 6.43 6.53 6.61 6.69 6.77 6.84 6.92 6.99 7.06 7.12 
5.55 5.57 5.63 5.59 5.62 5.66 5.76 5.77 5.82 5.93 6.04 6.08 6.16 6.22 6.32 6.34 6.42 6.51 6.59 6.68 6.76 6.84 6.91 6.98 7.05 7.11 7.18 
5.58 5.60 5.67 5.64 5.69 5.74 5.81 5.86 5.97 6.10 6.10 6.09 6.24 6.24 6.36 6.40 6.49 6.57 6.66 6.75 6.83 6.90 6.97 7.04 7.11 7.17 7.24 
5.59 5.67 5.69 5.69 5.78 5.79 5.82 5.89 6.04 6.17 6.14 6.19 6.25 6.31 6.41 6.46 6.55 6.64 6.73 6.82 6.90 6.97 7.04 7.10 7.17 7.23 7.29 
5.59 5.67 5.69 5.74 5.84 5.83 5.90 5.98 6.12 6.26 6.23 6.25 6.26 6.45 6.46 6.52 6.62 6.71 6.80 6.89 6.97 7.04 7.10 7.16 7.22 7.29 7.35 
5.61 5.72 5.79 5.85 5.92 5.87 5.98 6.11 6.23 6.35 6.29 6.25 6.33 6.42 6.54 6.60 6.68 6.78 6.87 6.95 7.02 7.09 7.16 7.21 7.27 7.33 0.00 
5.65 5.77 5.82 5.92 5.93 5.96 5.99 6.22 6.26 6.42 6.50 6.42 6.41 6.47 6.58 6.65 6.74 6.84 6.93 7.01 7.08 7.14 7.21 7.27 7.33 7.38 0.00 
5.69 5.73 5.85 5.91 5.99 5.99 6.01 6.15 6.23 6.49 6.56 6.56 6.66 6.56 6.61 6.71 6.80 6.90 6.99 7.07 7.14 7.20 7.26 7.32 0.00 0.00 0.00 
5.70 5.75 5.82 5.83 6.03 6.02 6.10 6.27 6.39 6.59 6.69 6.55 6.56 6.76 6.72 6.79 6.85 6.95 7.04 7.11 7.18 7.24 7.31 7.38 7.43 0.00 0.00 
5.68 5.74 5.85 5.96 6.10 6.07 6.08 6.33 6.53 6.56 6.77 6.80 6.64 6.70 6.77 6.84 6.91 6.99 7.07 7.15 7.22 7.29 7.36 0.00 0.00 0.00 0.00 
5.71 5.81 5.91 6.03 6.10 6.09 6.10 6.39 6.54 6.49 6.75 6.79 6.89 6.70 6.78 6.85 6.94 7.04 7.11 7.19 7.27 7.34 0.00 0.00 0.00 0.00 0.00 
5.73 5.82 5.88 6.03 6.07 6.10 6.16 6.37 6.50 6.53 6.71 6.70 6.93 6.84 6.85 6.89 6.99 7.10 7.16 7.23 7.32 7.38 0.00 0.00 0.00 0.00 0.00 
5.72 5.79 5.87 6.01 6.12 6.20 6.18 6.30 6.53 6.50 6.61 6.78 6.93 6.84 6.83 6.92 7.04 7.15 7.24 7.29 7.38 0.00 0.00 0.00 0.00 0.00 0.00 
5.82 5.84 5.89 6.03 6.18 6.21 6.21 6.31 6.42 6.58 6.61 6.72 6.93 6.87 6.86 6.97 7.11 7.15 7.26 7.33 7.47 0.00 0.00 0.00 0.00 0.00 0.00 
5.88 5.92 5.93 6.01 6.12 6.30 6.32 6.30 6.52 6.63 6.64 6.68 6.89 6.88 6.90 7.00 7.10 7.20 7.28 7.36 0.00 0.00 0.00 0.00 0.00 0.00 0.00 
5.92 5.98 6.02 6.05 6.14 6.22 6.28 6.35 6.58 6.62 6.64 6.84 6.93 6.91 6.96 7.07 7.18 7.26 7.33 0.00 0.00 0.00 0.00 0.00 0.00 0.00 0.00 
5.95 6.02 6.13 6.20 6.28 6.37 6.34 6.48 6.64 6.62 6.72 6.82 6.95 6.93 7.02 7.12 7.22 7.32 7.41 0.00 0.00 0.00 0.00 0.00 0.00 0.00 0.00 
6.01 6.10 6.19 6.29 6.33 6.35 6.45 6.45 6.52 6.67 6.75 6.92 7.02 7.00 7.09 7.23 7.34 7.43 7.51 0.00 0.00 0.00 0.00 0.00 0.00 0.00 0.00 
6.09 6.21 6.24 6.30 6.36 6.44 6.46 6.54 6.63 6.67 6.77 6.92 7.10 7.08 7.21 7.29 7.39 7.46 0.00 0.00 0.00 0.00 0.00 0.00 0.00 0.00 0.00 
6.16 6.28 6.36 6.44 6.51 6.55 6.57 6.66 6.83 6.81 6.87 7.02 7.22 7.27 0.00 0.00 0.00 0.00 0.00 0.00 0.00 0.00 0.00 0.00 0.00 0.00 0.00 
6.24 6.35 6.44 6.53 6.56 6.57 6.66 6.81 6.92 7.01 7.11 7.14 7.29 7.34 7.35 0.00 0.00 0.00 0.00 0.00 0.00 0.00 0.00 0.00 0.00 0.00 0.00 
