2016_CCC_ARR_IFD/catchment_depth_3min_18127aep.txt.asc
ncols         27
nrows         23
xllcorner     150.975
yllcorner     -33.6
cellsize      0.025
NODATA_value  -9999
6.69 6.66 6.73 6.79 6.75 6.72 6.74 6.84 6.94 7.12 7.30 7.39 7.44 7.57 7.64 7.73 7.76 7.85 7.94 8.04 8.13 8.22 8.30 8.38 8.46 8.53 8.61 
6.73 6.73 6.75 6.82 6.83 6.84 6.84 6.92 7.05 7.23 7.39 7.50 7.55 7.62 7.71 7.73 7.80 7.92 8.02 8.11 8.19 8.27 8.35 8.43 8.50 8.58 8.65 
6.71 6.75 6.83 6.85 6.85 6.90 6.94 7.00 7.17 7.30 7.43 7.53 7.58 7.62 7.76 7.85 7.90 7.96 8.08 8.18 8.26 8.33 8.41 8.48 8.55 8.62 8.69 
6.76 6.77 6.86 6.79 6.84 6.90 7.05 7.09 7.18 7.32 7.45 7.53 7.62 7.71 7.82 7.87 7.96 8.07 8.16 8.25 8.32 8.39 8.46 8.53 8.60 8.66 8.73 
6.77 6.78 6.87 6.80 6.89 6.98 7.08 7.17 7.32 7.47 7.51 7.56 7.71 7.77 7.88 7.96 8.05 8.16 8.25 8.32 8.39 8.45 8.52 8.58 8.64 8.70 8.77 
6.77 6.85 6.86 6.82 6.98 7.01 7.09 7.21 7.39 7.54 7.57 7.66 7.76 7.86 7.96 8.08 8.16 8.24 8.33 8.41 8.46 8.52 8.58 8.63 8.69 8.75 8.80 
6.79 6.83 6.84 6.89 7.04 7.07 7.18 7.30 7.46 7.62 7.66 7.74 7.85 7.96 8.05 8.19 8.28 8.35 8.43 8.50 8.54 8.59 8.63 8.68 8.73 8.78 8.84 
6.83 6.89 6.97 7.05 7.14 7.14 7.27 7.43 7.57 7.70 7.74 7.82 7.94 8.05 8.15 8.26 8.39 8.49 8.55 8.61 8.64 8.66 8.69 8.72 8.76 8.81 0.00 
6.87 6.95 7.01 7.12 7.16 7.23 7.32 7.53 7.62 7.78 7.89 7.93 8.02 8.14 8.24 8.37 8.50 8.61 8.68 8.71 8.72 8.73 8.74 8.76 8.80 8.84 0.00 
6.91 6.96 7.06 7.13 7.24 7.29 7.38 7.53 7.65 7.87 7.97 8.05 8.15 8.22 8.34 8.45 8.60 8.72 8.80 8.81 8.80 8.79 8.79 8.80 0.00 0.00 0.00 
6.94 7.00 7.07 7.15 7.29 7.35 7.47 7.63 7.78 7.96 8.07 8.09 8.18 8.30 8.39 8.50 8.66 8.79 8.86 8.86 8.85 8.84 8.84 8.83 8.86 0.00 0.00 
6.99 7.04 7.12 7.22 7.36 7.41 7.50 7.70 7.88 7.98 8.16 8.24 8.25 8.35 8.46 8.57 8.68 8.80 8.86 8.88 8.89 8.88 8.89 0.00 0.00 0.00 0.00 
7.02 7.08 7.17 7.29 7.39 7.46 7.54 7.76 7.92 7.97 8.18 8.26 8.36 8.40 8.52 8.63 8.73 8.81 8.86 8.89 8.91 8.92 0.00 0.00 0.00 0.00 0.00 
7.05 7.11 7.19 7.31 7.39 7.49 7.60 7.77 7.92 8.01 8.17 8.25 8.39 8.45 8.55 8.66 8.75 8.82 8.88 8.90 8.94 8.95 0.00 0.00 0.00 0.00 0.00 
7.09 7.14 7.22 7.32 7.44 7.55 7.63 7.76 7.95 8.02 8.15 8.29 8.41 8.48 8.58 8.68 8.77 8.84 8.89 8.93 8.97 0.00 0.00 0.00 0.00 0.00 0.00 
7.09 7.17 7.25 7.34 7.48 7.58 7.66 7.78 7.91 8.07 8.16 8.29 8.43 8.51 8.60 8.70 8.78 8.84 8.90 8.94 8.99 0.00 0.00 0.00 0.00 0.00 0.00 
7.10 7.17 7.28 7.37 7.48 7.63 7.72 7.78 7.97 8.10 8.18 8.27 8.43 8.51 8.57 8.68 8.77 8.84 8.88 8.92 0.00 0.00 0.00 0.00 0.00 0.00 0.00 
7.13 7.20 7.30 7.40 7.50 7.61 7.70 7.81 8.00 8.10 8.17 8.34 8.45 8.51 8.55 8.68 8.79 8.86 8.88 0.00 0.00 0.00 0.00 0.00 0.00 0.00 0.00 
7.20 7.26 7.36 7.46 7.58 7.69 7.74 7.89 8.04 8.09 8.21 8.32 8.45 8.46 8.54 8.65 8.76 8.85 8.91 0.00 0.00 0.00 0.00 0.00 0.00 0.00 0.00 
7.25 7.32 7.42 7.53 7.61 7.68 7.80 7.84 7.94 8.11 8.21 8.36 8.46 8.45 8.54 8.69 8.79 8.87 8.92 0.00 0.00 0.00 0.00 0.00 0.00 0.00 0.00 
7.30 7.40 7.46 7.54 7.63 7.73 7.78 7.89 8.01 8.04 8.14 8.31 8.47 8.45 8.59 8.66 8.76 8.82 0.00 0.00 0.00 0.00 0.00 0.00 0.00 0.00 0.00 
7.33 7.45 7.54 7.64 7.73 7.80 7.84 7.96 8.11 8.14 8.18 8.33 8.51 8.57 0.00 0.00 0.00 0.00 0.00 0.00 0.00 0.00 0.00 0.00 0.00 0.00 0.00 
7.38 7.50 7.60 7.70 7.75 7.77 7.87 8.03 8.15 8.23 8.33 8.36 8.50 8.54 8.53 0.00 0.00 0.00 0.00 0.00 0.00 0.00 0.00 0.00 0.00 0.00 0.00 
