2016_CCC_ARR_IFD/catchment_depth_2160min_86466aep.txt.asc
ncols         27
nrows         23
xllcorner     150.975
yllcorner     -33.6
cellsize      0.025
NODATA_value  -9999
60.7 60.1 63.2 64.8 63.0 60.8 59.7 61.8 63.8 67.7 72.5 73.6 73.1 77.4 77.7 79.3 75.2 70.5 71.5 72.6 73.0 74.5 75.9 75.9 76.0 76.4 76.7 
63.2 63.1 63.8 65.7 65.4 64.5 62.8 63.8 66.6 71.1 75.7 79.5 77.9 77.5 80.7 74.8 72.7 71.4 71.8 72.6 73.8 74.8 75.5 76.0 76.5 76.8 77.2 
61.6 64.2 66.7 66.7 65.8 65.9 65.6 65.8 70.5 72.9 75.9 78.0 76.7 74.3 79.5 82.0 77.3 74.4 73.6 73.4 74.3 75.1 75.7 76.4 77.3 77.7 78.0 
64.8 65.0 67.8 64.0 64.7 65.2 69.1 68.2 68.9 72.3 75.4 75.3 76.5 76.7 79.7 76.2 76.3 74.1 74.5 74.6 75.7 76.2 76.8 77.4 77.9 78.7 80.2 
65.0 64.9 67.7 64.2 66.2 67.5 69.2 70.3 73.8 78.1 76.0 73.0 78.1 74.8 78.4 75.5 77.6 75.5 75.9 76.8 77.0 77.3 77.5 78.2 78.8 79.9 80.3 
63.8 67.8 67.0 64.2 68.7 67.7 67.4 69.5 75.2 79.4 75.9 76.0 76.0 76.3 78.3 75.1 77.4 78.3 78.9 77.5 77.8 78.3 78.7 79.0 80.0 81.2 80.6 
62.0 65.3 64.6 65.6 69.9 67.8 70.0 72.2 76.5 81.2 78.0 76.9 74.3 80.9 78.9 75.9 77.8 79.6 79.6 79.0 79.1 79.5 79.8 80.1 81.0 82.3 83.4 
61.7 67.3 69.4 71.0 72.6 68.3 72.1 76.4 79.5 82.8 78.7 75.5 77.1 78.5 81.0 80.1 78.8 79.0 79.9 79.8 79.8 80.5 80.9 80.5 81.1 81.6 0.00 
63.4 68.9 69.7 72.8 71.8 71.4 71.3 79.2 79.3 83.7 85.1 81.2 79.4 79.2 81.2 80.4 79.9 80.2 80.5 80.9 81.2 81.0 81.1 81.3 81.7 81.7 0.00 
65.0 65.6 70.2 71.2 73.4 71.8 71.5 75.7 77.4 84.7 85.7 84.8 86.5 82.2 81.0 82.4 80.6 81.2 81.6 82.3 82.3 81.9 82.0 82.4 0.00 0.00 0.00 
64.7 66.0 67.8 67.1 74.1 72.4 74.4 79.2 81.8 87.1 89.2 84.1 83.4 87.8 85.2 85.5 82.9 82.5 82.5 82.6 82.6 82.7 83.3 83.8 83.9 0.00 0.00 
62.9 64.9 68.4 71.6 75.8 73.5 73.1 80.4 85.5 85.3 90.2 90.0 85.3 85.8 86.2 86.2 86.0 84.5 83.5 83.4 83.5 83.6 84.0 0.00 0.00 0.00 0.00 
63.7 67.2 70.0 73.6 75.2 73.9 73.0 81.7 85.3 83.3 89.3 89.4 91.4 85.4 86.2 85.9 85.3 86.0 84.6 84.3 84.4 84.4 0.00 0.00 0.00 0.00 0.00 
64.1 66.5 68.2 72.8 73.2 73.6 74.9 80.8 83.7 84.0 87.9 87.2 92.0 89.1 88.2 87.3 87.9 88.8 86.8 85.4 85.7 85.1 0.00 0.00 0.00 0.00 0.00 
62.7 64.9 66.8 71.2 74.3 76.4 74.9 78.2 84.2 83.0 85.2 88.8 91.5 88.8 87.6 88.1 89.0 89.9 89.8 87.4 88.3 0.00 0.00 0.00 0.00 0.00 0.00 
65.3 65.6 66.7 70.9 75.5 76.0 75.4 78.2 80.7 84.7 85.0 87.2 91.1 89.3 88.4 89.2 90.7 88.4 89.0 87.7 92.0 0.00 0.00 0.00 0.00 0.00 0.00 
66.4 67.0 67.1 69.4 72.5 78.0 78.2 76.5 83.0 85.5 85.2 85.5 89.6 89.0 88.4 89.0 88.7 88.8 87.3 86.8 0.00 0.00 0.00 0.00 0.00 0.00 0.00 
66.5 68.1 68.9 69.3 72.1 74.5 75.7 77.7 84.1 84.8 84.3 88.7 89.8 88.3 86.7 88.8 89.5 89.1 87.3 0.00 0.00 0.00 0.00 0.00 0.00 0.00 0.00 
66.4 68.5 71.9 73.8 76.2 78.7 77.0 81.2 85.0 84.0 85.6 87.1 89.1 85.6 85.9 86.8 88.0 88.8 88.8 0.00 0.00 0.00 0.00 0.00 0.00 0.00 0.00 
66.9 70.1 73.2 75.9 76.9 76.9 79.6 78.2 80.1 84.3 85.2 88.1 89.1 84.8 84.8 88.1 89.5 90.0 89.9 0.00 0.00 0.00 0.00 0.00 0.00 0.00 0.00 
68.8 73.3 73.3 74.9 76.5 78.6 78.2 80.5 82.9 80.4 81.7 85.6 88.8 83.8 86.4 86.2 87.5 87.1 0.00 0.00 0.00 0.00 0.00 0.00 0.00 0.00 0.00 
69.5 74.3 76.6 78.8 80.4 81.0 80.4 82.7 86.5 84.7 82.7 85.4 89.7 88.5 0.00 0.00 0.00 0.00 0.00 0.00 0.00 0.00 0.00 0.00 0.00 0.00 0.00 
71.1 75.2 78.2 80.9 80.4 79.0 81.0 85.2 87.2 87.7 88.4 85.5 88.3 85.8 82.1 0.00 0.00 0.00 0.00 0.00 0.00 0.00 0.00 0.00 0.00 0.00 0.00 
