2016_CCC_ARR_IFD/catchment_depth_20min_98168aep.txt.asc
ncols         27
nrows         23
xllcorner     150.975
yllcorner     -33.6
cellsize      0.025
NODATA_value  -9999
7.84 7.81 7.90 7.96 7.90 7.84 7.84 7.94 8.04 8.23 8.46 8.54 8.58 8.77 8.84 8.95 8.93 9.00 9.11 9.22 9.33 9.44 9.55 9.65 9.75 9.85 9.94 
7.92 7.92 7.95 8.02 8.03 8.01 7.99 8.06 8.19 8.39 8.60 8.78 8.78 8.83 8.98 8.90 8.98 9.08 9.19 9.30 9.41 9.52 9.62 9.72 9.82 9.91 10.0 
7.91 7.98 8.07 8.08 8.08 8.11 8.13 8.17 8.37 8.50 8.65 8.77 8.79 8.79 9.00 9.13 9.10 9.17 9.27 9.38 9.49 9.59 9.69 9.79 9.89 9.98 10.1 
8.01 8.03 8.13 8.05 8.09 8.14 8.28 8.30 8.36 8.52 8.68 8.73 8.83 8.91 9.06 9.06 9.15 9.24 9.35 9.46 9.57 9.67 9.77 9.86 9.95 10.0 10.1 
8.04 8.07 8.16 8.11 8.18 8.25 8.34 8.41 8.57 8.76 8.74 8.71 8.93 8.91 9.08 9.10 9.23 9.32 9.43 9.55 9.66 9.75 9.84 9.93 10.0 10.1 10.2 
8.05 8.16 8.18 8.16 8.29 8.31 8.33 8.43 8.66 8.85 8.78 8.84 8.90 8.99 9.12 9.15 9.29 9.41 9.52 9.63 9.74 9.83 9.92 10.0 10.1 10.2 10.3 
8.03 8.14 8.16 8.22 8.37 8.35 8.45 8.56 8.75 8.96 8.90 8.90 8.89 9.17 9.17 9.22 9.35 9.48 9.60 9.71 9.81 9.90 9.99 10.1 10.2 10.3 10.3 
8.05 8.21 8.30 8.39 8.48 8.39 8.54 8.74 8.90 9.07 8.95 8.87 8.98 9.10 9.27 9.33 9.42 9.54 9.67 9.77 9.87 9.96 10.1 10.1 10.2 10.3 0.00 
8.10 8.27 8.34 8.47 8.48 8.51 8.54 8.87 8.92 9.15 9.26 9.12 9.07 9.14 9.29 9.38 9.49 9.61 9.73 9.84 9.93 10.0 10.1 10.2 10.3 10.3 0.00 
8.16 8.21 8.37 8.45 8.56 8.54 8.56 8.75 8.86 9.23 9.32 9.31 9.44 9.26 9.31 9.45 9.55 9.68 9.80 9.90 9.99 10.1 10.2 10.2 0.00 0.00 0.00 
8.17 8.23 8.32 8.33 8.61 8.58 8.68 8.92 9.08 9.37 9.51 9.27 9.27 9.56 9.47 9.56 9.61 9.74 9.85 9.94 10.0 10.1 10.2 10.3 10.4 0.00 0.00 
8.14 8.22 8.35 8.50 8.69 8.63 8.64 8.99 9.27 9.30 9.60 9.63 9.37 9.44 9.52 9.60 9.69 9.78 9.88 9.98 10.1 10.2 10.3 0.00 0.00 0.00 0.00 
8.17 8.30 8.43 8.59 8.68 8.66 8.65 9.06 9.27 9.18 9.56 9.59 9.74 9.41 9.51 9.60 9.70 9.83 9.92 10.0 10.1 10.2 0.00 0.00 0.00 0.00 0.00 
8.20 8.30 8.38 8.58 8.62 8.66 8.73 9.03 9.20 9.22 9.47 9.44 9.78 9.62 9.60 9.64 9.77 9.91 9.98 10.1 10.2 10.3 0.00 0.00 0.00 0.00 0.00 
8.18 8.27 8.36 8.54 8.69 8.80 8.74 8.90 9.23 9.16 9.30 9.55 9.75 9.59 9.56 9.67 9.82 9.97 10.1 10.1 10.3 0.00 0.00 0.00 0.00 0.00 0.00 
8.29 8.32 8.38 8.56 8.76 8.80 8.78 8.91 9.04 9.27 9.29 9.45 9.74 9.63 9.58 9.73 9.93 9.96 10.1 10.2 10.4 0.00 0.00 0.00 0.00 0.00 0.00 
8.37 8.41 8.43 8.52 8.66 8.91 8.92 8.88 9.17 9.33 9.32 9.36 9.66 9.63 9.64 9.77 9.90 10.0 10.1 10.2 0.00 0.00 0.00 0.00 0.00 0.00 0.00 
8.41 8.49 8.53 8.57 8.67 8.77 8.84 8.94 9.26 9.30 9.30 9.60 9.71 9.66 9.71 9.86 10.0 10.1 10.2 0.00 0.00 0.00 0.00 0.00 0.00 0.00 0.00 
8.44 8.53 8.67 8.76 8.87 8.99 8.92 9.11 9.33 9.29 9.41 9.55 9.73 9.68 9.80 9.93 10.1 10.2 10.3 0.00 0.00 0.00 0.00 0.00 0.00 0.00 0.00 
8.51 8.62 8.75 8.87 8.93 8.94 9.06 9.05 9.14 9.34 9.45 9.69 9.82 9.78 9.90 10.1 10.2 10.4 10.5 0.00 0.00 0.00 0.00 0.00 0.00 0.00 0.00 
8.62 8.77 8.80 8.88 8.96 9.05 9.07 9.17 9.28 9.33 9.47 9.67 9.92 9.89 10.1 10.2 10.3 10.4 0.00 0.00 0.00 0.00 0.00 0.00 0.00 0.00 0.00 
8.70 8.85 8.96 9.06 9.15 9.20 9.21 9.34 9.57 9.52 9.60 9.80 10.1 10.2 0.00 0.00 0.00 0.00 0.00 0.00 0.00 0.00 0.00 0.00 0.00 0.00 0.00 
8.80 8.94 9.06 9.19 9.21 9.22 9.33 9.53 9.69 9.80 9.94 9.97 10.2 10.2 10.3 0.00 0.00 0.00 0.00 0.00 0.00 0.00 0.00 0.00 0.00 0.00 0.00 
