2016_CCC_ARR_IFD/catchment_depth_720min_95021aep.txt.asc
ncols         27
nrows         23
xllcorner     150.975
yllcorner     -33.6
cellsize      0.025
NODATA_value  -9999
33.1 32.9 34.1 34.8 34.2 33.5 33.3 34.2 35.0 36.7 38.6 39.2 39.2 41.0 41.2 42.0 40.7 39.6 40.2 40.7 41.1 41.8 42.4 42.6 42.8 43.1 43.4 
34.0 34.0 34.3 35.1 35.1 34.9 34.5 35.0 36.1 37.9 39.9 41.5 41.0 41.1 42.4 40.5 40.0 40.1 40.5 41.0 41.6 42.1 42.5 42.9 43.2 43.5 43.8 
33.4 34.4 35.4 35.5 35.3 35.5 35.5 35.8 37.6 38.7 40.0 40.9 40.6 40.0 42.0 43.1 41.7 40.9 41.3 41.5 42.0 42.5 42.9 43.2 43.7 44.0 44.2 
34.5 34.7 35.8 34.6 35.0 35.3 36.8 36.7 37.2 38.5 39.8 40.0 40.6 40.9 42.2 41.2 41.4 41.3 41.8 42.2 42.8 43.1 43.5 43.8 44.1 44.5 45.1 
34.6 34.7 35.8 34.7 35.6 36.2 37.0 37.5 38.9 40.7 40.1 39.3 41.3 40.4 41.8 41.2 42.1 42.0 42.6 43.1 43.5 43.7 44.0 44.3 44.6 45.1 45.4 
34.3 35.8 35.6 34.8 36.5 36.4 36.5 37.4 39.5 41.2 40.2 40.5 40.7 41.1 42.0 41.6 42.5 43.0 43.6 43.7 44.1 44.4 44.6 44.8 45.3 45.7 45.6 
33.7 35.0 34.9 35.4 37.0 36.6 37.5 38.5 40.1 42.0 41.1 41.0 40.6 42.8 42.4 42.3 43.1 43.9 44.3 44.5 44.8 45.0 45.2 45.4 45.8 46.3 46.7 
33.7 35.7 36.6 37.4 38.1 36.9 38.3 40.0 41.3 42.7 41.5 40.9 41.6 42.4 43.3 43.6 43.9 44.4 44.9 45.2 45.3 45.6 45.8 45.7 46.0 46.2 0.00 
34.3 36.3 36.8 38.1 37.9 38.0 38.3 41.2 41.4 43.2 43.9 42.8 42.6 42.9 43.8 44.1 44.6 45.2 45.6 45.9 46.0 46.0 46.1 46.2 46.3 46.4 0.00 
34.9 35.3 37.1 37.6 38.6 38.3 38.5 40.1 41.0 43.7 44.3 44.2 45.0 44.0 44.1 44.9 45.1 45.9 46.4 46.6 46.6 46.4 46.5 46.6 0.00 0.00 0.00 
34.9 35.5 36.3 36.4 39.0 38.7 39.6 41.5 42.6 44.7 45.7 44.1 44.2 45.9 45.4 45.8 45.9 46.4 46.7 46.8 46.8 46.8 47.0 47.2 47.3 0.00 0.00 
34.4 35.2 36.6 38.0 39.7 39.2 39.3 42.1 44.1 44.2 46.2 46.4 45.0 45.4 45.9 46.2 46.6 46.8 46.8 46.9 47.0 47.1 47.2 0.00 0.00 0.00 0.00 
34.7 36.1 37.3 38.8 39.6 39.4 39.5 42.6 44.1 43.7 46.0 46.3 47.2 45.4 46.0 46.2 46.5 47.0 46.9 47.0 47.2 47.2 0.00 0.00 0.00 0.00 0.00 
34.9 35.9 36.8 38.6 39.0 39.5 40.3 42.5 43.8 44.1 45.7 45.7 47.5 46.7 46.6 46.6 47.1 47.7 47.4 47.1 47.4 47.3 0.00 0.00 0.00 0.00 0.00 
34.5 35.5 36.4 38.2 39.5 40.6 40.4 41.8 44.1 44.0 45.0 46.4 47.5 46.7 46.3 46.7 47.3 47.9 48.2 47.6 48.1 0.00 0.00 0.00 0.00 0.00 0.00 
35.4 35.8 36.5 38.2 40.1 40.6 40.8 42.0 43.2 44.8 45.1 46.0 47.5 46.9 46.3 47.0 47.9 47.3 47.8 47.6 49.3 0.00 0.00 0.00 0.00 0.00 0.00 
35.9 36.4 36.8 37.9 39.3 41.4 41.9 41.7 44.1 45.2 45.4 45.5 47.2 46.9 46.2 46.8 47.0 47.4 47.2 47.2 0.00 0.00 0.00 0.00 0.00 0.00 0.00 
36.0 36.8 37.5 38.1 39.4 40.6 41.4 42.4 44.7 45.2 45.3 46.9 47.4 46.7 45.9 46.9 47.5 47.5 47.1 0.00 0.00 0.00 0.00 0.00 0.00 0.00 0.00 
36.3 37.2 38.6 39.6 40.8 42.0 42.1 43.8 45.2 45.4 46.0 46.6 47.4 45.8 45.9 46.4 47.0 47.5 47.8 0.00 0.00 0.00 0.00 0.00 0.00 0.00 0.00 
36.7 37.9 39.2 40.5 41.2 41.8 43.0 43.1 44.1 45.8 46.3 47.2 47.6 45.8 45.8 47.2 47.9 48.3 48.3 0.00 0.00 0.00 0.00 0.00 0.00 0.00 0.00 
37.5 39.2 39.5 40.4 41.3 42.4 42.8 44.1 45.4 44.6 45.1 46.7 47.7 45.7 46.8 46.7 47.3 47.2 0.00 0.00 0.00 0.00 0.00 0.00 0.00 0.00 0.00 
37.9 39.7 40.7 41.7 42.6 43.2 43.6 44.8 46.2 46.4 45.7 46.7 48.2 47.9 0.00 0.00 0.00 0.00 0.00 0.00 0.00 0.00 0.00 0.00 0.00 0.00 0.00 
38.6 40.2 41.4 42.5 42.7 42.7 43.8 45.5 46.5 47.1 47.5 46.9 47.9 47.1 45.5 0.00 0.00 0.00 0.00 0.00 0.00 0.00 0.00 0.00 0.00 0.00 0.00 
