2016_CCC_ARR_IFD/catchment_depth_540min_10000aep.txt.asc
ncols         27
nrows         23
xllcorner     150.975
yllcorner     -33.6
cellsize      0.025
NODATA_value  -9999
82.6 82.7 85.7 87.7 87.0 86.0 86.2 88.9 91.6 96.1 101 103 104 108 109 111 110 107 109 111 113 115 117 118 118 119 120 
84.6 85.3 86.5 88.8 89.5 89.7 89.3 91.1 94.5 99.4 104 108 108 109 112 109 108 108 110 112 114 115 117 118 119 120 121 
83.8 86.4 89.2 90.1 90.2 91.3 92.1 93.4 98.3 101 105 108 108 107 112 115 112 110 112 113 114 116 117 118 120 121 122 
86.5 87.4 90.4 88.3 89.8 91.3 95.5 95.9 97.7 102 105 106 108 110 113 111 112 112 113 114 116 117 118 119 120 122 124 
87.0 87.7 90.8 88.9 91.5 93.6 96.3 98.3 102 107 107 105 110 109 113 111 114 113 115 116 117 118 119 120 121 123 124 
86.4 90.3 90.6 89.3 94.1 94.4 95.4 98.3 104 109 107 109 110 111 114 112 115 116 118 118 119 120 121 121 123 124 124 
85.6 88.8 89.2 90.9 95.6 95.0 98.1 101 106 111 110 110 109 116 115 114 117 119 120 120 120 121 122 122 124 125 127 
85.8 90.8 93.4 95.9 98.3 96.0 100 105 109 113 111 110 112 115 118 118 119 120 121 122 122 123 123 123 124 125 0.00 
87.5 92.5 94.1 97.8 98.2 99.1 100 108 110 115 117 115 115 116 119 119 120 122 123 124 124 123 123 124 124 125 0.00 
89.0 90.4 95.1 97.0 100 100 101 106 109 117 119 119 122 119 119 121 122 124 125 125 125 124 124 125 0.00 0.00 0.00 
89.1 91.1 93.6 94.1 101 101 104 110 113 119 122 119 119 124 123 124 124 125 126 126 125 125 126 126 126 0.00 0.00 
88.3 90.7 94.4 98.2 103 102 103 111 117 118 124 125 121 122 124 125 126 126 126 126 126 126 126 0.00 0.00 0.00 0.00 
89.2 92.7 96.1 100 103 103 103 113 117 116 124 124 127 122 124 124 125 127 126 126 126 126 0.00 0.00 0.00 0.00 0.00 
89.8 92.6 95.0 100 102 103 105 112 116 117 122 122 128 125 125 125 127 128 127 126 127 126 0.00 0.00 0.00 0.00 0.00 
89.4 91.8 94.3 98.9 103 106 105 109 116 116 119 124 127 125 124 125 127 129 129 128 129 0.00 0.00 0.00 0.00 0.00 0.00 
91.2 92.6 94.5 99.0 104 106 106 109 113 118 118 121 126 125 123 125 128 126 128 127 132 0.00 0.00 0.00 0.00 0.00 0.00 
92.1 93.7 95.2 98.0 102 108 109 108 115 118 119 119 124 124 122 124 125 126 125 125 0.00 0.00 0.00 0.00 0.00 0.00 0.00 
92.6 94.8 96.9 98.3 102 105 107 109 116 118 117 123 124 122 120 123 126 126 125 0.00 0.00 0.00 0.00 0.00 0.00 0.00 0.00 
93.8 96.1 99.8 103 106 109 108 113 117 117 119 121 123 119 119 121 123 125 126 0.00 0.00 0.00 0.00 0.00 0.00 0.00 0.00 
94.8 98.1 102 105 107 108 111 110 112 117 118 122 123 118 118 123 125 126 127 0.00 0.00 0.00 0.00 0.00 0.00 0.00 0.00 
97.0 102 102 105 107 109 109 112 115 112 114 118 123 117 120 120 122 122 0.00 0.00 0.00 0.00 0.00 0.00 0.00 0.00 0.00 
98.2 103 106 109 111 112 112 114 119 117 115 118 123 122 0.00 0.00 0.00 0.00 0.00 0.00 0.00 0.00 0.00 0.00 0.00 0.00 0.00 
100 105 108 111 111 110 112 117 119 120 121 118 121 119 115 0.00 0.00 0.00 0.00 0.00 0.00 0.00 0.00 0.00 0.00 0.00 0.00 
