2016_CCC_ARR_IFD/catchment_depth_5min_02000aep.txt.asc
ncols         27
nrows         23
xllcorner     150.975
yllcorner     -33.6
cellsize      0.025
NODATA_value  -9999
16.7 16.7 17.0 17.2 17.1 17.0 17.2 17.5 17.8 18.4 18.9 19.1 19.3 19.7 19.9 20.1 20.4 20.5 20.7 21.0 21.2 21.5 21.7 21.9 22.0 22.2 22.4 
16.9 16.9 17.0 17.3 17.3 17.4 17.4 17.7 18.1 18.7 19.1 19.4 19.6 19.9 20.1 20.3 20.5 20.7 20.9 21.1 21.4 21.6 21.8 22.0 22.1 22.3 22.5 
16.8 17.0 17.3 17.3 17.4 17.5 17.7 17.9 18.5 18.9 19.3 19.6 19.8 20.0 20.3 20.5 20.8 21.0 21.2 21.3 21.5 21.7 21.9 22.1 22.3 22.5 22.6 
17.0 17.0 17.3 17.0 17.2 17.5 18.0 18.2 18.5 19.0 19.4 19.7 20.0 20.3 20.5 20.8 21.1 21.2 21.4 21.5 21.7 21.9 22.1 22.3 22.4 22.6 22.8 
17.0 17.0 17.3 17.0 17.4 17.7 18.1 18.4 18.9 19.4 19.6 19.8 20.2 20.5 20.8 21.1 21.4 21.5 21.6 21.8 21.9 22.1 22.2 22.4 22.6 22.8 22.9 
16.9 17.3 17.2 17.0 17.6 17.7 18.0 18.5 19.1 19.6 19.8 20.1 20.5 20.8 21.1 21.3 21.6 21.8 22.0 22.0 22.1 22.2 22.4 22.5 22.7 22.9 23.0 
16.9 17.1 17.1 17.2 17.8 17.8 18.3 18.7 19.3 19.8 20.0 20.4 20.7 21.1 21.5 21.5 21.8 22.1 22.2 22.2 22.3 22.4 22.6 22.7 22.9 23.0 23.2 
17.0 17.3 17.6 17.8 18.1 18.0 18.6 19.1 19.6 20.0 20.3 20.6 21.1 21.4 21.8 22.0 22.1 22.2 22.4 22.5 22.5 22.6 22.7 22.8 22.9 23.1 0.00 
17.1 17.5 17.7 18.1 18.2 18.4 18.7 19.4 19.8 20.2 20.6 20.9 21.4 21.7 22.0 22.2 22.3 22.5 22.6 22.7 22.8 22.8 22.9 22.9 23.0 23.1 0.00 
17.3 17.4 17.8 18.1 18.4 18.5 18.8 19.4 19.8 20.5 20.8 21.1 21.5 21.9 22.1 22.4 22.5 22.7 22.9 23.0 23.0 23.0 23.0 23.1 0.00 0.00 0.00 
17.4 17.6 17.8 18.0 18.6 18.7 19.1 19.7 20.1 20.7 21.0 21.3 21.7 22.0 22.3 22.6 22.7 22.9 23.0 23.1 23.1 23.1 23.2 23.2 23.3 0.00 0.00 
17.4 17.6 18.0 18.3 18.8 18.9 19.2 19.9 20.4 20.7 21.2 21.5 21.8 22.1 22.4 22.7 22.9 23.0 23.0 23.1 23.1 23.2 23.2 0.00 0.00 0.00 0.00 
17.6 17.8 18.2 18.6 18.9 19.0 19.2 20.0 20.5 20.7 21.3 21.6 21.9 22.1 22.5 22.7 22.8 23.1 23.1 23.1 23.2 23.2 0.00 0.00 0.00 0.00 0.00 
17.6 17.9 18.2 18.6 18.8 19.1 19.4 20.0 20.5 20.8 21.3 21.6 21.9 22.2 22.5 22.7 23.0 23.2 23.2 23.1 23.2 23.2 0.00 0.00 0.00 0.00 0.00 
17.7 17.9 18.2 18.6 19.0 19.3 19.4 19.9 20.5 20.7 21.2 21.6 22.0 22.2 22.5 22.7 23.0 23.2 23.3 23.2 23.4 0.00 0.00 0.00 0.00 0.00 0.00 
17.8 18.0 18.2 18.6 19.1 19.3 19.5 19.9 20.3 20.8 21.1 21.5 21.9 22.2 22.4 22.7 23.0 23.0 23.2 23.2 23.5 0.00 0.00 0.00 0.00 0.00 0.00 
18.0 18.1 18.3 18.6 18.9 19.5 19.7 19.7 20.5 20.9 21.1 21.3 21.9 22.1 22.1 22.5 22.7 22.9 22.9 23.0 0.00 0.00 0.00 0.00 0.00 0.00 0.00 
18.0 18.3 18.4 18.6 18.9 19.2 19.5 19.8 20.5 20.7 20.9 21.5 21.8 21.9 21.9 22.4 22.7 22.9 22.8 0.00 0.00 0.00 0.00 0.00 0.00 0.00 0.00 
18.1 18.3 18.7 18.9 19.3 19.6 19.5 20.0 20.5 20.6 20.9 21.3 21.6 21.5 21.7 22.0 22.4 22.7 22.8 0.00 0.00 0.00 0.00 0.00 0.00 0.00 0.00 
18.1 18.4 18.8 19.1 19.3 19.4 19.7 19.6 19.9 20.5 20.8 21.2 21.5 21.3 21.5 22.1 22.4 22.6 22.7 0.00 0.00 0.00 0.00 0.00 0.00 0.00 0.00 
18.2 18.7 18.8 19.0 19.2 19.5 19.5 19.8 20.1 20.0 20.3 20.9 21.4 21.1 21.6 21.8 22.1 22.2 0.00 0.00 0.00 0.00 0.00 0.00 0.00 0.00 0.00 
18.3 18.8 19.0 19.3 19.5 19.7 19.7 20.0 20.5 20.4 20.3 20.8 21.4 21.5 0.00 0.00 0.00 0.00 0.00 0.00 0.00 0.00 0.00 0.00 0.00 0.00 0.00 
18.4 18.8 19.1 19.5 19.5 19.4 19.6 20.2 20.5 20.6 20.9 20.8 21.2 21.2 21.0 0.00 0.00 0.00 0.00 0.00 0.00 0.00 0.00 0.00 0.00 0.00 0.00 
