2016_CCC_ARR_IFD/catchment_depth_25min_10000aep.txt.asc
ncols         27
nrows         23
xllcorner     150.975
yllcorner     -33.6
cellsize      0.025
NODATA_value  -9999
30.2 30.0 30.4 30.7 30.5 30.3 30.3 30.8 31.4 32.3 33.1 33.5 33.8 34.4 34.7 35.1 35.4 35.7 36.1 36.5 36.8 37.2 37.6 37.8 38.1 38.4 38.7 
30.4 30.4 30.5 30.8 30.9 30.9 30.8 31.2 31.9 32.8 33.5 34.1 34.3 34.6 35.0 35.2 35.6 35.9 36.2 36.6 37.0 37.3 37.7 38.0 38.3 38.6 38.9 
30.2 30.5 30.9 31.0 30.9 31.1 31.3 31.6 32.5 33.1 33.7 34.2 34.4 34.6 35.3 35.7 36.0 36.4 36.6 36.8 37.1 37.5 37.8 38.1 38.4 38.7 39.0 
30.6 30.6 31.0 30.5 30.7 31.0 31.8 31.9 32.4 33.1 33.8 34.1 34.6 35.0 35.5 35.9 36.3 36.5 36.8 37.0 37.4 37.6 37.9 38.3 38.6 38.9 39.2 
30.6 30.6 31.0 30.5 31.0 31.4 31.9 32.3 33.1 33.8 34.0 34.2 34.9 35.2 35.8 36.1 36.6 36.8 37.0 37.3 37.6 37.8 38.1 38.4 38.7 39.0 39.3 
30.5 31.0 30.9 30.5 31.4 31.5 31.8 32.4 33.3 34.1 34.2 34.6 35.1 35.5 36.0 36.3 36.8 37.2 37.5 37.5 37.7 38.0 38.3 38.5 38.8 39.2 39.4 
30.5 30.7 30.7 30.9 31.7 31.6 32.2 32.8 33.6 34.4 34.6 34.9 35.2 36.0 36.3 36.5 37.0 37.4 37.7 37.8 37.9 38.2 38.4 38.7 39.0 39.3 39.6 
30.7 31.1 31.5 31.8 32.2 32.0 32.6 33.5 34.1 34.8 34.8 35.1 35.7 36.2 36.7 37.0 37.3 37.5 37.8 38.0 38.2 38.4 38.6 38.8 39.0 39.3 0.00 
31.0 31.5 31.7 32.2 32.2 32.5 32.8 33.9 34.3 35.1 35.5 35.7 36.0 36.4 37.0 37.2 37.5 37.8 38.1 38.3 38.5 38.6 38.7 38.9 39.1 39.4 0.00 
31.2 31.4 31.9 32.2 32.6 32.7 33.1 33.8 34.3 35.4 35.8 36.1 36.6 36.8 37.1 37.6 37.8 38.1 38.4 38.6 38.7 38.8 38.9 39.0 0.00 0.00 0.00 
31.4 31.6 31.9 32.1 32.9 33.0 33.5 34.3 34.9 35.8 36.3 36.3 36.6 37.2 37.5 37.9 38.1 38.4 38.6 38.7 38.8 38.9 39.1 39.2 39.4 0.00 0.00 
31.6 31.8 32.2 32.6 33.3 33.3 33.6 34.6 35.4 35.8 36.6 36.9 36.9 37.3 37.7 38.1 38.4 38.6 38.7 38.9 39.0 39.1 39.3 0.00 0.00 0.00 0.00 
31.8 32.1 32.5 33.0 33.4 33.5 33.8 34.9 35.6 35.7 36.6 37.0 37.4 37.4 37.9 38.2 38.4 38.8 38.8 39.0 39.1 39.3 0.00 0.00 0.00 0.00 0.00 
31.9 32.2 32.5 33.1 33.4 33.7 34.1 34.9 35.5 35.9 36.6 36.9 37.6 37.7 38.1 38.4 38.7 39.0 39.1 39.1 39.3 39.4 0.00 0.00 0.00 0.00 0.00 
32.1 32.3 32.6 33.1 33.6 34.1 34.2 34.8 35.7 35.9 36.4 37.1 37.6 37.8 38.1 38.5 38.9 39.2 39.4 39.4 39.6 0.00 0.00 0.00 0.00 0.00 0.00 
32.3 32.5 32.7 33.3 33.9 34.2 34.3 34.9 35.4 36.1 36.5 37.0 37.7 37.9 38.3 38.7 39.0 39.1 39.4 39.4 39.9 0.00 0.00 0.00 0.00 0.00 0.00 
32.5 32.7 32.9 33.2 33.7 34.5 34.7 34.7 35.7 36.2 36.5 36.9 37.6 37.9 38.1 38.6 38.9 39.2 39.2 39.4 0.00 0.00 0.00 0.00 0.00 0.00 0.00 
32.6 32.9 33.2 33.3 33.8 34.2 34.5 34.9 35.8 36.2 36.4 37.2 37.6 37.8 38.0 38.6 39.0 39.2 39.2 0.00 0.00 0.00 0.00 0.00 0.00 0.00 0.00 
32.8 33.1 33.5 33.9 34.3 34.7 34.6 35.3 36.0 36.1 36.5 37.0 37.6 37.6 37.9 38.4 38.8 39.2 39.4 0.00 0.00 0.00 0.00 0.00 0.00 0.00 0.00 
32.9 33.3 33.7 34.1 34.4 34.5 35.0 34.9 35.3 36.1 36.5 37.2 37.6 37.5 37.9 38.5 39.0 39.3 39.5 0.00 0.00 0.00 0.00 0.00 0.00 0.00 0.00 
33.2 33.7 33.8 34.1 34.4 34.8 34.8 35.2 35.6 35.7 36.1 36.9 37.6 37.5 38.1 38.4 38.8 39.0 0.00 0.00 0.00 0.00 0.00 0.00 0.00 0.00 0.00 
33.3 33.9 34.2 34.6 34.9 35.1 35.1 35.5 36.2 36.2 36.3 36.9 37.8 38.0 0.00 0.00 0.00 0.00 0.00 0.00 0.00 0.00 0.00 0.00 0.00 0.00 0.00 
33.5 34.0 34.4 34.8 34.9 34.8 35.2 35.9 36.4 36.7 37.1 37.1 37.7 37.8 37.8 0.00 0.00 0.00 0.00 0.00 0.00 0.00 0.00 0.00 0.00 0.00 0.00 
