2016_CCC_ARR_IFD/catchment_depth_4320min_01000aep.txt.asc
ncols         27
nrows         23
xllcorner     150.975
yllcorner     -33.6
cellsize      0.025
NODATA_value  -9999
313 310 327 336 326 315 310 323 337 361 389 397 398 422 426 437 423 407 415 424 428 438 447 446 446 445 444 
327 327 331 341 340 336 328 335 352 378 406 428 422 423 441 418 414 411 415 421 430 436 440 442 444 443 443 
320 334 348 348 343 344 343 346 372 387 406 420 416 408 436 451 434 426 423 423 429 433 436 439 443 444 443 
339 339 355 334 338 341 363 359 365 385 403 406 415 420 437 426 431 422 425 426 433 435 438 440 442 445 452 
341 341 356 337 347 355 365 372 390 414 406 397 424 413 433 423 437 427 429 435 437 437 437 441 443 448 448 
337 358 353 339 362 358 358 370 399 421 408 412 415 420 433 418 434 440 443 434 436 439 439 440 445 451 446 
329 346 343 348 371 360 373 385 407 432 420 418 407 443 435 420 432 444 443 439 439 440 441 442 446 453 459 
329 359 370 378 387 365 385 408 425 444 426 411 421 431 445 442 434 435 440 439 438 441 443 439 442 444 0.00 
340 370 374 390 385 383 383 425 427 452 461 442 434 433 445 441 437 438 439 441 442 439 439 439 441 440 0.00 
351 354 379 384 395 387 386 409 419 460 467 463 473 449 442 451 438 440 441 445 444 441 440 441 0.00 0.00 0.00 
351 358 368 363 402 392 403 430 446 476 489 459 455 481 466 466 449 444 443 444 443 442 445 446 446 0.00 0.00 
344 354 373 390 413 400 397 439 468 467 497 496 466 468 470 469 466 455 448 447 446 445 447 0.00 0.00 0.00 0.00 
350 369 384 404 412 403 397 447 468 455 491 491 502 464 468 465 460 463 453 450 450 448 0.00 0.00 0.00 0.00 0.00 
354 367 375 401 402 403 409 443 459 459 482 476 504 485 478 472 474 478 465 455 456 451 0.00 0.00 0.00 0.00 0.00 
347 359 369 393 410 420 409 427 462 453 465 485 500 481 474 476 479 483 481 465 469 0.00 0.00 0.00 0.00 0.00 0.00 
365 364 369 393 417 419 412 426 439 462 462 473 496 482 478 481 487 473 475 465 489 0.00 0.00 0.00 0.00 0.00 0.00 
373 375 372 383 400 431 429 415 452 465 461 461 484 479 478 478 475 473 464 459 0.00 0.00 0.00 0.00 0.00 0.00 0.00 
375 383 385 384 398 409 412 421 458 459 453 478 483 473 465 475 477 473 462 0.00 0.00 0.00 0.00 0.00 0.00 0.00 0.00 
376 387 404 413 424 435 420 442 462 451 458 466 476 456 457 461 467 470 468 0.00 0.00 0.00 0.00 0.00 0.00 0.00 0.00 
380 397 413 426 428 423 435 420 428 450 453 469 473 449 448 465 472 474 472 0.00 0.00 0.00 0.00 0.00 0.00 0.00 0.00 
393 418 414 420 426 433 424 434 443 425 430 450 469 440 453 452 459 455 0.00 0.00 0.00 0.00 0.00 0.00 0.00 0.00 0.00 
398 425 436 445 450 448 437 446 466 448 433 447 473 463 0.00 0.00 0.00 0.00 0.00 0.00 0.00 0.00 0.00 0.00 0.00 0.00 0.00 
409 432 446 459 451 434 440 462 469 467 467 446 461 446 425 0.00 0.00 0.00 0.00 0.00 0.00 0.00 0.00 0.00 0.00 0.00 0.00 
