2016_CCC_ARR_IFD/catchment_depth_2880min_99752aep.txt.asc
ncols         27
nrows         23
xllcorner     150.975
yllcorner     -33.6
cellsize      0.025
NODATA_value  -9999
37.6 37.1 39.1 40.0 38.7 37.2 36.3 37.6 38.7 41.1 44.2 44.8 44.3 47.1 47.1 48.2 45.0 41.7 42.4 43.2 43.7 44.7 45.7 45.9 46.2 46.6 46.9 
39.1 39.0 39.4 40.5 40.2 39.5 38.2 38.7 40.4 43.2 46.1 48.7 47.4 46.9 49.1 44.6 42.8 42.2 42.6 43.2 44.1 44.8 45.5 46.0 46.5 46.8 47.2 
38.0 39.6 41.1 41.0 40.3 40.2 39.9 39.9 42.8 44.2 46.1 47.4 46.3 44.4 48.0 49.6 46.0 43.7 43.5 43.7 44.4 45.0 45.6 46.2 46.9 47.3 47.7 
40.0 40.0 41.7 39.1 39.4 39.6 42.0 41.3 41.6 43.6 45.5 45.3 45.9 45.8 47.8 45.0 44.9 43.6 44.0 44.4 45.1 45.6 46.2 46.8 47.2 47.9 48.9 
40.0 39.8 41.6 39.1 40.3 41.0 42.0 42.5 44.6 47.3 45.7 43.5 46.8 44.3 46.6 44.4 45.7 44.5 44.9 45.6 45.9 46.3 46.6 47.2 47.7 48.6 49.0 
39.1 41.6 41.0 39.0 41.8 41.0 40.7 41.8 45.3 48.0 45.5 45.4 45.2 45.2 46.4 44.3 45.6 46.1 46.6 46.0 46.4 46.9 47.3 47.7 48.5 49.4 49.2 
37.9 39.9 39.3 39.8 42.4 41.0 42.2 43.4 46.0 49.0 46.7 45.8 44.1 48.1 46.7 44.9 45.9 47.0 47.1 47.0 47.2 47.6 48.0 48.4 49.1 50.0 50.9 
37.5 41.1 42.3 43.2 44.1 41.2 43.4 46.0 47.9 49.9 47.0 44.9 45.8 46.6 48.0 47.4 46.6 46.8 47.4 47.5 47.7 48.3 48.7 48.7 49.2 49.7 0.00 
38.6 42.0 42.4 44.2 43.4 43.0 42.9 47.7 47.5 50.3 51.0 48.4 47.2 47.0 48.2 47.6 47.4 47.6 47.8 48.2 48.6 48.7 48.9 49.2 49.6 49.8 0.00 
39.5 39.8 42.6 43.1 44.3 43.2 42.9 45.4 46.3 50.7 51.2 50.6 51.6 48.9 48.1 49.0 47.9 48.2 48.6 49.2 49.3 49.3 49.5 50.0 0.00 0.00 0.00 
39.2 39.9 41.0 40.4 44.7 43.5 44.6 47.4 48.9 52.1 53.4 50.1 49.6 52.3 50.7 50.9 49.4 49.1 49.2 49.5 49.6 49.8 50.4 50.9 51.1 0.00 0.00 
38.0 39.1 41.2 43.1 45.6 44.1 43.7 48.1 51.1 50.9 53.8 53.7 50.8 51.2 51.4 51.4 51.4 50.5 50.0 50.1 50.3 50.5 50.9 0.00 0.00 0.00 0.00 
38.4 40.5 42.1 44.3 45.1 44.2 43.6 48.9 50.9 49.7 53.3 53.3 54.5 51.0 51.5 51.4 51.1 51.6 50.8 50.7 50.9 51.0 0.00 0.00 0.00 0.00 0.00 
38.5 39.9 40.9 43.7 43.8 44.0 44.7 48.3 50.0 50.1 52.4 52.0 54.9 53.2 52.8 52.4 52.8 53.4 52.3 51.5 51.8 51.5 0.00 0.00 0.00 0.00 0.00 
37.5 38.8 39.9 42.6 44.4 45.6 44.6 46.6 50.2 49.5 50.8 53.0 54.6 53.1 52.7 53.1 53.6 54.1 54.1 52.8 53.4 0.00 0.00 0.00 0.00 0.00 0.00 
39.0 39.2 39.8 42.3 45.1 45.3 44.9 46.5 48.1 50.5 50.7 52.1 54.4 53.5 53.4 53.8 54.6 53.4 53.8 53.0 55.6 0.00 0.00 0.00 0.00 0.00 0.00 
39.6 39.9 39.9 41.2 43.1 46.5 46.5 45.5 49.4 50.9 50.8 51.1 53.6 53.4 53.6 53.9 53.7 53.7 52.9 52.6 0.00 0.00 0.00 0.00 0.00 0.00 0.00 
39.5 40.5 40.9 41.1 42.8 44.2 44.9 46.1 50.0 50.4 50.2 52.9 53.7 53.1 52.4 53.7 54.1 53.9 52.9 0.00 0.00 0.00 0.00 0.00 0.00 0.00 0.00 
39.4 40.7 42.7 43.8 45.3 46.7 45.6 48.2 50.5 49.9 50.9 52.0 53.2 51.5 51.8 52.5 53.2 53.7 53.8 0.00 0.00 0.00 0.00 0.00 0.00 0.00 0.00 
39.6 41.5 43.4 45.0 45.6 45.6 47.1 46.3 47.5 50.0 50.7 52.5 53.2 50.9 51.1 53.1 54.0 54.4 54.4 0.00 0.00 0.00 0.00 0.00 0.00 0.00 0.00 
40.7 43.5 43.4 44.3 45.3 46.6 46.2 47.7 49.1 47.7 48.6 51.0 53.1 50.3 51.9 51.9 52.8 52.6 0.00 0.00 0.00 0.00 0.00 0.00 0.00 0.00 0.00 
41.0 44.0 45.4 46.7 47.7 48.0 47.6 49.0 51.4 50.2 49.1 50.8 53.6 53.0 0.00 0.00 0.00 0.00 0.00 0.00 0.00 0.00 0.00 0.00 0.00 0.00 0.00 
41.8 44.4 46.3 48.0 47.7 46.8 48.0 50.6 51.9 52.2 52.7 51.0 52.7 51.3 49.3 0.00 0.00 0.00 0.00 0.00 0.00 0.00 0.00 0.00 0.00 0.00 0.00 
