2016_CCC_ARR_IFD/catchment_depth_720min_99999aep.txt.asc
ncols         27
nrows         23
xllcorner     150.975
yllcorner     -33.6
cellsize      0.025
NODATA_value  -9999
20.0 19.8 20.5 20.9 20.5 20.0 19.9 20.4 20.9 21.9 23.1 23.4 23.3 24.5 24.6 25.1 24.1 23.4 23.7 24.1 24.3 24.8 25.2 25.3 25.5 25.7 25.8 
20.5 20.5 20.6 21.1 21.1 20.9 20.6 20.8 21.5 22.6 23.8 24.8 24.5 24.4 25.3 23.9 23.5 23.6 23.9 24.2 24.6 24.9 25.2 25.4 25.7 25.8 26.0 
20.1 20.7 21.3 21.3 21.1 21.2 21.2 21.3 22.4 23.0 23.8 24.4 24.1 23.6 25.0 25.7 24.6 24.0 24.3 24.5 24.8 25.1 25.4 25.6 25.9 26.1 26.3 
20.8 20.8 21.5 20.7 20.9 21.0 22.0 21.8 22.0 22.8 23.6 23.7 24.0 24.1 25.0 24.2 24.3 24.2 24.6 24.8 25.2 25.4 25.7 25.9 26.1 26.4 26.8 
20.8 20.8 21.5 20.7 21.2 21.5 22.0 22.3 23.1 24.2 23.7 23.2 24.4 23.8 24.6 24.1 24.7 24.6 25.0 25.3 25.6 25.8 26.0 26.2 26.4 26.8 26.9 
20.5 21.4 21.3 20.7 21.8 21.6 21.6 22.1 23.4 24.5 23.7 23.9 24.0 24.1 24.6 24.4 24.8 25.2 25.5 25.7 25.9 26.2 26.3 26.5 26.8 27.1 27.1 
20.1 20.9 20.8 21.0 22.0 21.6 22.2 22.7 23.7 24.9 24.2 24.1 23.8 25.1 24.8 24.7 25.2 25.7 26.0 26.1 26.3 26.5 26.7 26.8 27.1 27.4 27.7 
20.0 21.3 21.8 22.2 22.6 21.8 22.7 23.7 24.4 25.3 24.4 23.9 24.4 24.8 25.4 25.5 25.7 26.0 26.3 26.5 26.6 26.9 27.0 27.0 27.2 27.4 0.00 
20.4 21.6 21.9 22.6 22.5 22.5 22.6 24.3 24.4 25.5 25.9 25.1 24.9 25.1 25.6 25.8 26.1 26.4 26.7 26.9 27.1 27.1 27.2 27.3 27.4 27.5 0.00 
20.7 21.0 22.0 22.3 22.8 22.6 22.6 23.6 24.1 25.8 26.0 25.9 26.4 25.7 25.8 26.2 26.4 26.8 27.1 27.3 27.4 27.3 27.4 27.5 0.00 0.00 0.00 
20.7 21.0 21.5 21.4 23.0 22.8 23.3 24.4 25.1 26.3 26.9 25.8 25.8 26.9 26.5 26.8 26.8 27.1 27.4 27.4 27.4 27.5 27.7 27.9 27.9 0.00 0.00 
20.3 20.8 21.6 22.4 23.4 23.0 23.1 24.7 25.9 25.9 27.1 27.2 26.3 26.5 26.8 27.0 27.2 27.3 27.4 27.5 27.5 27.6 27.8 0.00 0.00 0.00 0.00 
20.5 21.3 22.0 22.9 23.3 23.1 23.1 25.0 25.9 25.6 27.0 27.1 27.6 26.5 26.8 26.9 27.1 27.5 27.4 27.5 27.6 27.7 0.00 0.00 0.00 0.00 0.00 
20.5 21.2 21.6 22.7 22.9 23.1 23.6 24.9 25.6 25.8 26.7 26.7 27.8 27.3 27.2 27.1 27.5 27.9 27.7 27.6 27.8 27.8 0.00 0.00 0.00 0.00 0.00 
20.2 20.8 21.4 22.4 23.2 23.8 23.6 24.4 25.8 25.6 26.2 27.1 27.8 27.2 26.9 27.2 27.6 28.0 28.2 27.8 28.2 0.00 0.00 0.00 0.00 0.00 0.00 
20.8 21.0 21.4 22.4 23.5 23.8 23.8 24.5 25.2 26.1 26.2 26.8 27.7 27.3 27.0 27.4 28.0 27.6 27.9 27.8 28.9 0.00 0.00 0.00 0.00 0.00 0.00 
21.1 21.3 21.5 22.1 23.0 24.2 24.4 24.2 25.7 26.3 26.4 26.4 27.5 27.3 26.9 27.2 27.4 27.6 27.5 27.6 0.00 0.00 0.00 0.00 0.00 0.00 0.00 
21.1 21.6 21.9 22.2 23.0 23.6 24.0 24.6 26.0 26.3 26.3 27.3 27.6 27.2 26.7 27.3 27.7 27.7 27.5 0.00 0.00 0.00 0.00 0.00 0.00 0.00 0.00 
21.2 21.7 22.6 23.1 23.8 24.5 24.4 25.4 26.3 26.4 26.7 27.1 27.6 26.6 26.7 27.0 27.4 27.7 27.9 0.00 0.00 0.00 0.00 0.00 0.00 0.00 0.00 
21.4 22.1 22.9 23.6 24.0 24.3 25.0 25.0 25.6 26.6 26.9 27.5 27.7 26.6 26.7 27.5 27.9 28.2 28.2 0.00 0.00 0.00 0.00 0.00 0.00 0.00 0.00 
21.9 22.9 23.0 23.5 24.0 24.6 24.9 25.6 26.3 25.9 26.2 27.1 27.8 26.6 27.2 27.2 27.6 27.6 0.00 0.00 0.00 0.00 0.00 0.00 0.00 0.00 0.00 
22.1 23.1 23.7 24.3 24.8 25.2 25.3 26.0 26.9 26.9 26.5 27.2 28.1 27.9 0.00 0.00 0.00 0.00 0.00 0.00 0.00 0.00 0.00 0.00 0.00 0.00 0.00 
22.4 23.4 24.1 24.8 24.8 24.8 25.5 26.5 27.1 27.4 27.7 27.3 27.9 27.4 26.5 0.00 0.00 0.00 0.00 0.00 0.00 0.00 0.00 0.00 0.00 0.00 0.00 
