2016_CCC_ARR_IFD/catchment_depth_2880min_00050aep.txt.asc
ncols         27
nrows         23
xllcorner     150.975
yllcorner     -33.6
cellsize      0.025
NODATA_value  -9999
472 471 496 510 500 487 483 505 527 562 601 615 620 652 661 677 670 664 680 695 703 716 728 726 723 721 718 
490 493 501 517 519 515 507 520 547 584 622 652 649 655 679 661 664 669 680 693 705 713 717 719 719 717 715 
481 501 522 525 521 526 528 535 574 597 624 644 644 640 676 695 684 683 689 696 703 708 710 713 717 716 714 
504 508 530 507 515 522 553 553 564 593 620 628 644 655 679 672 682 680 690 696 706 708 710 713 713 716 726 
507 509 531 510 527 539 556 568 597 631 625 617 655 647 675 669 688 683 692 702 705 706 706 709 711 718 718 
500 530 527 512 546 543 546 566 607 640 628 637 645 655 675 662 685 696 705 697 701 704 705 706 712 720 712 
489 514 512 522 556 546 565 586 619 654 643 643 633 683 678 661 681 699 702 699 699 702 704 704 710 719 727 
487 530 547 561 576 550 581 616 641 669 649 633 651 666 689 688 681 685 694 694 694 700 701 696 700 703 0.00 
501 542 551 576 571 573 576 636 643 679 694 673 664 667 687 683 681 686 688 693 695 693 692 692 695 694 0.00 
513 519 555 566 584 576 577 612 629 689 701 699 716 686 679 693 678 684 688 695 694 690 690 691 0.00 0.00 0.00 
511 523 538 536 591 581 599 639 663 708 727 691 688 726 707 711 690 686 686 688 688 688 691 693 694 0.00 0.00 
500 515 543 569 603 589 588 648 691 693 737 738 699 705 709 710 709 696 687 687 688 688 690 0.00 0.00 0.00 0.00 
506 533 556 586 599 591 586 657 688 674 726 728 745 695 703 700 695 702 690 688 688 688 0.00 0.00 0.00 0.00 0.00 
510 529 543 580 584 589 600 649 673 676 710 704 746 721 713 705 711 719 702 690 693 687 0.00 0.00 0.00 0.00 0.00 
500 518 533 568 593 610 598 624 675 663 682 713 737 712 702 706 713 720 720 700 708 0.00 0.00 0.00 0.00 0.00 0.00 
522 524 532 566 602 606 600 621 641 674 675 694 728 709 701 708 721 702 707 697 732 0.00 0.00 0.00 0.00 0.00 0.00 
532 537 536 553 578 622 622 604 657 677 673 672 708 701 696 700 699 699 688 684 0.00 0.00 0.00 0.00 0.00 0.00 0.00 
535 547 552 553 574 591 598 612 664 666 659 695 703 688 677 693 699 696 682 0.00 0.00 0.00 0.00 0.00 0.00 0.00 0.00 
536 552 577 591 608 625 607 639 667 654 664 675 691 662 665 673 682 688 688 0.00 0.00 0.00 0.00 0.00 0.00 0.00 0.00 
542 565 589 608 612 609 626 609 620 651 656 679 685 651 652 676 688 692 692 0.00 0.00 0.00 0.00 0.00 0.00 0.00 0.00 
559 593 590 600 610 622 611 625 639 616 623 651 678 638 657 657 667 664 0.00 0.00 0.00 0.00 0.00 0.00 0.00 0.00 0.00 
566 602 619 633 641 640 627 641 668 645 626 645 681 669 0.00 0.00 0.00 0.00 0.00 0.00 0.00 0.00 0.00 0.00 0.00 0.00 0.00 
580 612 632 650 640 621 630 660 671 669 670 642 664 643 615 0.00 0.00 0.00 0.00 0.00 0.00 0.00 0.00 0.00 0.00 0.00 0.00 
