2016_CCC_ARR_IFD/catchment_depth_3min_05000aep.txt.asc
ncols         27
nrows         23
xllcorner     150.975
yllcorner     -33.6
cellsize      0.025
NODATA_value  -9999
9.21 9.20 9.32 9.41 9.37 9.34 9.40 9.55 9.73 9.99 10.3 10.4 10.5 10.7 10.8 10.9 11.0 11.1 11.3 11.4 11.6 11.7 11.8 11.9 12.0 12.1 12.3 
9.27 9.28 9.35 9.46 9.50 9.53 9.55 9.69 9.90 10.2 10.4 10.5 10.7 10.8 10.9 11.0 11.1 11.3 11.4 11.5 11.7 11.8 11.9 12.0 12.1 12.2 12.3 
9.23 9.32 9.45 9.51 9.53 9.61 9.70 9.82 10.1 10.3 10.5 10.6 10.7 10.9 11.0 11.2 11.3 11.4 11.5 11.7 11.8 11.9 12.0 12.1 12.2 12.3 12.4 
9.32 9.35 9.49 9.41 9.51 9.62 9.87 9.96 10.1 10.3 10.6 10.7 10.9 11.0 11.2 11.3 11.4 11.6 11.7 11.8 11.9 12.0 12.1 12.2 12.3 12.4 12.5 
9.33 9.35 9.50 9.41 9.58 9.74 9.92 10.1 10.3 10.6 10.7 10.8 11.0 11.2 11.3 11.5 11.6 11.7 11.8 11.9 12.0 12.1 12.2 12.3 12.4 12.5 12.6 
9.30 9.47 9.49 9.42 9.72 9.79 9.95 10.2 10.4 10.7 10.8 11.0 11.2 11.4 11.5 11.7 11.8 11.9 12.0 12.1 12.1 12.2 12.3 12.4 12.5 12.6 12.6 
9.32 9.40 9.43 9.52 9.81 9.87 10.1 10.3 10.6 10.8 11.0 11.2 11.3 11.5 11.7 11.8 12.0 12.1 12.2 12.2 12.3 12.3 12.4 12.5 12.6 12.6 12.7 
9.36 9.51 9.64 9.79 9.95 9.98 10.2 10.5 10.7 10.9 11.1 11.3 11.5 11.7 11.9 12.0 12.2 12.3 12.4 12.4 12.4 12.5 12.5 12.6 12.6 12.7 0.00 
9.41 9.58 9.71 9.90 9.98 10.1 10.3 10.6 10.8 11.1 11.3 11.5 11.7 11.9 12.1 12.2 12.3 12.5 12.6 12.6 12.6 12.6 12.6 12.6 12.7 12.7 0.00 
9.48 9.57 9.76 9.91 10.1 10.2 10.4 10.7 10.9 11.2 11.4 11.6 11.8 12.0 12.2 12.3 12.5 12.7 12.8 12.8 12.7 12.7 12.7 12.7 0.00 0.00 0.00 
9.52 9.63 9.76 9.91 10.2 10.3 10.5 10.8 11.1 11.3 11.5 11.7 11.9 12.1 12.3 12.4 12.6 12.8 12.8 12.8 12.8 12.8 12.8 12.8 12.8 0.00 0.00 
9.57 9.68 9.83 10.0 10.3 10.4 10.5 10.9 11.2 11.4 11.7 11.8 12.0 12.2 12.4 12.5 12.7 12.8 12.9 12.9 12.9 12.9 12.9 0.00 0.00 0.00 0.00 
9.60 9.74 9.90 10.1 10.3 10.4 10.6 11.0 11.2 11.4 11.7 11.9 12.0 12.2 12.4 12.6 12.7 12.8 12.9 12.9 12.9 12.9 0.00 0.00 0.00 0.00 0.00 
9.64 9.76 9.91 10.1 10.3 10.5 10.7 11.0 11.2 11.4 11.7 11.9 12.1 12.3 12.5 12.6 12.8 12.8 12.9 12.9 12.9 12.9 0.00 0.00 0.00 0.00 0.00 
9.68 9.79 9.93 10.1 10.3 10.6 10.7 10.9 11.3 11.4 11.6 11.9 12.1 12.3 12.5 12.6 12.8 12.9 12.9 12.9 13.0 0.00 0.00 0.00 0.00 0.00 0.00 
9.69 9.81 9.96 10.1 10.4 10.6 10.7 10.9 11.2 11.4 11.6 11.9 12.1 12.3 12.4 12.6 12.7 12.8 12.9 12.9 13.0 0.00 0.00 0.00 0.00 0.00 0.00 
9.71 9.82 9.98 10.1 10.4 10.6 10.8 10.9 11.2 11.5 11.6 11.8 12.1 12.2 12.3 12.5 12.7 12.8 12.8 12.8 0.00 0.00 0.00 0.00 0.00 0.00 0.00 
9.73 9.86 10.0 10.2 10.4 10.5 10.7 10.9 11.3 11.4 11.5 11.8 12.0 12.1 12.2 12.4 12.6 12.7 12.7 0.00 0.00 0.00 0.00 0.00 0.00 0.00 0.00 
9.81 9.93 10.1 10.3 10.5 10.7 10.7 11.0 11.3 11.3 11.5 11.7 12.0 11.9 12.1 12.3 12.5 12.6 12.7 0.00 0.00 0.00 0.00 0.00 0.00 0.00 0.00 
9.86 10.0 10.2 10.4 10.5 10.6 10.8 10.8 11.0 11.3 11.5 11.7 11.9 11.9 12.0 12.3 12.5 12.6 12.7 0.00 0.00 0.00 0.00 0.00 0.00 0.00 0.00 
9.95 10.2 10.2 10.4 10.5 10.7 10.7 10.9 11.1 11.1 11.2 11.6 11.8 11.8 12.0 12.1 12.3 12.4 0.00 0.00 0.00 0.00 0.00 0.00 0.00 0.00 0.00 
9.98 10.2 10.4 10.5 10.7 10.8 10.8 11.0 11.2 11.2 11.2 11.5 11.8 11.9 0.00 0.00 0.00 0.00 0.00 0.00 0.00 0.00 0.00 0.00 0.00 0.00 0.00 
10.0 10.3 10.5 10.6 10.7 10.6 10.8 11.1 11.3 11.4 11.5 11.5 11.7 11.8 11.7 0.00 0.00 0.00 0.00 0.00 0.00 0.00 0.00 0.00 0.00 0.00 0.00 
