2016_CCC_ARR_IFD/catchment_depth_2880min_86466aep.txt.asc
ncols         27
nrows         23
xllcorner     150.975
yllcorner     -33.6
cellsize      0.025
NODATA_value  -9999
67.5 66.7 70.3 72.1 69.8 67.1 65.7 68.2 70.4 75.1 80.6 81.9 81.2 86.1 86.3 88.2 83.1 77.0 78.2 79.3 79.8 81.4 83.1 83.0 83.1 83.4 83.7 
70.4 70.3 71.0 73.1 72.7 71.6 69.4 70.5 73.8 79.0 84.4 88.8 86.8 86.2 89.9 82.6 79.8 78.1 78.3 79.2 80.5 81.6 82.5 83.0 83.5 83.9 84.3 
68.4 71.4 74.5 74.4 73.1 73.1 72.6 72.8 78.3 81.1 84.6 87.0 85.3 82.2 88.4 91.3 85.4 81.7 80.5 80.0 81.1 81.9 82.6 83.3 84.3 84.7 85.1 
72.3 72.4 75.7 71.0 71.7 72.2 76.8 75.5 76.3 80.3 83.9 83.6 84.9 84.9 88.4 84.0 84.0 81.1 81.4 81.4 82.6 83.0 83.7 84.4 84.9 85.8 87.5 
72.5 72.3 75.6 71.1 73.4 74.8 76.9 78.0 82.1 87.2 84.5 80.6 86.7 82.6 86.8 83.1 85.5 82.6 82.9 83.8 84.0 84.2 84.4 85.2 85.8 87.1 87.6 
70.9 75.7 74.6 71.1 76.4 75.1 74.5 76.9 83.7 88.7 84.2 84.2 84.0 84.2 86.5 82.3 85.0 85.9 86.4 84.4 84.8 85.3 85.7 86.0 87.2 88.5 87.8 
68.7 72.6 71.6 72.6 77.7 75.0 77.5 80.1 85.1 90.7 86.6 85.1 81.7 89.6 87.0 83.0 85.2 87.3 87.1 86.1 86.1 86.5 86.9 87.2 88.2 89.7 91.1 
68.3 75.0 77.3 79.1 80.9 75.5 79.9 85.0 88.7 92.6 87.3 83.2 85.0 86.6 89.4 88.1 86.2 86.2 87.2 86.9 86.8 87.6 88.0 87.5 88.2 88.8 0.00 
70.4 76.8 77.6 81.2 79.8 79.2 78.9 88.3 88.2 93.5 94.9 90.0 87.6 87.1 89.5 88.2 87.3 87.5 87.6 88.0 88.4 88.0 88.2 88.3 88.8 88.9 0.00 
72.2 72.8 78.2 79.2 81.6 79.6 79.0 84.0 85.8 94.5 95.5 94.2 96.1 90.7 89.0 90.5 87.9 88.4 88.7 89.6 89.5 89.0 89.1 89.5 0.00 0.00 0.00 
71.7 73.2 75.2 74.1 82.5 80.2 82.4 88.1 91.0 97.2 99.6 93.2 92.2 97.5 94.1 94.2 90.7 89.9 89.8 89.9 89.9 89.9 90.6 91.1 91.3 0.00 0.00 
69.6 71.8 75.8 79.5 84.4 81.5 80.7 89.4 95.3 94.9 101 100 94.5 94.9 95.2 95.0 94.5 92.4 91.0 90.9 90.9 91.0 91.5 0.00 0.00 0.00 0.00 
70.5 74.5 77.7 81.9 83.6 81.7 80.6 90.8 94.9 92.4 99.4 99.4 102 94.3 95.2 94.5 93.6 94.3 92.5 92.1 92.1 92.0 0.00 0.00 0.00 0.00 0.00 
70.9 73.6 75.4 80.9 81.1 81.4 82.7 89.6 92.9 93.1 97.6 96.6 102 98.7 97.5 96.3 96.9 97.8 95.3 93.4 93.8 92.9 0.00 0.00 0.00 0.00 0.00 
69.1 71.6 73.7 78.8 82.3 84.6 82.6 86.3 93.5 91.8 94.3 98.5 102 98.3 96.9 97.4 98.2 99.1 98.9 95.9 96.9 0.00 0.00 0.00 0.00 0.00 0.00 
72.2 72.4 73.5 78.4 83.6 84.0 83.0 86.2 89.1 93.7 93.9 96.5 101 98.8 98.0 98.8 100 97.5 98.0 96.3 101 0.00 0.00 0.00 0.00 0.00 0.00 
73.4 74.1 73.9 76.3 79.9 86.3 86.3 84.0 91.6 94.5 94.1 94.4 99.2 98.5 98.2 98.6 98.1 98.0 96.1 95.3 0.00 0.00 0.00 0.00 0.00 0.00 0.00 
73.5 75.3 76.0 76.2 79.3 81.9 83.1 85.3 92.9 93.5 92.8 98.0 99.3 97.7 96.0 98.3 99.0 98.4 96.1 0.00 0.00 0.00 0.00 0.00 0.00 0.00 0.00 
73.2 75.6 79.5 81.5 84.2 86.9 84.6 89.4 93.8 92.4 94.1 96.0 98.3 94.5 94.9 96.0 97.2 98.0 97.9 0.00 0.00 0.00 0.00 0.00 0.00 0.00 0.00 
73.6 77.3 80.9 83.9 84.8 84.6 87.5 85.6 87.7 92.5 93.6 97.1 98.2 93.4 93.5 97.2 98.8 99.3 99.1 0.00 0.00 0.00 0.00 0.00 0.00 0.00 0.00 
75.8 81.1 80.8 82.5 84.3 86.5 85.7 88.3 90.8 88.0 89.4 93.9 97.9 92.2 95.1 95.0 96.5 95.9 0.00 0.00 0.00 0.00 0.00 0.00 0.00 0.00 0.00 
76.5 82.1 84.7 87.2 88.9 89.4 88.3 90.9 95.3 92.8 90.5 93.7 98.9 97.4 0.00 0.00 0.00 0.00 0.00 0.00 0.00 0.00 0.00 0.00 0.00 0.00 0.00 
78.2 83.1 86.5 89.7 88.9 86.9 89.1 94.0 96.3 96.7 97.4 93.9 97.1 94.3 90.1 0.00 0.00 0.00 0.00 0.00 0.00 0.00 0.00 0.00 0.00 0.00 0.00 
