2016_CCC_ARR_IFD/catchment_depth_10080min_63212aep.txt.asc
ncols         27
nrows         23
xllcorner     150.975
yllcorner     -33.6
cellsize      0.025
NODATA_value  -9999
118 116 123 127 122 117 115 119 123 132 143 145 144 153 154 157 147 135 137 139 140 143 146 146 146 147 148 
123 123 124 128 128 125 121 123 129 139 150 158 154 153 160 146 140 137 137 139 141 143 145 146 147 148 149 
120 125 131 131 128 128 127 127 138 143 150 154 151 145 157 163 151 144 142 141 142 144 145 147 149 149 150 
127 127 133 124 125 126 135 132 134 141 148 148 150 150 157 149 149 143 143 143 146 146 147 149 150 151 155 
127 127 133 124 129 131 135 137 145 154 149 142 153 146 154 147 152 146 147 148 148 149 149 150 152 154 155 
124 133 131 124 134 132 130 135 147 157 148 149 148 149 153 146 151 152 153 149 150 151 151 152 154 157 156 
120 127 125 127 137 131 136 141 150 161 153 150 144 159 154 147 151 155 155 153 153 153 154 154 156 159 162 
119 132 136 139 143 132 140 150 157 164 154 147 150 154 159 157 153 153 155 154 154 155 156 155 156 158 0.00 
123 135 137 143 140 139 139 156 156 166 168 159 155 155 159 157 156 156 156 157 157 156 156 157 158 158 0.00 
127 128 138 140 144 140 139 148 152 168 169 167 171 162 159 162 157 158 158 160 159 158 158 159 0.00 0.00 0.00 
126 129 132 130 146 141 145 156 161 173 177 166 164 174 168 168 162 161 161 161 160 160 161 162 162 0.00 0.00 
122 126 133 140 149 144 142 158 169 168 179 178 168 169 170 170 169 166 163 163 163 163 163 0.00 0.00 0.00 0.00 
124 131 137 145 148 144 142 161 169 164 177 177 182 169 171 170 168 169 166 165 165 165 0.00 0.00 0.00 0.00 0.00 
125 130 133 143 143 144 146 159 165 166 174 172 183 177 175 173 174 176 171 168 168 166 0.00 0.00 0.00 0.00 0.00 
121 126 130 139 146 150 146 153 166 164 168 176 182 176 175 176 177 179 178 173 174 0.00 0.00 0.00 0.00 0.00 0.00 
127 127 129 138 148 149 147 153 159 167 168 173 181 178 177 178 181 176 177 173 183 0.00 0.00 0.00 0.00 0.00 0.00 
130 131 130 135 141 153 153 150 163 169 168 169 178 177 178 178 177 177 173 172 0.00 0.00 0.00 0.00 0.00 0.00 0.00 
130 133 134 135 141 145 148 152 166 167 166 176 178 176 174 178 179 178 173 0.00 0.00 0.00 0.00 0.00 0.00 0.00 0.00 
130 134 141 145 150 155 151 160 168 165 169 172 177 170 171 173 176 177 177 0.00 0.00 0.00 0.00 0.00 0.00 0.00 0.00 
131 137 144 149 151 151 156 153 157 166 168 174 177 168 169 176 179 180 179 0.00 0.00 0.00 0.00 0.00 0.00 0.00 0.00 
135 145 144 147 150 154 153 158 163 157 160 169 176 166 172 171 174 173 0.00 0.00 0.00 0.00 0.00 0.00 0.00 0.00 0.00 
136 147 152 156 159 160 158 163 171 166 162 168 178 176 0.00 0.00 0.00 0.00 0.00 0.00 0.00 0.00 0.00 0.00 0.00 0.00 0.00 
140 149 155 161 159 155 159 169 173 174 175 169 175 170 162 0.00 0.00 0.00 0.00 0.00 0.00 0.00 0.00 0.00 0.00 0.00 0.00 
