2016_CCC_ARR_IFD/catchment_depth_2160min_00050aep.txt.asc
ncols         27
nrows         23
xllcorner     150.975
yllcorner     -33.6
cellsize      0.025
NODATA_value  -9999
422 423 443 457 450 440 437 457 476 507 540 553 559 586 595 609 606 603 618 632 640 653 663 663 662 661 660 
437 440 448 463 465 464 458 470 494 526 558 583 582 589 609 597 600 607 618 631 642 650 655 657 658 658 657 
429 447 465 470 468 473 476 483 516 537 560 578 579 578 608 625 618 617 625 633 640 645 648 652 656 657 656 
449 453 473 454 462 470 497 498 509 535 558 566 581 590 611 606 615 616 626 632 642 645 648 651 653 656 665 
451 454 473 457 472 484 500 511 537 566 563 557 590 584 608 604 621 619 627 638 641 643 644 648 651 657 658 
445 472 470 459 489 488 492 509 546 574 565 574 582 591 609 599 619 629 638 633 638 642 643 645 651 658 652 
437 459 458 467 497 490 508 526 556 586 578 579 571 615 611 599 617 632 636 635 637 640 642 643 649 657 664 
435 471 487 500 514 494 521 551 575 599 584 571 586 601 621 621 617 622 631 631 632 638 639 636 640 643 0.00 
446 481 490 512 510 512 516 569 576 608 621 604 598 601 619 618 618 623 626 630 633 631 632 632 635 635 0.00 
456 463 494 504 521 515 517 549 564 616 627 627 642 617 613 625 615 621 626 632 632 629 629 630 0.00 0.00 0.00 
455 466 479 479 526 519 535 571 593 632 649 620 618 651 636 640 624 623 624 626 626 626 630 632 633 0.00 0.00 
445 459 483 507 537 526 526 578 616 619 658 659 627 633 638 639 639 630 624 625 625 626 628 0.00 0.00 0.00 0.00 
450 474 494 520 533 528 524 586 614 602 648 651 666 624 631 630 627 634 625 624 625 625 0.00 0.00 0.00 0.00 0.00 
453 471 483 516 520 525 536 578 601 604 634 629 666 646 639 633 639 647 634 625 628 624 0.00 0.00 0.00 0.00 0.00 
445 461 475 505 527 544 534 558 602 593 609 637 658 637 628 633 640 648 648 632 639 0.00 0.00 0.00 0.00 0.00 0.00 
464 466 474 504 535 540 536 555 573 602 603 620 650 634 626 634 646 631 636 628 659 0.00 0.00 0.00 0.00 0.00 0.00 
472 477 478 493 515 553 554 541 586 605 601 601 633 626 621 626 626 627 619 617 0.00 0.00 0.00 0.00 0.00 0.00 0.00 
474 485 491 494 512 528 534 547 592 595 589 621 629 615 605 619 626 624 613 0.00 0.00 0.00 0.00 0.00 0.00 0.00 0.00 
476 490 512 525 541 556 542 570 595 585 594 604 617 592 594 602 611 617 618 0.00 0.00 0.00 0.00 0.00 0.00 0.00 0.00 
482 502 523 540 545 543 559 545 556 583 587 607 613 582 583 605 616 621 621 0.00 0.00 0.00 0.00 0.00 0.00 0.00 0.00 
497 525 525 533 543 554 546 559 572 552 559 583 607 571 588 588 598 596 0.00 0.00 0.00 0.00 0.00 0.00 0.00 0.00 0.00 
503 534 549 561 570 570 560 572 596 577 561 578 609 599 0.00 0.00 0.00 0.00 0.00 0.00 0.00 0.00 0.00 0.00 0.00 0.00 0.00 
515 543 560 576 569 554 563 588 598 597 599 575 594 576 552 0.00 0.00 0.00 0.00 0.00 0.00 0.00 0.00 0.00 0.00 0.00 0.00 
