2016_CCC_ARR_IFD/catchment_depth_1080min_02000aep.txt.asc
ncols         27
nrows         23
xllcorner     150.975
yllcorner     -33.6
cellsize      0.025
NODATA_value  -9999
158 158 165 170 167 164 164 170 176 187 199 204 205 215 218 223 218 211 215 220 223 228 233 233 234 236 237 
163 164 167 172 173 173 171 175 183 195 206 215 215 216 224 215 212 212 215 219 223 227 230 232 234 235 236 
161 167 174 175 175 177 178 180 192 199 208 214 214 211 223 230 223 218 219 220 223 226 229 231 234 236 237 
168 170 177 171 174 176 186 186 190 199 208 210 214 217 225 219 220 218 220 222 226 228 230 232 234 236 241 
169 171 178 172 178 182 188 192 201 212 210 206 218 213 223 218 224 221 223 226 228 229 230 233 235 238 239 
168 177 177 173 184 184 185 191 205 216 211 213 215 218 224 218 224 227 229 227 229 231 232 233 236 240 239 
166 174 174 177 188 185 192 198 209 221 217 216 212 228 226 220 225 230 231 230 231 232 233 234 237 241 244 
166 179 184 189 195 187 197 209 217 226 220 214 219 224 231 230 228 229 232 232 232 234 235 234 236 237 0.00 
171 183 186 194 194 195 196 216 218 230 235 228 225 225 231 230 230 232 233 234 235 234 234 234 235 236 0.00 
175 177 188 192 199 197 198 209 215 234 238 237 242 233 230 235 232 234 236 237 237 235 235 235 0.00 0.00 0.00 
175 179 184 184 201 199 205 218 226 240 247 235 234 247 241 242 236 237 237 237 236 236 237 237 238 0.00 0.00 
173 178 186 195 206 202 202 222 235 237 250 251 239 241 242 242 243 240 238 238 237 237 238 0.00 0.00 0.00 0.00 
175 184 191 200 205 204 203 225 235 231 248 249 255 238 241 240 239 242 239 238 238 238 0.00 0.00 0.00 0.00 0.00 
177 183 188 200 202 204 208 223 231 233 244 242 255 247 245 242 244 247 243 239 240 238 0.00 0.00 0.00 0.00 0.00 
175 181 186 197 205 211 208 216 233 229 236 246 253 245 241 242 246 248 249 243 245 0.00 0.00 0.00 0.00 0.00 0.00 
181 183 186 197 208 211 209 216 223 234 234 240 251 245 240 243 249 243 245 242 254 0.00 0.00 0.00 0.00 0.00 0.00 
184 187 188 194 202 216 217 211 229 235 234 233 246 242 238 241 241 242 239 238 0.00 0.00 0.00 0.00 0.00 0.00 0.00 
186 190 193 194 201 207 210 214 232 233 230 242 245 239 234 240 243 242 238 0.00 0.00 0.00 0.00 0.00 0.00 0.00 0.00 
188 193 201 206 212 219 213 224 233 229 233 236 242 230 231 234 238 241 241 0.00 0.00 0.00 0.00 0.00 0.00 0.00 0.00 
190 198 205 212 215 214 220 215 219 230 231 239 241 228 228 237 242 243 243 0.00 0.00 0.00 0.00 0.00 0.00 0.00 0.00 
196 207 207 211 214 219 216 221 226 218 220 231 240 225 232 232 235 234 0.00 0.00 0.00 0.00 0.00 0.00 0.00 0.00 0.00 
198 210 216 221 225 225 222 227 236 229 222 229 242 238 0.00 0.00 0.00 0.00 0.00 0.00 0.00 0.00 0.00 0.00 0.00 0.00 0.00 
203 214 221 227 225 219 223 234 238 238 239 229 237 230 219 0.00 0.00 0.00 0.00 0.00 0.00 0.00 0.00 0.00 0.00 0.00 0.00 
