2016_CCC_ARR_IFD/catchment_depth_8640min_00100aep.txt.asc
ncols         27
nrows         23
xllcorner     150.975
yllcorner     -33.6
cellsize      0.025
NODATA_value  -9999
482 477 503 517 503 486 479 500 522 558 601 616 618 655 663 680 664 650 666 681 689 704 717 716 714 712 709 
505 504 509 526 524 518 506 518 545 585 627 663 654 657 686 657 657 659 669 682 694 703 708 710 711 710 709 
493 514 536 536 528 530 530 536 576 599 629 650 646 639 680 703 684 681 682 687 695 700 703 707 712 707 706 
522 523 547 514 521 527 559 556 566 596 624 631 647 657 684 673 683 677 686 690 701 703 707 710 706 710 722 
526 524 548 518 535 547 563 574 603 640 630 620 660 650 680 672 693 684 691 702 704 705 705 705 708 716 717 
517 550 543 521 557 552 553 572 616 650 634 643 651 661 682 666 691 702 710 699 703 707 703 704 712 721 712 
505 532 526 535 569 555 575 595 629 667 652 652 640 693 687 667 689 707 710 704 705 708 705 706 714 724 733 
505 551 568 581 595 561 593 629 656 685 661 643 661 678 702 699 691 693 703 702 702 708 706 701 706 707 0.00 
522 568 573 599 591 589 591 655 659 697 712 688 679 681 702 697 694 697 699 704 707 704 699 700 701 701 0.00 
537 542 580 588 606 595 594 631 648 711 723 718 736 704 697 711 693 698 701 709 709 704 700 702 0.00 0.00 0.00 
536 547 562 555 615 601 619 662 687 735 755 713 709 750 730 733 709 704 703 705 705 705 705 708 707 0.00 0.00 
523 539 568 596 632 612 609 673 720 720 768 767 724 730 735 736 734 718 708 708 708 708 711 0.00 0.00 0.00 0.00 
531 561 585 616 629 615 608 685 719 701 758 759 778 723 732 729 723 729 715 712 712 711 0.00 0.00 0.00 0.00 0.00 
536 557 570 610 612 614 624 677 704 705 742 735 779 752 745 738 743 751 732 718 720 713 0.00 0.00 0.00 0.00 0.00 
524 543 558 597 623 639 623 651 707 694 714 747 771 745 739 743 749 755 754 732 739 0.00 0.00 0.00 0.00 0.00 0.00 
551 550 558 595 634 635 625 649 670 707 708 727 763 745 744 749 759 739 743 730 768 0.00 0.00 0.00 0.00 0.00 0.00 
562 566 562 579 605 653 651 630 688 709 704 707 743 739 742 745 739 738 724 719 0.00 0.00 0.00 0.00 0.00 0.00 0.00 
565 578 581 577 600 617 623 637 695 697 690 730 739 729 720 736 740 735 719 0.00 0.00 0.00 0.00 0.00 0.00 0.00 0.00 
564 582 610 622 640 657 632 667 700 683 695 708 726 700 704 712 721 727 727 0.00 0.00 0.00 0.00 0.00 0.00 0.00 0.00 
570 597 622 642 645 636 654 633 645 680 685 712 720 685 687 714 726 731 730 0.00 0.00 0.00 0.00 0.00 0.00 0.00 0.00 
588 628 622 631 639 651 636 651 665 640 649 681 712 670 691 692 703 701 0.00 0.00 0.00 0.00 0.00 0.00 0.00 0.00 0.00 
595 638 654 669 677 674 656 670 702 672 651 674 715 703 0.00 0.00 0.00 0.00 0.00 0.00 0.00 0.00 0.00 0.00 0.00 0.00 0.00 
611 647 670 690 676 650 660 694 706 702 704 671 696 673 644 0.00 0.00 0.00 0.00 0.00 0.00 0.00 0.00 0.00 0.00 0.00 0.00 
