2016_CCC_ARR_IFD/catchment_depth_45min_10000aep.txt.asc
ncols         27
nrows         23
xllcorner     150.975
yllcorner     -33.6
cellsize      0.025
NODATA_value  -9999
37.2 37.1 37.6 38.0 37.8 37.6 37.7 38.4 39.1 40.2 41.3 41.9 42.2 43.0 43.5 44.0 44.3 44.7 45.3 45.8 46.3 46.8 47.3 47.7 48.2 48.6 49.0 
37.5 37.5 37.7 38.2 38.3 38.3 38.3 38.9 39.7 40.9 41.9 42.6 42.9 43.3 43.9 44.1 44.6 45.1 45.6 46.1 46.6 47.1 47.5 48.0 48.4 48.8 49.2 
37.3 37.7 38.2 38.4 38.4 38.7 38.9 39.3 40.5 41.3 42.1 42.7 43.1 43.4 44.2 44.8 45.2 45.6 46.0 46.4 46.9 47.3 47.8 48.2 48.7 49.1 49.5 
37.7 37.8 38.4 37.9 38.2 38.6 39.6 39.9 40.5 41.4 42.3 42.8 43.4 43.9 44.6 45.0 45.6 46.0 46.4 46.8 47.3 47.7 48.1 48.5 48.9 49.3 49.8 
37.8 37.8 38.4 37.9 38.5 39.1 39.8 40.4 41.3 42.3 42.6 42.9 43.9 44.3 45.0 45.5 46.1 46.5 46.9 47.3 47.6 48.0 48.3 48.7 49.1 49.5 49.9 
37.7 38.3 38.3 37.9 39.1 39.3 39.8 40.5 41.8 42.8 43.0 43.6 44.2 44.8 45.5 45.9 46.6 47.0 47.5 47.6 47.9 48.3 48.6 49.0 49.4 49.8 50.1 
37.7 38.0 38.1 38.4 39.4 39.5 40.3 41.1 42.2 43.2 43.5 44.1 44.6 45.5 46.0 46.4 47.0 47.5 47.9 48.1 48.3 48.6 48.9 49.2 49.6 50.0 50.4 
38.0 38.5 39.0 39.5 40.1 39.9 40.8 42.0 42.9 43.7 44.0 44.4 45.2 45.9 46.6 47.1 47.5 48.0 48.4 48.6 48.8 49.0 49.2 49.4 49.8 50.1 0.00 
38.2 38.9 39.2 40.0 40.2 40.6 41.1 42.6 43.1 44.2 44.8 45.2 45.7 46.3 47.0 47.5 48.0 48.5 48.9 49.1 49.2 49.3 49.5 49.7 49.9 50.2 0.00 
38.5 38.8 39.5 40.0 40.6 40.9 41.4 42.4 43.2 44.6 45.3 45.8 46.4 46.8 47.4 48.0 48.5 49.0 49.4 49.6 49.6 49.7 49.7 49.9 0.00 0.00 0.00 
38.7 39.1 39.5 39.9 41.0 41.3 42.0 43.1 44.0 45.2 45.9 46.0 46.6 47.4 47.8 48.4 48.9 49.4 49.8 49.8 49.9 49.9 50.0 50.1 50.3 0.00 0.00 
38.9 39.3 39.8 40.5 41.4 41.6 42.1 43.5 44.6 45.2 46.4 46.9 46.9 47.6 48.2 48.7 49.2 49.6 49.8 50.0 50.1 50.2 50.3 0.00 0.00 0.00 0.00 
39.1 39.6 40.2 40.9 41.5 41.9 42.3 43.8 44.8 45.1 46.4 46.9 47.5 47.7 48.4 48.9 49.3 49.8 50.0 50.1 50.3 50.4 0.00 0.00 0.00 0.00 0.00 
39.3 39.7 40.2 41.0 41.5 42.0 42.7 43.9 44.8 45.3 46.3 46.8 47.7 48.1 48.6 49.1 49.6 50.0 50.2 50.3 50.5 50.5 0.00 0.00 0.00 0.00 0.00 
39.4 39.8 40.3 41.0 41.8 42.5 42.8 43.7 44.9 45.3 46.1 47.0 47.8 48.2 48.7 49.3 49.8 50.2 50.5 50.5 50.8 0.00 0.00 0.00 0.00 0.00 0.00 
39.6 40.0 40.5 41.1 42.0 42.6 43.0 43.7 44.5 45.6 46.1 46.9 47.8 48.3 48.9 49.4 49.9 50.1 50.4 50.5 51.0 0.00 0.00 0.00 0.00 0.00 0.00 
39.7 40.1 40.6 41.2 41.9 42.9 43.4 43.6 44.9 45.7 46.1 46.7 47.7 48.2 48.6 49.3 49.7 50.1 50.2 50.4 0.00 0.00 0.00 0.00 0.00 0.00 0.00 
39.9 40.3 40.8 41.3 41.9 42.6 43.1 43.7 45.0 45.6 46.0 47.1 47.7 48.1 48.3 49.2 49.8 50.1 50.1 0.00 0.00 0.00 0.00 0.00 0.00 0.00 0.00 
40.2 40.6 41.3 41.8 42.5 43.2 43.2 44.2 45.2 45.4 46.1 46.8 47.6 47.6 48.1 48.8 49.4 50.0 50.3 0.00 0.00 0.00 0.00 0.00 0.00 0.00 0.00 
40.4 40.9 41.6 42.2 42.7 43.0 43.6 43.7 44.3 45.4 46.0 46.9 47.6 47.4 47.9 48.9 49.5 50.0 50.3 0.00 0.00 0.00 0.00 0.00 0.00 0.00 0.00 
40.7 41.4 41.7 42.2 42.7 43.2 43.4 44.0 44.7 44.7 45.4 46.5 47.5 47.3 48.2 48.6 49.2 49.5 0.00 0.00 0.00 0.00 0.00 0.00 0.00 0.00 0.00 
40.8 41.7 42.2 42.8 43.3 43.6 43.7 44.4 45.4 45.3 45.5 46.5 47.6 47.9 0.00 0.00 0.00 0.00 0.00 0.00 0.00 0.00 0.00 0.00 0.00 0.00 0.00 
41.1 41.9 42.5 43.1 43.3 43.3 43.8 44.9 45.5 46.0 46.5 46.5 47.4 47.6 47.5 0.00 0.00 0.00 0.00 0.00 0.00 0.00 0.00 0.00 0.00 0.00 0.00 
