2016_CCC_ARR_IFD/catchment_depth_3min_01000aep.txt.asc
ncols         27
nrows         23
xllcorner     150.975
yllcorner     -33.6
cellsize      0.025
NODATA_value  -9999
12.5 12.5 12.7 12.8 12.8 12.9 13.0 13.2 13.5 13.9 14.3 14.5 14.7 14.9 15.1 15.3 15.5 15.5 15.7 16.0 16.2 16.4 16.6 16.7 16.9 17.0 17.2 
12.6 12.6 12.7 12.9 13.0 13.1 13.2 13.5 13.8 14.2 14.5 14.7 14.9 15.1 15.3 15.5 15.5 15.8 16.0 16.2 16.4 16.6 16.7 16.9 17.1 17.2 17.3 
12.5 12.7 12.9 13.0 13.1 13.3 13.5 13.7 14.1 14.4 14.7 14.9 15.1 15.3 15.6 15.7 16.0 16.1 16.2 16.4 16.6 16.8 16.9 17.1 17.2 17.4 17.5 
12.7 12.8 13.0 12.9 13.1 13.3 13.7 13.9 14.2 14.6 14.9 15.1 15.4 15.6 15.8 16.1 16.3 16.4 16.5 16.6 16.8 17.0 17.1 17.3 17.4 17.6 17.7 
12.7 12.8 13.0 12.9 13.2 13.5 13.8 14.1 14.5 14.9 15.1 15.4 15.7 16.0 16.2 16.4 16.6 16.7 16.8 17.0 17.1 17.2 17.3 17.5 17.6 17.8 17.9 
12.7 13.0 13.0 12.9 13.4 13.6 13.8 14.2 14.7 15.1 15.4 15.7 16.0 16.3 16.6 16.7 17.0 17.1 17.2 17.2 17.3 17.4 17.6 17.7 17.8 18.0 18.0 
12.7 12.8 12.9 13.1 13.6 13.7 14.1 14.5 14.9 15.3 15.6 16.0 16.3 16.6 17.0 17.0 17.3 17.5 17.6 17.6 17.6 17.7 17.8 17.9 18.0 18.1 18.2 
12.7 13.0 13.3 13.5 13.8 13.8 14.3 14.8 15.2 15.5 15.9 16.2 16.7 17.1 17.3 17.5 17.6 17.7 17.8 17.9 17.9 18.0 18.1 18.1 18.2 18.2 0.00 
12.8 13.2 13.4 13.7 13.9 14.1 14.4 15.0 15.4 15.8 16.1 16.5 17.0 17.3 17.6 17.7 17.9 18.0 18.1 18.2 18.2 18.2 18.2 18.2 18.3 18.3 0.00 
12.9 13.1 13.5 13.7 14.0 14.2 14.5 15.0 15.4 16.0 16.4 16.7 17.0 17.5 17.7 18.0 18.0 18.3 18.4 18.5 18.4 18.4 18.4 18.4 0.00 0.00 0.00 
13.0 13.2 13.5 13.6 14.2 14.3 14.7 15.3 15.7 16.2 16.5 16.9 17.2 17.5 17.9 18.1 18.3 18.5 18.6 18.6 18.5 18.5 18.6 18.6 18.6 0.00 0.00 
13.0 13.2 13.5 13.9 14.3 14.5 14.7 15.4 15.9 16.3 16.7 17.0 17.3 17.7 17.9 18.2 18.4 18.5 18.6 18.6 18.6 18.6 18.6 0.00 0.00 0.00 0.00 
13.1 13.4 13.7 14.1 14.4 14.5 14.8 15.5 16.0 16.2 16.7 17.0 17.3 17.6 18.0 18.2 18.3 18.6 18.5 18.6 18.6 18.6 0.00 0.00 0.00 0.00 0.00 
13.1 13.4 13.6 14.1 14.3 14.6 14.9 15.5 15.9 16.2 16.7 17.0 17.3 17.7 18.0 18.2 18.4 18.6 18.6 18.5 18.7 18.6 0.00 0.00 0.00 0.00 0.00 
13.1 13.4 13.6 14.0 14.4 14.7 14.9 15.3 15.9 16.2 16.6 17.0 17.3 17.6 17.8 18.1 18.4 18.6 18.7 18.6 18.7 0.00 0.00 0.00 0.00 0.00 0.00 
13.2 13.4 13.6 14.0 14.5 14.7 14.9 15.3 15.7 16.2 16.5 16.9 17.3 17.5 17.8 18.0 18.3 18.3 18.5 18.5 18.7 0.00 0.00 0.00 0.00 0.00 0.00 
13.2 13.4 13.6 13.9 14.3 14.8 15.0 15.0 15.8 16.1 16.3 16.6 17.1 17.4 17.4 17.8 18.0 18.2 18.2 18.2 0.00 0.00 0.00 0.00 0.00 0.00 0.00 
13.3 13.5 13.7 13.9 14.2 14.5 14.7 15.0 15.8 16.0 16.1 16.7 17.0 17.1 17.1 17.6 17.9 18.1 18.0 0.00 0.00 0.00 0.00 0.00 0.00 0.00 0.00 
13.3 13.6 13.9 14.2 14.5 14.8 14.8 15.3 15.8 15.8 16.1 16.4 16.8 16.6 16.9 17.2 17.6 17.8 18.0 0.00 0.00 0.00 0.00 0.00 0.00 0.00 0.00 
13.4 13.7 14.0 14.3 14.5 14.6 14.9 14.8 15.1 15.6 15.9 16.4 16.7 16.4 16.6 17.2 17.5 17.7 17.8 0.00 0.00 0.00 0.00 0.00 0.00 0.00 0.00 
13.5 13.9 14.0 14.2 14.5 14.7 14.7 15.0 15.3 15.1 15.4 15.9 16.5 16.2 16.6 16.8 17.1 17.2 0.00 0.00 0.00 0.00 0.00 0.00 0.00 0.00 0.00 
13.5 14.0 14.3 14.5 14.8 14.9 14.8 15.1 15.6 15.4 15.3 15.8 16.5 16.5 0.00 0.00 0.00 0.00 0.00 0.00 0.00 0.00 0.00 0.00 0.00 0.00 0.00 
13.6 14.0 14.4 14.7 14.7 14.6 14.8 15.3 15.6 15.7 15.9 15.7 16.2 16.1 15.9 0.00 0.00 0.00 0.00 0.00 0.00 0.00 0.00 0.00 0.00 0.00 0.00 
