2016_CCC_ARR_IFD/catchment_depth_2160min_99752aep.txt.asc
ncols         27
nrows         23
xllcorner     150.975
yllcorner     -33.6
cellsize      0.025
NODATA_value  -9999
34.3 33.9 35.5 36.4 35.3 34.0 33.4 34.5 35.5 37.6 40.2 40.8 40.4 42.8 42.9 43.9 41.3 38.7 39.4 40.0 40.5 41.4 42.3 42.5 42.7 43.1 43.4 
35.6 35.5 35.8 36.8 36.6 36.0 35.0 35.5 37.0 39.3 41.9 44.1 43.0 42.8 44.6 40.9 39.5 39.1 39.5 40.1 40.9 41.5 42.1 42.6 43.0 43.3 43.7 
34.6 36.0 37.4 37.3 36.7 36.7 36.4 36.5 39.0 40.3 41.9 43.0 42.2 40.7 43.7 45.2 42.2 40.4 40.4 40.5 41.2 41.8 42.3 42.8 43.4 43.8 44.1 
36.3 36.4 37.9 35.7 36.0 36.2 38.3 37.7 38.0 39.8 41.4 41.3 41.9 41.9 43.6 41.4 41.3 40.4 40.9 41.2 41.9 42.3 42.8 43.3 43.8 44.3 45.2 
36.4 36.3 37.7 35.7 36.8 37.4 38.3 38.8 40.6 42.9 41.6 39.9 42.7 40.7 42.7 41.0 42.1 41.2 41.6 42.3 42.6 42.9 43.2 43.8 44.3 45.0 45.3 
35.6 37.8 37.3 35.7 38.1 37.5 37.3 38.3 41.3 43.6 41.5 41.5 41.4 41.5 42.5 41.0 42.1 42.6 43.1 42.7 43.1 43.6 43.9 44.3 44.9 45.7 45.5 
34.6 36.4 35.9 36.4 38.6 37.5 38.6 39.7 41.9 44.5 42.6 41.9 40.6 44.0 42.9 41.5 42.5 43.5 43.7 43.6 43.8 44.2 44.6 44.9 45.5 46.3 47.0 
34.3 37.4 38.4 39.3 40.0 37.7 39.6 41.9 43.5 45.3 42.9 41.3 42.1 42.8 44.0 43.6 43.2 43.4 44.0 44.1 44.3 44.9 45.2 45.2 45.6 46.0 0.00 
35.3 38.2 38.5 40.2 39.5 39.3 39.2 43.3 43.3 45.6 46.3 44.2 43.3 43.2 44.3 44.0 43.9 44.2 44.4 44.8 45.2 45.2 45.4 45.7 46.0 46.2 0.00 
36.0 36.3 38.8 39.2 40.3 39.5 39.3 41.5 42.3 46.1 46.5 46.1 47.0 44.8 44.3 45.1 44.4 44.8 45.1 45.6 45.8 45.8 46.0 46.4 0.00 0.00 0.00 
35.8 36.5 37.4 37.0 40.7 39.7 40.8 43.2 44.5 47.3 48.4 45.7 45.4 47.7 46.5 46.7 45.6 45.6 45.7 45.9 46.1 46.2 46.7 47.2 47.4 0.00 0.00 
34.8 35.8 37.6 39.3 41.5 40.3 40.0 43.8 46.4 46.3 48.8 48.8 46.5 46.8 47.1 47.2 47.2 46.6 46.3 46.4 46.6 46.8 47.1 0.00 0.00 0.00 0.00 
35.1 36.9 38.4 40.3 41.1 40.4 40.0 44.5 46.3 45.3 48.4 48.5 49.6 46.7 47.2 47.2 47.0 47.5 46.9 46.9 47.1 47.2 0.00 0.00 0.00 0.00 0.00 
35.3 36.5 37.4 39.9 40.0 40.3 41.0 44.0 45.5 45.7 47.7 47.4 49.9 48.6 48.3 48.0 48.4 49.0 48.1 47.5 47.8 47.6 0.00 0.00 0.00 0.00 0.00 
34.4 35.6 36.6 39.0 40.6 41.7 40.9 42.7 45.8 45.2 46.4 48.3 49.7 48.5 48.1 48.5 49.0 49.5 49.6 48.6 49.1 0.00 0.00 0.00 0.00 0.00 0.00 
35.7 35.9 36.5 38.8 41.2 41.5 41.2 42.7 44.0 46.2 46.4 47.6 49.6 48.8 48.6 49.1 49.9 48.9 49.3 48.7 51.0 0.00 0.00 0.00 0.00 0.00 0.00 
36.2 36.6 36.7 37.9 39.6 42.5 42.6 41.8 45.2 46.6 46.5 46.8 48.9 48.8 48.7 49.1 49.0 49.1 48.5 48.3 0.00 0.00 0.00 0.00 0.00 0.00 0.00 
36.2 37.1 37.6 37.8 39.4 40.7 41.4 42.5 45.8 46.2 46.1 48.4 49.1 48.5 47.8 49.0 49.4 49.3 48.4 0.00 0.00 0.00 0.00 0.00 0.00 0.00 0.00 
36.2 37.3 39.1 40.2 41.5 42.8 42.0 44.3 46.3 45.9 46.8 47.7 48.7 47.1 47.4 48.0 48.7 49.1 49.2 0.00 0.00 0.00 0.00 0.00 0.00 0.00 0.00 
36.4 38.1 39.8 41.2 41.8 41.9 43.4 42.7 43.8 46.1 46.6 48.2 48.8 46.7 46.8 48.6 49.4 49.7 49.8 0.00 0.00 0.00 0.00 0.00 0.00 0.00 0.00 
37.4 39.8 39.8 40.7 41.6 42.8 42.6 44.0 45.3 44.1 44.8 46.9 48.7 46.2 47.6 47.6 48.4 48.2 0.00 0.00 0.00 0.00 0.00 0.00 0.00 0.00 0.00 
37.7 40.3 41.6 42.8 43.7 44.1 43.8 45.1 47.1 46.3 45.3 46.8 49.1 48.6 0.00 0.00 0.00 0.00 0.00 0.00 0.00 0.00 0.00 0.00 0.00 0.00 0.00 
38.5 40.8 42.4 43.9 43.7 43.0 44.2 46.4 47.6 47.9 48.3 46.9 48.4 47.2 45.3 0.00 0.00 0.00 0.00 0.00 0.00 0.00 0.00 0.00 0.00 0.00 0.00 
