2016_CCC_ARR_IFD/catchment_depth_4min_63212aep.txt.asc
ncols         27
nrows         23
xllcorner     150.975
yllcorner     -33.6
cellsize      0.025
NODATA_value  -9999
5.33 5.31 5.34 5.37 5.33 5.29 5.29 5.34 5.40 5.51 5.64 5.69 5.71 5.81 5.84 5.90 5.88 5.95 6.01 6.07 6.13 6.18 6.23 6.29 6.34 6.39 6.44 
5.37 5.36 5.37 5.40 5.40 5.39 5.38 5.42 5.49 5.60 5.72 5.80 5.81 5.83 5.91 5.87 5.91 6.00 6.07 6.13 6.19 6.24 6.29 6.34 6.39 6.43 6.48 
5.37 5.39 5.43 5.44 5.43 5.45 5.46 5.48 5.59 5.66 5.74 5.81 5.81 5.81 5.92 5.99 5.98 6.02 6.12 6.19 6.25 6.30 6.35 6.39 6.43 6.48 6.52 
5.41 5.42 5.46 5.43 5.45 5.47 5.55 5.56 5.59 5.68 5.76 5.79 5.84 5.88 5.96 5.96 6.01 6.11 6.18 6.25 6.31 6.36 6.40 6.44 6.48 6.52 6.56 
5.43 5.44 5.48 5.46 5.50 5.53 5.58 5.62 5.70 5.80 5.80 5.79 5.90 5.90 5.98 6.01 6.07 6.17 6.25 6.31 6.37 6.41 6.45 6.49 6.53 6.56 6.60 
5.44 5.49 5.50 5.50 5.56 5.57 5.60 5.65 5.76 5.86 5.83 5.87 5.90 5.95 6.02 6.10 6.14 6.21 6.28 6.38 6.43 6.47 6.51 6.54 6.57 6.60 6.64 
5.46 5.49 5.51 5.54 5.61 5.61 5.66 5.72 5.81 5.92 5.90 5.91 5.95 6.04 6.06 6.17 6.23 6.28 6.36 6.44 6.49 6.53 6.55 6.58 6.61 6.64 6.68 
5.48 5.53 5.57 5.62 5.67 5.65 5.72 5.81 5.89 5.98 5.94 5.93 5.99 6.05 6.12 6.19 6.30 6.38 6.44 6.50 6.54 6.57 6.60 6.62 6.65 6.68 0.00 
5.50 5.56 5.60 5.66 5.68 5.71 5.74 5.89 5.92 6.03 6.09 6.04 6.04 6.10 6.17 6.26 6.36 6.45 6.52 6.56 6.59 6.62 6.64 6.66 6.68 6.71 0.00 
5.53 5.56 5.63 5.67 5.73 5.74 5.77 5.86 5.91 6.08 6.13 6.14 6.20 6.15 6.23 6.30 6.42 6.52 6.59 6.61 6.63 6.65 6.67 6.69 0.00 0.00 0.00 
5.55 5.58 5.63 5.66 5.76 5.77 5.83 5.94 6.02 6.16 6.22 6.14 6.15 6.28 6.27 6.33 6.44 6.55 6.62 6.64 6.66 6.68 6.70 6.72 6.74 0.00 0.00 
5.57 5.60 5.65 5.72 5.80 5.81 5.84 5.98 6.11 6.14 6.28 6.30 6.21 6.25 6.31 6.37 6.44 6.54 6.61 6.65 6.68 6.70 6.73 0.00 0.00 0.00 0.00 
5.58 5.63 5.68 5.76 5.82 5.83 5.86 6.02 6.13 6.11 6.27 6.30 6.37 6.26 6.32 6.39 6.47 6.54 6.60 6.65 6.69 6.72 0.00 0.00 0.00 0.00 0.00 
5.60 5.64 5.69 5.77 5.81 5.85 5.90 6.02 6.11 6.14 6.25 6.25 6.40 6.35 6.36 6.40 6.47 6.54 6.60 6.66 6.70 6.74 0.00 0.00 0.00 0.00 0.00 
5.63 5.66 5.70 5.77 5.84 5.91 5.92 5.99 6.14 6.13 6.20 6.31 6.40 6.34 6.34 6.40 6.48 6.56 6.62 6.67 6.72 0.00 0.00 0.00 0.00 0.00 0.00 
5.63 5.68 5.73 5.79 5.88 5.92 5.95 6.01 6.08 6.18 6.21 6.28 6.41 6.37 6.34 6.42 6.52 6.56 6.63 6.68 6.76 0.00 0.00 0.00 0.00 0.00 0.00 
5.65 5.69 5.75 5.80 5.86 5.97 6.01 6.02 6.14 6.22 6.23 6.26 6.39 6.38 6.37 6.43 6.51 6.58 6.64 6.70 0.00 0.00 0.00 0.00 0.00 0.00 0.00 
5.67 5.71 5.77 5.83 5.89 5.95 6.00 6.06 6.19 6.23 6.24 6.37 6.42 6.39 6.42 6.48 6.56 6.61 6.67 0.00 0.00 0.00 0.00 0.00 0.00 0.00 0.00 
5.72 5.75 5.82 5.88 5.95 6.03 6.04 6.13 6.23 6.25 6.31 6.37 6.45 6.42 6.47 6.53 6.59 6.66 6.72 0.00 0.00 0.00 0.00 0.00 0.00 0.00 0.00 
5.77 5.80 5.87 5.94 5.99 6.03 6.10 6.14 6.20 6.29 6.35 6.44 6.50 6.48 6.53 6.61 6.69 6.74 6.79 0.00 0.00 0.00 0.00 0.00 0.00 0.00 0.00 
5.81 5.87 5.90 5.96 6.02 6.08 6.13 6.20 6.27 6.30 6.36 6.46 6.57 6.54 6.62 6.67 6.73 6.77 0.00 0.00 0.00 0.00 0.00 0.00 0.00 0.00 0.00 
5.85 5.91 5.97 6.03 6.09 6.14 6.19 6.27 6.37 6.40 6.44 6.53 6.65 6.69 0.00 0.00 0.00 0.00 0.00 0.00 0.00 0.00 0.00 0.00 0.00 0.00 0.00 
5.89 5.95 6.02 6.09 6.12 6.17 6.24 6.34 6.43 6.50 6.58 6.61 6.71 6.74 6.73 0.00 0.00 0.00 0.00 0.00 0.00 0.00 0.00 0.00 0.00 0.00 0.00 
