2016_CCC_ARR_IFD/catchment_depth_4320min_99999aep.txt.asc
ncols         27
nrows         23
xllcorner     150.975
yllcorner     -33.6
cellsize      0.025
NODATA_value  -9999
35.1 34.6 36.5 37.4 36.0 34.4 33.5 34.7 35.7 38.1 41.1 41.7 41.0 43.9 43.8 44.9 41.3 37.8 38.5 39.2 39.8 40.8 41.9 42.2 42.5 42.9 43.4 
36.7 36.5 36.7 37.8 37.4 36.6 35.3 35.7 37.4 40.1 43.1 45.6 44.2 43.6 45.8 40.8 38.8 38.2 38.6 39.3 40.1 40.9 41.6 42.2 42.8 43.2 43.7 
35.4 37.0 38.6 38.3 37.5 37.3 36.9 36.8 39.7 41.1 43.0 44.2 42.9 40.8 44.4 46.1 42.1 39.5 39.4 39.7 40.4 41.1 41.7 42.4 43.1 43.6 44.0 
37.5 37.4 39.1 36.2 36.5 36.7 39.0 38.1 38.3 40.4 42.2 41.8 42.4 42.1 44.1 41.1 40.8 39.5 40.0 40.3 41.2 41.7 42.3 42.9 43.5 44.1 45.2 
37.4 37.1 38.8 36.1 37.3 37.9 38.8 39.3 41.4 44.1 42.3 39.8 43.1 40.4 42.7 40.3 41.5 40.3 40.8 41.5 41.9 42.3 42.7 43.4 43.9 44.8 45.3 
36.4 38.9 38.1 36.0 38.7 37.8 37.4 38.5 42.0 44.7 41.9 41.7 41.3 41.3 42.4 40.2 41.4 41.9 42.4 41.9 42.4 42.9 43.4 43.8 44.7 45.6 45.4 
35.0 37.0 36.3 36.7 39.3 37.7 38.9 40.1 42.6 45.6 43.1 42.0 40.2 44.2 42.6 40.8 41.8 42.8 42.9 42.8 43.1 43.6 44.1 44.5 45.3 46.2 47.1 
34.7 38.2 39.3 40.1 40.9 37.8 40.0 42.6 44.4 46.4 43.3 41.1 41.8 42.5 43.9 43.2 42.5 42.6 43.2 43.3 43.6 44.2 44.7 44.8 45.3 45.8 0.00 
35.7 39.1 39.3 41.1 40.1 39.6 39.4 44.2 43.9 46.7 47.3 44.5 43.2 42.9 44.0 43.5 43.2 43.4 43.6 44.0 44.5 44.6 44.9 45.3 45.8 46.0 0.00 
36.6 36.7 39.5 39.9 41.0 39.8 39.3 41.8 42.6 47.0 47.4 46.6 47.6 44.8 44.0 44.8 43.7 44.0 44.3 44.9 45.2 45.2 45.6 46.0 0.00 0.00 0.00 
36.2 36.8 37.7 37.0 41.3 40.0 41.0 43.8 45.2 48.4 49.6 46.1 45.6 48.2 46.6 46.7 45.2 44.9 45.0 45.3 45.5 45.8 46.4 47.0 47.2 0.00 0.00 
34.9 35.9 37.9 39.7 42.2 40.5 40.1 44.4 47.4 47.0 49.9 49.7 46.8 47.0 47.3 47.3 47.2 46.3 45.8 45.9 46.2 46.4 46.9 0.00 0.00 0.00 0.00 
35.3 37.2 38.8 40.9 41.6 40.6 39.9 45.1 47.1 45.7 49.2 49.2 50.4 46.9 47.5 47.3 47.0 47.4 46.7 46.6 46.8 47.0 0.00 0.00 0.00 0.00 0.00 
35.4 36.7 37.5 40.2 40.2 40.3 40.9 44.4 46.0 46.0 48.3 47.9 50.7 49.0 48.7 48.3 48.7 49.3 48.2 47.4 47.8 47.5 0.00 0.00 0.00 0.00 0.00 
34.3 35.5 36.5 39.1 40.8 41.9 40.8 42.7 46.2 45.4 46.7 48.9 50.5 49.0 48.7 49.1 49.5 50.0 50.0 48.8 49.4 0.00 0.00 0.00 0.00 0.00 0.00 
35.8 35.8 36.3 38.7 41.4 41.5 41.0 42.6 44.0 46.4 46.6 47.9 50.2 49.4 49.4 49.9 50.5 49.4 49.8 49.1 51.5 0.00 0.00 0.00 0.00 0.00 0.00 
36.3 36.5 36.4 37.6 39.3 42.6 42.6 41.5 45.3 46.7 46.7 47.0 49.4 49.3 49.7 50.0 49.7 49.7 48.9 48.6 0.00 0.00 0.00 0.00 0.00 0.00 0.00 
36.2 37.0 37.4 37.4 39.0 40.3 40.9 42.0 45.8 46.2 46.0 48.7 49.4 49.0 48.6 49.8 50.1 50.0 48.9 0.00 0.00 0.00 0.00 0.00 0.00 0.00 0.00 
35.9 37.1 39.0 40.0 41.4 42.8 41.6 44.0 46.3 45.6 46.6 47.6 48.9 47.5 47.9 48.6 49.3 49.7 49.8 0.00 0.00 0.00 0.00 0.00 0.00 0.00 0.00 
36.0 37.9 39.7 41.2 41.6 41.5 43.0 42.0 43.1 45.6 46.2 48.1 48.9 46.9 47.1 49.0 49.9 50.3 50.4 0.00 0.00 0.00 0.00 0.00 0.00 0.00 0.00 
37.0 39.7 39.5 40.4 41.3 42.5 42.0 43.3 44.6 43.3 44.2 46.5 48.7 46.2 47.7 47.9 48.8 48.6 0.00 0.00 0.00 0.00 0.00 0.00 0.00 0.00 0.00 
37.2 40.1 41.4 42.7 43.6 43.9 43.3 44.6 47.0 45.6 44.6 46.4 49.2 48.6 0.00 0.00 0.00 0.00 0.00 0.00 0.00 0.00 0.00 0.00 0.00 0.00 0.00 
38.0 40.5 42.3 43.9 43.5 42.6 43.7 46.3 47.5 47.8 48.2 46.5 48.3 47.1 45.2 0.00 0.00 0.00 0.00 0.00 0.00 0.00 0.00 0.00 0.00 0.00 0.00 
