2016_CCC_ARR_IFD/catchment_depth_45min_02000aep.txt.asc
ncols         27
nrows         23
xllcorner     150.975
yllcorner     -33.6
cellsize      0.025
NODATA_value  -9999
52.9 52.8 53.7 54.4 54.2 53.9 54.3 55.4 56.6 58.3 60.0 60.9 61.6 62.7 63.5 64.3 65.1 65.4 66.3 67.2 68.0 68.8 69.7 70.2 70.8 71.4 72.0 
53.4 53.5 53.9 54.7 55.0 55.2 55.3 56.2 57.6 59.4 60.9 61.8 62.6 63.4 64.1 64.9 65.4 66.2 67.0 67.8 68.6 69.3 70.0 70.7 71.3 71.9 72.5 
53.0 53.7 54.7 55.0 55.1 55.7 56.2 57.0 58.9 60.1 61.4 62.4 63.1 63.9 64.9 65.7 66.7 67.3 67.9 68.4 69.1 69.8 70.5 71.1 71.8 72.4 72.9 
53.7 53.9 55.0 54.1 54.8 55.6 57.3 57.9 58.9 60.5 61.9 62.8 63.9 64.9 65.8 66.8 67.6 68.1 68.6 69.2 69.8 70.4 71.0 71.7 72.3 72.9 73.6 
53.8 53.9 55.0 54.1 55.3 56.3 57.6 58.7 60.3 61.9 62.6 63.4 64.8 65.8 66.8 67.8 68.7 69.0 69.5 70.1 70.5 71.0 71.5 72.2 72.7 73.4 73.9 
53.5 54.8 54.8 54.1 56.2 56.6 57.5 59.0 61.1 62.6 63.3 64.5 65.8 67.0 68.0 68.5 69.6 70.3 70.8 70.7 71.0 71.6 72.2 72.7 73.3 73.9 74.3 
53.5 54.2 54.2 54.8 56.7 57.0 58.4 60.0 61.8 63.4 64.3 65.5 66.5 67.9 69.1 69.3 70.4 71.2 71.6 71.7 71.9 72.3 72.8 73.2 73.8 74.4 75.0 
53.9 54.9 55.9 56.8 57.8 57.6 59.3 61.3 62.8 64.2 65.1 66.3 67.8 69.1 70.2 70.9 71.3 71.8 72.3 72.5 72.7 73.1 73.4 73.7 74.1 74.6 0.00 
54.3 55.6 56.2 57.6 57.9 58.7 59.7 62.2 63.4 65.0 66.2 67.4 68.8 69.9 71.1 71.6 72.1 72.7 73.1 73.4 73.6 73.7 73.9 74.1 74.5 74.8 0.00 
54.8 55.3 56.7 57.5 58.7 59.3 60.3 62.1 63.6 65.8 67.0 68.2 69.3 70.7 71.4 72.4 72.7 73.5 74.0 74.3 74.3 74.2 74.4 74.6 0.00 0.00 0.00 
55.1 55.8 56.6 57.3 59.3 59.8 61.2 63.1 64.7 66.5 67.6 68.7 70.0 70.9 72.2 73.1 73.5 74.1 74.5 74.6 74.6 74.7 74.9 75.1 75.3 0.00 0.00 
55.2 56.0 57.1 58.3 59.9 60.4 61.3 63.7 65.6 66.8 68.5 69.5 70.3 71.5 72.5 73.5 74.2 74.6 74.6 74.8 74.9 75.0 75.2 0.00 0.00 0.00 0.00 
55.5 56.5 57.6 59.0 60.1 60.7 61.5 64.1 65.8 66.7 68.6 69.6 70.6 71.6 72.7 73.5 74.0 74.8 74.8 74.9 75.1 75.2 0.00 0.00 0.00 0.00 0.00 
55.8 56.7 57.6 59.1 59.9 60.9 62.0 64.1 65.7 66.8 68.5 69.5 70.8 71.9 72.9 73.7 74.5 75.2 75.2 75.1 75.4 75.3 0.00 0.00 0.00 0.00 0.00 
55.8 56.6 57.5 59.0 60.3 61.5 62.1 63.7 65.8 66.6 68.1 69.6 70.8 71.9 72.8 73.7 74.6 75.2 75.6 75.4 75.8 0.00 0.00 0.00 0.00 0.00 0.00 
56.2 56.9 57.6 59.1 60.7 61.5 62.2 63.6 65.1 66.9 67.9 69.3 70.7 71.7 72.8 73.7 74.5 74.7 75.2 75.2 76.1 0.00 0.00 0.00 0.00 0.00 0.00 
56.5 57.2 57.8 58.8 60.1 62.0 62.8 63.0 65.4 66.8 67.7 68.7 70.4 71.4 71.8 73.0 73.7 74.4 74.3 74.5 0.00 0.00 0.00 0.00 0.00 0.00 0.00 
56.6 57.4 58.2 58.7 59.9 61.1 61.9 63.0 65.5 66.4 67.0 69.0 70.1 70.8 70.9 72.5 73.5 74.2 73.9 0.00 0.00 0.00 0.00 0.00 0.00 0.00 0.00 
56.7 57.6 58.8 59.8 60.9 62.1 62.0 63.8 65.5 65.8 67.0 68.2 69.6 69.4 70.2 71.3 72.5 73.4 73.9 0.00 0.00 0.00 0.00 0.00 0.00 0.00 0.00 
56.8 58.0 59.2 60.3 61.0 61.4 62.6 62.5 63.5 65.4 66.4 68.1 69.2 68.7 69.4 71.3 72.3 73.1 73.5 0.00 0.00 0.00 0.00 0.00 0.00 0.00 0.00 
57.2 58.7 59.1 59.9 60.7 61.7 61.7 62.8 64.0 63.8 64.9 66.9 68.7 68.0 69.5 70.2 71.3 71.7 0.00 0.00 0.00 0.00 0.00 0.00 0.00 0.00 0.00 
57.3 58.9 59.9 60.8 61.7 62.2 62.2 63.3 65.1 64.8 64.8 66.4 68.5 68.9 0.00 0.00 0.00 0.00 0.00 0.00 0.00 0.00 0.00 0.00 0.00 0.00 0.00 
57.5 59.0 60.2 61.2 61.5 61.2 62.1 63.9 65.0 65.6 66.4 66.2 67.8 67.8 67.4 0.00 0.00 0.00 0.00 0.00 0.00 0.00 0.00 0.00 0.00 0.00 0.00 
