2016_CCC_ARR_IFD/catchment_depth_1080min_05000aep.txt.asc
ncols         27
nrows         23
xllcorner     150.975
yllcorner     -33.6
cellsize      0.025
NODATA_value  -9999
130 130 136 140 138 135 135 140 145 153 163 167 168 176 178 182 178 171 175 178 180 184 188 188 189 190 191 
135 136 138 142 143 142 141 144 150 160 169 177 176 177 183 176 173 172 175 177 181 184 186 188 189 190 191 
133 138 143 144 144 145 146 148 158 164 170 175 175 172 182 188 182 177 178 178 181 183 185 187 190 191 192 
139 140 146 140 143 145 153 153 156 163 170 171 175 177 183 178 179 177 179 180 183 185 187 188 190 192 195 
140 141 147 142 146 150 154 157 165 174 172 168 179 174 182 177 182 180 181 184 185 186 187 189 191 193 194 
139 146 146 142 151 151 152 157 168 177 173 174 176 178 182 177 182 185 187 185 186 188 189 190 192 195 194 
137 143 143 146 154 152 157 163 172 181 177 177 173 187 184 179 184 188 189 188 188 189 190 191 193 196 199 
137 147 152 156 160 154 162 171 178 185 180 174 179 183 188 187 186 187 189 189 190 191 192 191 192 194 0.00 
141 151 153 160 160 160 161 177 179 188 192 186 183 184 189 188 188 190 191 192 192 191 191 192 192 193 0.00 
144 146 155 158 163 162 162 172 176 192 195 194 198 190 188 192 189 192 193 194 194 192 192 193 0.00 0.00 0.00 
144 148 152 152 166 164 168 179 185 197 202 192 191 202 197 198 193 194 194 194 194 193 194 194 195 0.00 0.00 
142 147 154 161 170 166 166 182 193 194 206 206 195 197 198 198 199 196 195 195 195 194 195 0.00 0.00 0.00 0.00 
145 151 157 165 169 168 166 185 193 190 204 204 209 195 197 197 196 198 196 195 195 195 0.00 0.00 0.00 0.00 0.00 
146 151 155 165 166 168 171 184 190 191 200 199 210 203 200 198 200 203 199 196 197 196 0.00 0.00 0.00 0.00 0.00 
144 149 153 162 169 174 171 178 191 189 194 202 208 201 197 199 201 204 204 199 202 0.00 0.00 0.00 0.00 0.00 0.00 
150 151 154 162 172 173 172 178 183 192 192 197 207 201 197 200 204 199 201 199 209 0.00 0.00 0.00 0.00 0.00 0.00 
152 154 155 160 166 178 179 174 188 194 192 192 202 199 196 198 198 199 197 196 0.00 0.00 0.00 0.00 0.00 0.00 0.00 
153 157 159 160 166 171 173 177 191 192 189 200 202 197 192 197 200 199 196 0.00 0.00 0.00 0.00 0.00 0.00 0.00 0.00 
155 159 166 170 175 180 176 185 193 189 192 195 199 190 190 193 196 198 199 0.00 0.00 0.00 0.00 0.00 0.00 0.00 0.00 
157 163 169 175 177 177 182 178 181 190 191 197 199 188 188 196 199 201 201 0.00 0.00 0.00 0.00 0.00 0.00 0.00 0.00 
161 170 171 174 177 181 178 183 187 180 182 191 198 186 192 191 194 193 0.00 0.00 0.00 0.00 0.00 0.00 0.00 0.00 0.00 
164 173 178 182 185 186 183 188 195 190 184 190 200 197 0.00 0.00 0.00 0.00 0.00 0.00 0.00 0.00 0.00 0.00 0.00 0.00 0.00 
168 176 182 187 186 181 185 193 197 197 198 190 196 190 182 0.00 0.00 0.00 0.00 0.00 0.00 0.00 0.00 0.00 0.00 0.00 0.00 
