2016_CCC_ARR_IFD/catchment_depth_540min_95021aep.txt.asc
ncols         27
nrows         23
xllcorner     150.975
yllcorner     -33.6
cellsize      0.025
NODATA_value  -9999
29.7 29.5 30.5 31.1 30.6 30.0 29.9 30.7 31.4 32.7 34.4 34.9 34.9 36.4 36.6 37.3 36.3 35.5 36.0 36.5 36.9 37.4 38.0 38.1 38.4 38.6 38.9 
30.4 30.4 30.7 31.3 31.4 31.2 30.9 31.3 32.3 33.8 35.4 36.7 36.4 36.5 37.6 36.1 35.8 36.0 36.4 36.8 37.3 37.8 38.1 38.4 38.7 39.0 39.2 
29.9 30.7 31.5 31.6 31.5 31.7 31.7 32.0 33.5 34.4 35.5 36.3 36.1 35.6 37.3 38.2 37.1 36.6 37.0 37.3 37.7 38.1 38.4 38.8 39.1 39.4 39.6 
30.8 30.9 31.9 30.9 31.2 31.6 32.8 32.7 33.1 34.3 35.3 35.5 36.1 36.3 37.4 36.7 36.9 37.0 37.5 37.9 38.3 38.7 39.0 39.3 39.5 39.9 40.4 
30.9 31.0 31.9 31.0 31.7 32.3 32.9 33.4 34.6 36.0 35.6 35.1 36.6 36.0 37.2 36.8 37.5 37.6 38.1 38.6 39.0 39.2 39.4 39.7 40.0 40.4 40.6 
30.6 31.8 31.7 31.1 32.5 32.4 32.6 33.4 35.1 36.5 35.7 36.0 36.2 36.6 37.3 37.2 37.9 38.4 38.9 39.2 39.5 39.8 40.0 40.2 40.5 40.9 40.8 
30.2 31.2 31.1 31.6 32.9 32.6 33.4 34.2 35.6 37.1 36.4 36.4 36.2 37.9 37.7 37.9 38.5 39.1 39.6 39.9 40.1 40.3 40.5 40.6 40.9 41.3 41.7 
30.2 31.8 32.5 33.2 33.8 32.9 34.1 35.5 36.5 37.7 36.8 36.4 37.0 37.7 38.4 38.8 39.2 39.7 40.2 40.5 40.6 40.9 41.0 40.9 41.1 41.3 0.00 
30.7 32.3 32.7 33.7 33.7 33.8 34.1 36.4 36.7 38.1 38.7 37.9 37.8 38.1 38.9 39.3 39.9 40.4 40.8 41.1 41.2 41.2 41.2 41.3 41.4 41.5 0.00 
31.1 31.5 32.9 33.4 34.2 34.1 34.3 35.6 36.3 38.6 39.1 39.0 39.7 39.0 39.3 39.9 40.4 41.1 41.5 41.7 41.7 41.5 41.6 41.7 0.00 0.00 0.00 
31.1 31.7 32.4 32.5 34.6 34.4 35.2 36.7 37.7 39.4 40.2 39.0 39.1 40.5 40.2 40.6 40.9 41.5 41.8 41.9 41.8 41.8 42.0 42.1 42.2 0.00 0.00 
30.8 31.5 32.6 33.7 35.2 34.8 35.0 37.2 38.9 39.1 40.7 40.8 39.8 40.2 40.6 40.9 41.4 41.7 41.8 41.9 42.0 42.0 42.2 0.00 0.00 0.00 0.00 
31.1 32.2 33.2 34.4 35.1 35.0 35.1 37.7 38.9 38.6 40.6 40.8 41.5 40.1 40.7 40.9 41.2 41.8 41.8 41.9 42.0 42.1 0.00 0.00 0.00 0.00 0.00 
31.2 32.1 32.8 34.3 34.7 35.1 35.8 37.6 38.7 39.0 40.3 40.3 41.8 41.2 41.2 41.2 41.7 42.2 42.1 42.0 42.2 42.2 0.00 0.00 0.00 0.00 0.00 
31.0 31.8 32.6 34.0 35.1 36.0 36.0 37.1 39.0 38.9 39.7 40.9 41.8 41.2 40.8 41.2 41.8 42.4 42.6 42.3 42.7 0.00 0.00 0.00 0.00 0.00 0.00 
31.7 32.1 32.7 34.1 35.6 36.1 36.3 37.3 38.3 39.6 39.8 40.6 41.9 41.4 40.8 41.4 42.3 41.8 42.3 42.2 43.6 0.00 0.00 0.00 0.00 0.00 0.00 
32.1 32.5 33.0 33.9 35.0 36.7 37.2 37.1 39.0 40.0 40.1 40.2 41.6 41.3 40.7 41.2 41.5 41.9 41.8 41.9 0.00 0.00 0.00 0.00 0.00 0.00 0.00 
32.2 32.9 33.5 34.1 35.2 36.2 36.9 37.7 39.5 40.0 40.1 41.4 41.8 41.2 40.6 41.4 41.9 42.0 41.8 0.00 0.00 0.00 0.00 0.00 0.00 0.00 0.00 
32.5 33.2 34.4 35.2 36.3 37.3 37.4 38.8 40.0 40.2 40.8 41.3 41.9 40.6 40.7 41.1 41.6 42.1 42.3 0.00 0.00 0.00 0.00 0.00 0.00 0.00 0.00 
32.9 33.8 34.9 35.9 36.6 37.1 38.2 38.4 39.3 40.6 41.0 41.8 42.1 40.7 40.7 41.8 42.4 42.7 42.8 0.00 0.00 0.00 0.00 0.00 0.00 0.00 0.00 
33.5 34.8 35.1 35.9 36.7 37.7 38.1 39.2 40.3 39.7 40.1 41.4 42.3 40.7 41.6 41.5 42.0 42.0 0.00 0.00 0.00 0.00 0.00 0.00 0.00 0.00 0.00 
33.9 35.3 36.1 37.0 37.7 38.3 38.7 39.8 40.9 41.2 40.7 41.6 42.7 42.5 0.00 0.00 0.00 0.00 0.00 0.00 0.00 0.00 0.00 0.00 0.00 0.00 0.00 
34.4 35.7 36.6 37.6 37.8 38.0 38.9 40.3 41.1 41.7 42.1 41.7 42.5 41.9 40.6 0.00 0.00 0.00 0.00 0.00 0.00 0.00 0.00 0.00 0.00 0.00 0.00 
