2016_CCC_ARR_IFD/catchment_depth_10min_95021aep.txt.asc
ncols         27
nrows         23
xllcorner     150.975
yllcorner     -33.6
cellsize      0.025
NODATA_value  -9999
6.32 6.30 6.36 6.40 6.36 6.31 6.32 6.39 6.47 6.61 6.77 6.84 6.88 7.02 7.08 7.16 7.17 7.26 7.36 7.44 7.53 7.62 7.70 7.78 7.86 7.94 8.02 
6.39 6.39 6.41 6.46 6.46 6.46 6.44 6.49 6.59 6.74 6.90 7.03 7.03 7.07 7.19 7.16 7.24 7.34 7.43 7.52 7.60 7.69 7.77 7.85 7.93 8.00 8.07 
6.40 6.44 6.50 6.52 6.51 6.54 6.56 6.59 6.73 6.83 6.95 7.04 7.06 7.07 7.22 7.32 7.33 7.40 7.50 7.59 7.68 7.76 7.84 7.91 7.99 8.06 8.13 
6.48 6.49 6.56 6.51 6.54 6.58 6.68 6.70 6.75 6.87 6.98 7.03 7.11 7.17 7.29 7.31 7.39 7.48 7.57 7.66 7.75 7.83 7.91 7.98 8.05 8.12 8.20 
6.51 6.53 6.60 6.57 6.62 6.67 6.74 6.80 6.91 7.05 7.05 7.04 7.20 7.20 7.33 7.37 7.47 7.55 7.65 7.74 7.83 7.90 7.98 8.05 8.12 8.19 8.25 
6.52 6.61 6.62 6.62 6.71 6.73 6.75 6.83 6.99 7.13 7.10 7.15 7.21 7.28 7.38 7.43 7.53 7.63 7.72 7.82 7.90 7.98 8.05 8.11 8.18 8.25 8.31 
6.52 6.60 6.62 6.68 6.78 6.77 6.85 6.93 7.07 7.23 7.20 7.21 7.22 7.42 7.44 7.50 7.60 7.70 7.80 7.89 7.97 8.04 8.11 8.18 8.24 8.31 8.38 
6.54 6.66 6.73 6.80 6.87 6.81 6.93 7.07 7.19 7.32 7.26 7.21 7.30 7.39 7.52 7.58 7.67 7.77 7.87 7.95 8.03 8.11 8.17 8.23 8.30 8.36 0.00 
6.58 6.71 6.76 6.86 6.88 6.91 6.94 7.19 7.23 7.40 7.48 7.40 7.38 7.44 7.56 7.64 7.73 7.84 7.93 8.02 8.09 8.16 8.22 8.29 8.35 8.41 0.00 
6.63 6.67 6.80 6.86 6.95 6.94 6.97 7.11 7.20 7.48 7.55 7.55 7.65 7.54 7.59 7.70 7.79 7.90 8.00 8.08 8.15 8.21 8.28 8.34 0.00 0.00 0.00 
6.64 6.69 6.77 6.78 6.99 6.98 7.06 7.25 7.37 7.59 7.70 7.54 7.54 7.76 7.71 7.79 7.85 7.95 8.05 8.12 8.19 8.26 8.33 8.40 8.46 0.00 0.00 
6.62 6.69 6.79 6.91 7.06 7.02 7.04 7.30 7.52 7.55 7.78 7.81 7.63 7.69 7.76 7.83 7.91 8.00 8.08 8.16 8.24 8.31 8.38 0.00 0.00 0.00 0.00 
6.65 6.76 6.86 6.98 7.06 7.05 7.06 7.37 7.53 7.48 7.76 7.79 7.90 7.68 7.77 7.84 7.93 8.04 8.12 8.20 8.28 8.36 0.00 0.00 0.00 0.00 0.00 
6.68 6.76 6.83 6.99 7.02 7.06 7.12 7.35 7.48 7.51 7.70 7.69 7.94 7.84 7.84 7.89 7.99 8.11 8.17 8.25 8.34 8.40 0.00 0.00 0.00 0.00 0.00 
6.67 6.74 6.81 6.96 7.08 7.17 7.14 7.26 7.52 7.48 7.59 7.78 7.94 7.83 7.82 7.92 8.04 8.16 8.25 8.31 8.41 0.00 0.00 0.00 0.00 0.00 0.00 
6.76 6.79 6.84 6.98 7.14 7.17 7.17 7.28 7.39 7.57 7.59 7.71 7.94 7.87 7.84 7.96 8.12 8.16 8.27 8.35 8.50 0.00 0.00 0.00 0.00 0.00 0.00 
6.82 6.86 6.88 6.96 7.07 7.27 7.29 7.26 7.49 7.62 7.62 7.66 7.88 7.87 7.89 8.00 8.10 8.21 8.29 8.38 0.00 0.00 0.00 0.00 0.00 0.00 0.00 
6.86 6.92 6.96 7.00 7.09 7.18 7.24 7.32 7.56 7.60 7.61 7.84 7.93 7.90 7.95 8.07 8.18 8.27 8.34 0.00 0.00 0.00 0.00 0.00 0.00 0.00 0.00 
6.90 6.97 7.08 7.15 7.24 7.34 7.30 7.45 7.62 7.60 7.70 7.81 7.95 7.92 8.02 8.12 8.23 8.34 8.43 0.00 0.00 0.00 0.00 0.00 0.00 0.00 0.00 
6.96 7.04 7.15 7.25 7.29 7.31 7.41 7.41 7.49 7.65 7.74 7.92 8.02 8.00 8.09 8.24 8.36 8.46 8.53 0.00 0.00 0.00 0.00 0.00 0.00 0.00 0.00 
7.04 7.17 7.19 7.26 7.33 7.41 7.43 7.51 7.60 7.64 7.75 7.91 8.10 8.08 8.22 8.30 8.41 8.49 0.00 0.00 0.00 0.00 0.00 0.00 0.00 0.00 0.00 
7.11 7.24 7.32 7.41 7.48 7.53 7.54 7.64 7.82 7.80 7.85 8.01 8.23 8.29 0.00 0.00 0.00 0.00 0.00 0.00 0.00 0.00 0.00 0.00 0.00 0.00 0.00 
7.20 7.31 7.41 7.51 7.53 7.55 7.64 7.80 7.92 8.01 8.12 8.14 8.31 8.36 8.37 0.00 0.00 0.00 0.00 0.00 0.00 0.00 0.00 0.00 0.00 0.00 0.00 
