2016_CCC_ARR_IFD/catchment_depth_360min_00100aep.txt.asc
ncols         27
nrows         23
xllcorner     150.975
yllcorner     -33.6
cellsize      0.025
NODATA_value  -9999
159 159 164 168 169 169 171 176 182 190 198 202 206 212 216 220 224 226 232 238 242 247 252 255 257 260 263 
161 163 166 170 173 175 176 181 187 195 202 207 211 215 219 222 223 229 235 240 245 249 253 256 259 261 264 
161 165 170 172 174 178 181 185 193 199 205 210 214 217 223 227 230 231 238 244 247 251 254 257 260 263 265 
164 167 172 171 174 178 186 189 194 201 208 212 217 222 227 229 232 236 241 246 250 253 256 259 261 264 268 
165 167 173 171 177 182 188 193 201 208 212 214 222 224 230 232 237 241 245 249 252 255 257 260 263 266 268 
164 171 173 172 181 184 188 194 205 212 215 220 224 229 235 236 241 245 249 252 254 257 259 261 264 267 268 
163 168 171 175 183 185 192 199 208 216 219 223 225 235 240 240 245 250 253 255 257 259 261 263 265 268 271 
163 171 176 182 187 186 195 205 213 220 222 224 231 238 244 247 249 253 257 258 259 261 263 263 265 267 0.00 
165 173 177 184 187 191 195 209 214 223 229 232 235 239 246 249 253 257 260 261 262 263 263 264 265 266 0.00 
166 170 178 183 189 192 196 206 213 227 233 237 242 243 246 252 254 260 263 264 264 264 264 265 0.00 0.00 0.00 
166 170 176 178 191 193 200 211 219 230 237 236 240 248 251 255 257 261 264 264 264 264 265 265 266 0.00 0.00 
164 169 176 184 193 194 197 213 224 229 240 244 242 246 251 255 259 261 262 263 263 264 265 0.00 0.00 0.00 0.00 
164 171 178 186 192 194 197 214 224 225 238 242 248 244 249 252 255 260 260 261 262 263 0.00 0.00 0.00 0.00 0.00 
165 170 175 185 189 193 199 212 220 225 235 237 247 247 249 252 256 260 260 259 261 261 0.00 0.00 0.00 0.00 0.00 
163 168 173 182 190 196 198 206 220 221 228 238 245 244 245 249 254 259 261 259 262 0.00 0.00 0.00 0.00 0.00 0.00 
165 169 173 181 191 195 197 205 212 222 226 232 242 242 243 248 254 253 256 256 264 0.00 0.00 0.00 0.00 0.00 0.00 
166 169 173 179 186 198 201 200 215 222 223 226 237 238 237 243 246 250 250 251 0.00 0.00 0.00 0.00 0.00 0.00 0.00 
166 170 175 179 185 191 195 201 215 218 219 230 235 233 231 239 244 247 246 0.00 0.00 0.00 0.00 0.00 0.00 0.00 0.00 
168 172 179 185 191 198 196 206 215 214 219 224 230 224 227 232 238 243 245 0.00 0.00 0.00 0.00 0.00 0.00 0.00 0.00 
170 176 182 188 192 194 200 198 203 213 216 224 228 220 222 232 238 242 244 0.00 0.00 0.00 0.00 0.00 0.00 0.00 0.00 
173 181 183 187 191 196 196 201 207 202 206 216 225 215 223 225 231 232 0.00 0.00 0.00 0.00 0.00 0.00 0.00 0.00 0.00 
175 184 189 194 198 201 199 205 213 209 206 213 224 224 0.00 0.00 0.00 0.00 0.00 0.00 0.00 0.00 0.00 0.00 0.00 0.00 0.00 
178 186 192 198 198 195 199 209 213 215 217 211 219 216 209 0.00 0.00 0.00 0.00 0.00 0.00 0.00 0.00 0.00 0.00 0.00 0.00 
