2016_CCC_ARR_IFD/catchment_depth_270min_10000aep.txt.asc
ncols         27
nrows         23
xllcorner     150.975
yllcorner     -33.6
cellsize      0.025
NODATA_value  -9999
63.8 63.9 65.6 66.9 66.6 66.3 66.7 68.4 70.1 73.0 76.0 77.4 78.1 80.5 81.6 83.0 82.6 81.9 83.4 84.8 86.0 87.4 88.7 89.5 90.4 91.2 92.1 
64.9 65.3 66.1 67.6 68.1 68.5 68.5 69.8 72.0 75.0 77.8 79.9 80.4 81.3 83.1 82.0 81.7 82.9 84.2 85.5 86.8 88.0 89.1 90.0 90.9 91.8 92.7 
64.5 65.9 67.6 68.3 68.6 69.5 70.2 71.3 74.3 76.3 78.5 80.2 80.7 80.7 83.6 85.2 84.6 83.9 85.3 86.4 87.6 88.7 89.6 90.6 91.7 92.5 93.3 
65.8 66.5 68.3 67.4 68.5 69.6 72.2 72.8 74.2 76.7 79.0 79.9 81.4 82.4 84.5 83.9 84.6 85.2 86.5 87.5 88.7 89.6 90.6 91.5 92.3 93.2 94.4 
66.1 66.7 68.6 67.7 69.5 71.0 72.8 74.3 76.9 79.6 79.9 79.8 82.8 82.6 84.9 84.6 86.1 86.7 87.9 89.0 89.8 90.6 91.4 92.2 93.0 94.1 94.8 
65.9 68.1 68.5 68.0 71.0 71.5 72.6 74.6 78.1 80.9 80.7 81.9 83.0 84.2 85.8 86.0 87.4 88.6 89.7 90.2 90.9 91.7 92.4 93.0 93.9 94.9 95.2 
65.6 67.4 67.8 69.0 71.9 72.1 74.2 76.3 79.4 82.3 82.4 83.1 83.4 86.8 87.2 87.5 89.1 90.3 91.3 91.9 92.3 92.9 93.4 93.9 94.7 95.7 96.6 
65.9 68.5 70.2 71.8 73.6 72.8 75.6 78.8 81.3 83.8 83.5 83.4 85.3 87.1 89.0 89.8 90.8 91.9 92.9 93.4 93.6 94.1 94.4 94.5 95.0 95.6 0.00 
66.7 69.4 70.7 73.0 73.6 74.6 75.8 80.6 81.9 85.0 86.8 86.5 87.0 88.2 90.1 91.1 92.4 93.7 94.6 95.0 95.1 94.9 95.0 95.1 95.5 95.9 0.00 
67.4 68.5 71.2 72.7 74.8 75.3 76.4 79.5 81.6 86.3 88.0 88.7 90.4 89.9 90.9 92.6 93.7 95.4 96.4 96.5 96.2 95.8 95.7 95.8 0.00 0.00 0.00 
67.6 69.0 70.6 71.5 75.5 75.9 78.1 81.6 84.2 87.9 89.9 88.9 89.7 92.5 92.7 93.9 94.9 96.4 97.2 97.0 96.7 96.4 96.5 96.5 96.7 0.00 0.00 
67.4 68.9 71.1 73.5 76.6 76.8 77.8 82.5 86.3 87.6 91.3 92.2 90.8 92.2 93.5 94.6 95.8 96.7 97.0 97.1 97.0 96.9 97.0 0.00 0.00 0.00 0.00 
67.9 69.9 72.0 74.7 76.6 77.2 78.0 83.4 86.5 86.6 91.0 92.0 93.8 92.1 93.6 94.7 95.6 96.9 96.9 97.0 97.2 97.2 0.00 0.00 0.00 0.00 0.00 
68.2 69.9 71.5 74.5 75.9 77.3 79.1 83.1 85.8 87.1 90.2 90.9 94.1 93.8 94.4 95.0 96.3 97.5 97.4 97.1 97.5 97.3 0.00 0.00 0.00 0.00 0.00 
68.2 69.7 71.3 74.0 76.6 78.7 79.2 81.9 86.1 86.5 88.8 91.7 93.9 93.5 93.7 94.9 96.4 97.6 98.2 97.6 98.4 0.00 0.00 0.00 0.00 0.00 0.00 
68.8 70.0 71.5 74.1 77.3 78.7 79.6 82.0 84.3 87.5 88.5 90.7 93.6 93.5 93.5 95.0 96.8 96.4 97.5 97.3 99.7 0.00 0.00 0.00 0.00 0.00 0.00 
69.1 70.3 71.9 73.8 76.2 79.8 81.1 81.1 85.5 87.8 88.5 89.3 92.7 92.9 92.3 94.1 95.0 96.1 96.0 96.2 0.00 0.00 0.00 0.00 0.00 0.00 0.00 
69.4 70.8 72.6 74.1 76.3 78.4 79.9 81.7 86.1 87.3 87.7 91.1 92.5 92.0 91.3 93.7 95.3 96.0 95.4 0.00 0.00 0.00 0.00 0.00 0.00 0.00 0.00 
70.3 71.7 74.1 76.1 78.3 80.5 80.6 83.7 86.5 86.8 88.3 89.9 91.8 89.8 90.6 92.1 93.9 95.3 96.0 0.00 0.00 0.00 0.00 0.00 0.00 0.00 0.00 
71.1 73.0 75.2 77.4 78.9 79.8 82.0 81.8 83.6 86.8 88.0 90.4 91.6 89.1 89.8 92.9 94.6 95.6 96.2 0.00 0.00 0.00 0.00 0.00 0.00 0.00 0.00 
72.3 74.9 75.8 77.4 79.0 80.8 81.1 83.2 85.3 84.0 85.3 88.5 91.3 88.4 90.8 91.4 93.0 93.3 0.00 0.00 0.00 0.00 0.00 0.00 0.00 0.00 0.00 
73.0 75.9 77.8 79.6 81.2 82.2 82.4 84.4 87.2 86.7 85.8 88.2 91.6 91.5 0.00 0.00 0.00 0.00 0.00 0.00 0.00 0.00 0.00 0.00 0.00 0.00 0.00 
74.1 76.9 79.0 81.0 81.4 80.9 82.6 85.7 87.5 88.3 89.3 88.1 90.5 89.6 87.5 0.00 0.00 0.00 0.00 0.00 0.00 0.00 0.00 0.00 0.00 0.00 0.00 
