2016_CCC_ARR_IFD/catchment_depth_25min_95021aep.txt.asc
ncols         27
nrows         23
xllcorner     150.975
yllcorner     -33.6
cellsize      0.025
NODATA_value  -9999
10.1 10.1 10.2 10.2 10.2 10.1 10.1 10.2 10.3 10.6 10.8 10.9 11.0 11.2 11.3 11.4 11.4 11.4 11.6 11.7 11.8 12.0 12.1 12.2 12.3 12.4 12.5 
10.2 10.2 10.2 10.3 10.3 10.3 10.2 10.3 10.5 10.7 11.0 11.2 11.2 11.3 11.5 11.3 11.4 11.5 11.7 11.8 11.9 12.1 12.2 12.3 12.4 12.5 12.6 
10.2 10.3 10.4 10.4 10.4 10.4 10.4 10.5 10.7 10.9 11.1 11.2 11.2 11.2 11.5 11.6 11.6 11.6 11.8 11.9 12.0 12.1 12.3 12.4 12.5 12.6 12.7 
10.3 10.3 10.4 10.3 10.4 10.4 10.6 10.6 10.7 10.9 11.1 11.1 11.3 11.3 11.5 11.5 11.6 11.7 11.9 12.0 12.1 12.2 12.3 12.5 12.6 12.7 12.8 
10.3 10.4 10.5 10.4 10.5 10.6 10.7 10.8 10.9 11.2 11.2 11.1 11.4 11.3 11.6 11.6 11.7 11.8 12.0 12.1 12.2 12.3 12.4 12.5 12.6 12.8 12.9 
10.3 10.5 10.5 10.5 10.6 10.6 10.7 10.8 11.1 11.3 11.2 11.3 11.3 11.4 11.6 11.6 11.8 11.9 12.1 12.2 12.3 12.4 12.5 12.6 12.7 12.8 12.9 
10.3 10.4 10.5 10.5 10.7 10.7 10.8 10.9 11.2 11.4 11.3 11.3 11.3 11.7 11.7 11.7 11.9 12.0 12.2 12.3 12.4 12.5 12.6 12.7 12.8 12.9 13.0 
10.3 10.5 10.6 10.7 10.8 10.7 10.9 11.1 11.3 11.5 11.4 11.3 11.4 11.6 11.8 11.8 12.0 12.1 12.3 12.4 12.5 12.6 12.7 12.8 12.9 13.0 0.00 
10.4 10.6 10.7 10.8 10.8 10.9 10.9 11.3 11.4 11.6 11.8 11.6 11.5 11.6 11.8 11.9 12.0 12.2 12.3 12.5 12.6 12.6 12.7 12.8 12.9 13.0 0.00 
10.5 10.5 10.7 10.8 10.9 10.9 10.9 11.2 11.3 11.7 11.9 11.8 12.0 11.8 11.8 12.0 12.1 12.3 12.4 12.5 12.6 12.7 12.8 12.9 0.00 0.00 0.00 
10.5 10.6 10.7 10.7 11.0 11.0 11.1 11.4 11.6 11.9 12.1 11.8 11.8 12.1 12.0 12.1 12.2 12.3 12.5 12.6 12.7 12.8 12.9 13.0 13.1 0.00 0.00 
10.5 10.5 10.7 10.9 11.1 11.0 11.0 11.4 11.8 11.8 12.2 12.2 11.9 12.0 12.1 12.2 12.3 12.4 12.5 12.6 12.7 12.8 12.9 0.00 0.00 0.00 0.00 
10.5 10.6 10.8 11.0 11.1 11.1 11.0 11.5 11.8 11.7 12.1 12.2 12.3 11.9 12.0 12.1 12.3 12.4 12.5 12.6 12.8 12.9 0.00 0.00 0.00 0.00 0.00 
10.5 10.6 10.7 11.0 11.0 11.1 11.1 11.5 11.7 11.7 12.0 12.0 12.4 12.2 12.2 12.2 12.3 12.5 12.6 12.7 12.8 12.9 0.00 0.00 0.00 0.00 0.00 
10.5 10.6 10.7 10.9 11.1 11.2 11.2 11.3 11.7 11.6 11.8 12.1 12.3 12.1 12.1 12.2 12.4 12.6 12.7 12.8 12.9 0.00 0.00 0.00 0.00 0.00 0.00 
10.6 10.7 10.7 10.9 11.2 11.2 11.2 11.3 11.5 11.8 11.8 12.0 12.3 12.2 12.1 12.3 12.5 12.6 12.7 12.8 13.1 0.00 0.00 0.00 0.00 0.00 0.00 
10.7 10.7 10.8 10.9 11.0 11.3 11.4 11.3 11.7 11.8 11.8 11.9 12.2 12.2 12.2 12.3 12.5 12.6 12.7 12.9 0.00 0.00 0.00 0.00 0.00 0.00 0.00 
10.7 10.8 10.9 10.9 11.1 11.2 11.3 11.4 11.7 11.8 11.8 12.1 12.3 12.2 12.3 12.4 12.6 12.7 12.8 0.00 0.00 0.00 0.00 0.00 0.00 0.00 0.00 
10.8 10.9 11.0 11.1 11.3 11.4 11.3 11.6 11.8 11.8 11.9 12.1 12.3 12.2 12.4 12.5 12.7 12.8 13.0 0.00 0.00 0.00 0.00 0.00 0.00 0.00 0.00 
10.9 11.0 11.1 11.3 11.3 11.4 11.5 11.5 11.6 11.8 12.0 12.2 12.4 12.3 12.5 12.7 12.9 13.0 13.1 0.00 0.00 0.00 0.00 0.00 0.00 0.00 0.00 
11.0 11.2 11.2 11.3 11.4 11.5 11.5 11.6 11.8 11.8 12.0 12.2 12.5 12.5 12.7 12.8 13.0 13.1 0.00 0.00 0.00 0.00 0.00 0.00 0.00 0.00 0.00 
11.1 11.2 11.4 11.5 11.6 11.7 11.7 11.8 12.1 12.1 12.1 12.4 12.7 12.8 0.00 0.00 0.00 0.00 0.00 0.00 0.00 0.00 0.00 0.00 0.00 0.00 0.00 
11.2 11.3 11.5 11.6 11.7 11.7 11.8 12.1 12.3 12.4 12.6 12.6 12.8 12.9 12.9 0.00 0.00 0.00 0.00 0.00 0.00 0.00 0.00 0.00 0.00 0.00 0.00 
