2016_CCC_ARR_IFD/catchment_depth_270min_00100aep.txt.asc
ncols         27
nrows         23
xllcorner     150.975
yllcorner     -33.6
cellsize      0.025
NODATA_value  -9999
143 144 148 151 152 152 154 159 164 170 177 181 184 189 192 196 200 203 208 213 217 221 224 227 230 232 235 
146 147 149 153 155 157 159 163 168 175 180 184 188 192 195 199 200 206 211 215 219 223 226 229 232 234 236 
145 149 153 155 157 160 163 166 173 178 183 187 191 194 199 202 206 207 214 219 222 225 228 230 233 236 238 
148 150 154 154 157 161 167 170 174 181 186 190 195 199 203 206 208 212 217 221 224 227 230 232 235 237 240 
148 150 155 154 159 164 169 174 180 186 190 193 199 202 207 209 213 217 220 224 227 229 231 234 236 239 241 
148 153 155 155 162 165 169 175 183 189 193 197 202 207 211 213 218 221 224 227 229 231 233 235 238 240 241 
147 151 153 157 164 166 172 179 186 193 197 201 203 211 216 217 222 225 228 230 232 234 235 237 239 242 244 
147 153 158 163 168 167 175 183 190 196 200 202 208 215 220 223 225 229 232 233 234 236 237 238 239 241 0.00 
148 155 159 165 168 171 175 187 192 199 205 208 212 216 222 225 229 232 235 237 237 237 238 239 240 241 0.00 
149 152 160 164 170 172 176 185 191 203 208 212 217 220 222 228 230 235 238 239 239 239 239 239 0.00 0.00 0.00 
149 153 158 160 171 173 179 189 196 205 211 212 216 223 226 230 233 236 239 239 239 239 240 240 241 0.00 0.00 
148 152 158 164 172 174 177 190 200 205 214 218 217 222 226 230 234 236 237 238 239 239 240 0.00 0.00 0.00 0.00 
148 153 159 166 172 174 177 191 199 201 213 217 222 220 225 228 231 235 235 236 237 238 0.00 0.00 0.00 0.00 0.00 
148 152 157 165 169 173 178 189 197 201 210 213 221 222 225 227 231 235 235 235 237 236 0.00 0.00 0.00 0.00 0.00 
147 151 155 163 170 175 177 185 196 198 205 213 219 219 221 225 230 233 236 235 237 0.00 0.00 0.00 0.00 0.00 0.00 
148 151 155 162 170 174 177 183 190 199 202 208 217 217 219 223 229 228 232 232 238 0.00 0.00 0.00 0.00 0.00 0.00 
148 151 155 160 166 176 179 179 192 198 200 203 212 214 213 219 222 226 226 227 0.00 0.00 0.00 0.00 0.00 0.00 0.00 
148 152 157 160 165 171 175 179 192 195 196 206 210 209 208 216 220 223 222 0.00 0.00 0.00 0.00 0.00 0.00 0.00 0.00 
150 154 160 165 170 176 175 183 191 191 196 200 206 201 205 209 214 219 221 0.00 0.00 0.00 0.00 0.00 0.00 0.00 0.00 
151 156 162 167 171 173 178 177 181 189 193 200 204 197 200 209 214 217 220 0.00 0.00 0.00 0.00 0.00 0.00 0.00 0.00 
154 161 163 166 170 174 174 179 184 180 184 192 201 193 200 203 208 209 0.00 0.00 0.00 0.00 0.00 0.00 0.00 0.00 0.00 
155 163 167 172 176 178 177 182 189 186 183 190 200 200 0.00 0.00 0.00 0.00 0.00 0.00 0.00 0.00 0.00 0.00 0.00 0.00 0.00 
157 165 170 175 176 173 177 185 189 191 193 188 195 193 188 0.00 0.00 0.00 0.00 0.00 0.00 0.00 0.00 0.00 0.00 0.00 0.00 
