2016_CCC_ARR_IFD/catchment_depth_45min_00500aep.txt.asc
ncols         27
nrows         23
xllcorner     150.975
yllcorner     -33.6
cellsize      0.025
NODATA_value  -9999
67.3 67.1 68.3 69.2 69.1 69.0 69.6 71.0 72.6 74.8 76.8 78.0 79.1 80.3 81.5 82.5 84.2 85.6 86.9 88.1 89.2 90.3 91.3 92.1 92.9 93.7 94.6 
67.9 68.0 68.5 69.5 70.0 70.4 70.8 72.1 73.9 76.1 77.8 78.9 80.1 81.4 82.3 84.1 85.3 86.8 88.0 89.1 90.2 91.2 92.1 92.9 93.8 94.5 95.3 
67.3 68.3 69.5 69.9 70.2 71.1 71.9 73.1 75.4 77.1 78.7 79.9 81.2 82.7 83.6 84.5 86.7 88.2 89.2 90.2 91.2 92.0 92.9 93.8 94.6 95.4 96.1 
68.1 68.4 69.8 68.8 69.8 70.9 73.2 74.2 75.7 77.7 79.5 80.9 82.4 83.9 85.0 87.0 88.3 89.4 90.4 91.2 92.2 93.1 93.9 94.7 95.4 96.2 97.0 
68.1 68.3 69.8 68.6 70.3 71.8 73.5 75.2 77.3 79.2 80.5 82.2 83.6 85.6 86.8 88.6 89.9 90.8 91.6 92.5 93.2 93.9 94.6 95.5 96.2 97.0 97.6 
67.6 69.3 69.4 68.4 71.4 72.0 73.5 75.5 78.3 80.2 81.7 83.5 85.4 87.2 88.6 89.8 91.4 92.4 93.2 93.4 93.9 94.7 95.5 96.2 97.0 97.8 98.2 
67.4 68.4 68.5 69.3 72.0 72.5 74.5 76.7 79.2 81.2 82.9 84.9 86.6 88.0 90.3 90.9 92.5 93.6 94.4 94.6 95.0 95.7 96.4 97.1 97.8 98.5 99.1 
67.7 69.3 70.6 71.9 73.3 73.2 75.6 78.2 80.4 82.1 84.0 86.0 88.3 90.3 91.6 92.9 93.6 94.4 95.4 95.7 96.1 96.7 97.3 97.7 98.3 98.8 0.00 
68.2 70.1 70.9 72.8 73.4 74.5 76.0 79.4 81.0 83.1 84.8 87.0 89.6 91.3 92.9 93.8 94.6 95.6 96.3 96.9 97.2 97.5 97.9 98.3 98.8 99.1 0.00 
68.8 69.5 71.5 72.6 74.2 75.1 76.6 79.2 81.4 84.1 86.1 87.8 89.3 92.1 93.2 94.7 95.2 96.5 97.4 97.9 98.1 98.2 98.5 99.0 0.00 0.00 0.00 
68.9 69.9 71.1 72.0 74.8 75.6 77.6 80.4 82.6 84.9 86.5 88.5 90.5 91.6 93.9 95.3 96.2 97.1 97.9 98.2 98.3 98.6 99.1 99.6 99.8 0.00 0.00 
68.8 69.9 71.5 73.3 75.6 76.2 77.6 80.9 83.4 85.2 87.5 89.1 90.7 92.6 94.2 95.6 96.8 97.5 97.8 98.2 98.5 98.8 99.3 0.00 0.00 0.00 0.00 
69.1 70.5 72.2 74.1 75.6 76.5 77.7 81.3 83.6 85.0 87.5 89.2 90.6 92.5 94.2 95.4 96.3 97.5 97.6 98.1 98.5 98.8 0.00 0.00 0.00 0.00 0.00 
69.2 70.5 71.8 74.0 75.2 76.5 78.2 81.1 83.3 85.1 87.3 89.0 90.5 92.4 94.1 95.4 96.7 97.7 98.0 97.9 98.5 98.6 0.00 0.00 0.00 0.00 0.00 
69.0 70.2 71.5 73.6 75.5 77.2 78.0 80.3 83.3 84.6 86.7 88.8 90.4 92.2 93.7 95.0 96.4 97.4 98.1 98.0 98.7 0.00 0.00 0.00 0.00 0.00 0.00 
69.5 70.3 71.5 73.5 75.8 77.0 77.9 80.0 82.1 84.6 86.2 88.2 90.1 91.7 93.3 94.7 95.9 96.3 97.3 97.4 98.5 0.00 0.00 0.00 0.00 0.00 0.00 
69.8 70.7 71.5 72.9 74.8 77.4 78.5 78.9 82.4 84.3 85.6 87.1 89.5 91.0 91.6 93.5 94.5 95.6 95.7 96.1 0.00 0.00 0.00 0.00 0.00 0.00 0.00 
69.8 70.9 71.9 72.6 74.4 76.0 77.2 78.8 82.2 83.5 84.5 87.2 88.8 89.8 90.0 92.4 93.9 95.0 94.7 0.00 0.00 0.00 0.00 0.00 0.00 0.00 0.00 
69.7 71.0 72.7 74.0 75.5 77.2 77.2 79.7 82.0 82.5 84.2 85.9 87.8 87.6 88.9 90.4 92.2 93.6 94.4 0.00 0.00 0.00 0.00 0.00 0.00 0.00 0.00 
69.7 71.4 72.9 74.4 75.5 76.0 77.7 77.7 79.2 81.8 83.2 85.5 87.0 86.4 87.5 90.0 91.6 92.8 93.5 0.00 0.00 0.00 0.00 0.00 0.00 0.00 0.00 
70.0 72.1 72.7 73.8 74.9 76.3 76.4 78.0 79.7 79.4 80.9 83.6 86.1 85.1 87.3 88.3 89.9 90.6 0.00 0.00 0.00 0.00 0.00 0.00 0.00 0.00 0.00 
69.9 72.3 73.6 74.9 76.1 76.8 76.9 78.5 80.9 80.5 80.5 82.8 85.6 86.2 0.00 0.00 0.00 0.00 0.00 0.00 0.00 0.00 0.00 0.00 0.00 0.00 0.00 
70.2 72.2 73.8 75.3 75.6 75.2 76.5 79.1 80.6 81.5 82.6 82.2 84.4 84.4 83.7 0.00 0.00 0.00 0.00 0.00 0.00 0.00 0.00 0.00 0.00 0.00 0.00 
