2016_CCC_ARR_IFD/catchment_depth_4min_39347aep.txt.asc
ncols         27
nrows         23
xllcorner     150.975
yllcorner     -33.6
cellsize      0.025
NODATA_value  -9999
6.68 6.65 6.70 6.74 6.69 6.65 6.65 6.72 6.81 6.96 7.12 7.19 7.22 7.35 7.40 7.47 7.47 7.55 7.63 7.71 7.79 7.86 7.93 8.00 8.07 8.13 8.20 
6.72 6.71 6.73 6.77 6.78 6.77 6.76 6.81 6.91 7.07 7.22 7.33 7.34 7.38 7.48 7.45 7.51 7.61 7.70 7.78 7.85 7.92 7.99 8.06 8.12 8.18 8.25 
6.71 6.75 6.80 6.81 6.81 6.83 6.85 6.89 7.04 7.13 7.25 7.33 7.35 7.36 7.50 7.59 7.59 7.65 7.76 7.85 7.92 7.99 8.05 8.11 8.17 8.23 8.29 
6.77 6.78 6.84 6.78 6.81 6.85 6.96 6.98 7.04 7.15 7.26 7.31 7.38 7.44 7.54 7.56 7.63 7.74 7.83 7.92 7.98 8.05 8.11 8.16 8.22 8.28 8.33 
6.79 6.80 6.86 6.82 6.87 6.93 7.00 7.06 7.17 7.31 7.31 7.31 7.45 7.47 7.57 7.62 7.70 7.82 7.91 7.98 8.05 8.11 8.17 8.22 8.27 8.32 8.37 
6.79 6.86 6.87 6.85 6.95 6.97 7.02 7.09 7.24 7.37 7.35 7.41 7.46 7.53 7.62 7.72 7.79 7.87 7.95 8.06 8.13 8.18 8.22 8.27 8.32 8.36 8.41 
6.81 6.85 6.87 6.91 7.01 7.02 7.10 7.18 7.31 7.45 7.43 7.46 7.52 7.64 7.68 7.81 7.89 7.95 8.04 8.14 8.20 8.24 8.28 8.32 8.36 8.41 8.45 
6.85 6.91 6.96 7.03 7.09 7.07 7.17 7.30 7.41 7.52 7.49 7.50 7.58 7.66 7.75 7.85 7.98 8.08 8.15 8.22 8.26 8.30 8.33 8.36 8.40 8.44 0.00 
6.88 6.95 7.00 7.09 7.11 7.15 7.20 7.39 7.45 7.59 7.67 7.63 7.65 7.73 7.82 7.94 8.06 8.16 8.24 8.29 8.32 8.35 8.37 8.40 8.43 8.48 0.00 
6.91 6.96 7.04 7.10 7.17 7.20 7.25 7.36 7.44 7.66 7.73 7.75 7.83 7.80 7.90 7.99 8.14 8.25 8.33 8.36 8.38 8.40 8.41 8.43 0.00 0.00 0.00 
6.94 6.99 7.05 7.09 7.22 7.24 7.32 7.47 7.57 7.75 7.84 7.76 7.79 7.94 7.95 8.03 8.17 8.30 8.38 8.40 8.42 8.43 8.45 8.47 8.50 0.00 0.00 
6.97 7.02 7.08 7.17 7.28 7.29 7.34 7.52 7.69 7.74 7.92 7.95 7.86 7.93 8.00 8.08 8.18 8.30 8.37 8.42 8.44 8.47 8.49 0.00 0.00 0.00 0.00 
7.00 7.05 7.13 7.22 7.30 7.33 7.37 7.58 7.71 7.71 7.91 7.95 8.04 7.95 8.04 8.12 8.22 8.30 8.37 8.42 8.46 8.49 0.00 0.00 0.00 0.00 0.00 
7.03 7.08 7.14 7.24 7.30 7.36 7.43 7.59 7.70 7.75 7.89 7.91 8.08 8.05 8.08 8.14 8.23 8.31 8.38 8.43 8.48 8.52 0.00 0.00 0.00 0.00 0.00 
7.07 7.10 7.16 7.25 7.34 7.43 7.46 7.56 7.73 7.74 7.84 7.97 8.09 8.05 8.07 8.16 8.25 8.33 8.40 8.45 8.51 0.00 0.00 0.00 0.00 0.00 0.00 
7.07 7.13 7.19 7.27 7.39 7.45 7.49 7.58 7.68 7.81 7.85 7.95 8.10 8.09 8.08 8.18 8.29 8.34 8.42 8.47 8.56 0.00 0.00 0.00 0.00 0.00 0.00 
7.09 7.14 7.23 7.29 7.38 7.51 7.56 7.59 7.75 7.85 7.88 7.93 8.09 8.10 8.10 8.19 8.28 8.36 8.42 8.49 0.00 0.00 0.00 0.00 0.00 0.00 0.00 
7.12 7.17 7.25 7.33 7.41 7.49 7.56 7.64 7.80 7.86 7.90 8.05 8.13 8.12 8.15 8.24 8.33 8.40 8.45 0.00 0.00 0.00 0.00 0.00 0.00 0.00 0.00 
7.19 7.23 7.32 7.40 7.49 7.58 7.61 7.73 7.85 7.88 7.96 8.05 8.15 8.13 8.20 8.28 8.36 8.44 8.51 0.00 0.00 0.00 0.00 0.00 0.00 0.00 0.00 
7.24 7.29 7.38 7.46 7.53 7.59 7.68 7.72 7.80 7.92 8.00 8.13 8.21 8.18 8.25 8.36 8.46 8.53 8.58 0.00 0.00 0.00 0.00 0.00 0.00 0.00 0.00 
7.29 7.37 7.42 7.49 7.57 7.65 7.70 7.79 7.88 7.92 8.00 8.13 8.27 8.24 8.35 8.41 8.49 8.54 0.00 0.00 0.00 0.00 0.00 0.00 0.00 0.00 0.00 
7.34 7.43 7.50 7.58 7.66 7.72 7.77 7.87 8.00 8.03 8.08 8.20 8.35 8.40 0.00 0.00 0.00 0.00 0.00 0.00 0.00 0.00 0.00 0.00 0.00 0.00 0.00 
7.40 7.48 7.56 7.65 7.69 7.74 7.83 7.96 8.07 8.16 8.25 8.29 8.41 8.45 8.44 0.00 0.00 0.00 0.00 0.00 0.00 0.00 0.00 0.00 0.00 0.00 0.00 
