2016_CCC_ARR_IFD/catchment_depth_540min_00500aep.txt.asc
ncols         27
nrows         23
xllcorner     150.975
yllcorner     -33.6
cellsize      0.025
NODATA_value  -9999
146 147 152 156 156 154 155 161 166 175 183 187 190 197 200 204 204 202 207 211 215 220 224 226 228 230 232 
150 151 154 158 160 161 161 165 172 181 188 194 196 199 205 202 201 205 209 213 217 221 224 226 229 230 233 
149 153 159 161 162 164 166 170 179 185 191 196 198 198 206 211 210 207 212 215 219 221 224 227 230 232 234 
153 155 161 158 161 165 173 174 178 186 193 195 200 203 209 208 210 211 214 217 221 223 226 229 231 233 237 
154 156 162 159 164 169 174 179 186 194 196 195 204 203 210 209 214 214 218 221 223 225 227 230 232 235 237 
153 160 162 160 169 170 173 179 190 198 198 201 204 208 213 211 216 220 223 223 225 227 229 231 234 237 237 
152 158 159 163 172 172 178 184 194 202 202 204 203 216 217 214 220 224 226 227 228 230 231 233 235 238 241 
152 161 166 171 176 173 182 192 199 206 205 204 210 215 222 222 223 226 229 229 230 232 233 233 235 236 0.00 
155 164 168 175 176 179 182 197 201 210 215 214 214 217 223 224 226 229 231 232 233 233 233 234 235 236 0.00 
157 160 169 173 179 180 182 193 199 214 218 220 225 222 223 228 228 232 234 235 235 234 234 235 0.00 0.00 0.00 
157 161 166 168 181 181 187 199 206 218 224 219 221 230 229 232 231 234 235 235 235 235 236 236 237 0.00 0.00 
155 160 167 175 184 183 185 201 213 216 227 230 224 227 230 232 235 235 234 235 235 235 236 0.00 0.00 0.00 0.00 
156 163 170 178 183 184 185 203 212 212 225 228 233 224 229 230 231 235 234 234 235 235 0.00 0.00 0.00 0.00 0.00 
157 163 167 177 180 183 188 201 209 212 222 223 233 230 230 230 234 237 235 234 235 234 0.00 0.00 0.00 0.00 0.00 
156 161 165 175 182 188 187 196 209 209 215 225 231 228 226 229 233 237 238 235 238 0.00 0.00 0.00 0.00 0.00 0.00 
159 162 166 174 184 187 188 195 201 211 213 219 229 226 225 229 234 231 235 233 242 0.00 0.00 0.00 0.00 0.00 0.00 
161 164 167 172 179 190 193 190 205 211 212 213 224 223 221 225 227 230 229 229 0.00 0.00 0.00 0.00 0.00 0.00 0.00 
161 165 169 172 178 184 187 192 206 208 208 219 223 219 216 223 227 228 226 0.00 0.00 0.00 0.00 0.00 0.00 0.00 0.00 
163 167 175 180 186 192 189 198 207 205 209 213 219 211 213 217 222 226 227 0.00 0.00 0.00 0.00 0.00 0.00 0.00 0.00 
165 171 178 184 187 188 194 191 195 205 207 214 217 208 209 218 223 226 227 0.00 0.00 0.00 0.00 0.00 0.00 0.00 0.00 
169 177 179 183 186 191 190 195 200 194 197 207 215 204 211 212 217 217 0.00 0.00 0.00 0.00 0.00 0.00 0.00 0.00 0.00 
171 180 185 190 194 196 194 199 208 203 198 205 216 214 0.00 0.00 0.00 0.00 0.00 0.00 0.00 0.00 0.00 0.00 0.00 0.00 0.00 
174 183 189 195 194 191 195 204 208 209 210 204 211 207 199 0.00 0.00 0.00 0.00 0.00 0.00 0.00 0.00 0.00 0.00 0.00 0.00 
