2016_CCC_ARR_IFD/catchment_depth_45min_99752aep.txt.asc
ncols         27
nrows         23
xllcorner     150.975
yllcorner     -33.6
cellsize      0.025
NODATA_value  -9999
8.75 8.72 8.86 8.96 8.87 8.79 8.78 8.91 9.06 9.32 9.63 9.74 9.77 10.0 10.1 10.2 10.1 10.1 10.2 10.4 10.5 10.6 10.7 10.8 10.9 11.0 11.2 
8.85 8.85 8.90 9.00 9.01 8.99 8.95 9.04 9.22 9.51 9.80 10.0 10.0 10.1 10.3 10.1 10.1 10.2 10.3 10.4 10.6 10.7 10.8 10.9 11.0 11.1 11.2 
8.79 8.90 9.04 9.06 9.04 9.08 9.10 9.16 9.43 9.61 9.82 9.98 9.97 9.92 10.2 10.4 10.3 10.3 10.4 10.5 10.6 10.7 10.9 11.0 11.1 11.2 11.3 
8.92 8.95 9.09 8.95 9.01 9.07 9.29 9.29 9.38 9.59 9.80 9.86 9.98 10.1 10.3 10.2 10.3 10.4 10.5 10.6 10.7 10.8 10.9 11.0 11.1 11.2 11.4 
8.94 8.96 9.10 8.98 9.10 9.19 9.32 9.41 9.63 9.90 9.85 9.76 10.1 9.99 10.2 10.2 10.4 10.4 10.6 10.7 10.8 10.9 11.0 11.1 11.2 11.3 11.4 
8.90 9.08 9.09 9.01 9.23 9.23 9.26 9.39 9.72 9.99 9.86 9.92 9.98 10.1 10.2 10.3 10.4 10.6 10.7 10.8 10.9 11.0 11.1 11.2 11.3 11.4 11.4 
8.86 9.00 9.01 9.08 9.30 9.25 9.39 9.54 9.80 10.1 9.98 9.97 9.93 10.3 10.3 10.3 10.5 10.6 10.8 10.9 11.0 11.1 11.2 11.2 11.3 11.4 11.6 
8.87 9.09 9.22 9.33 9.44 9.29 9.50 9.77 9.98 10.2 10.0 9.91 10.0 10.2 10.4 10.4 10.6 10.7 10.8 11.0 11.0 11.1 11.2 11.3 11.4 11.5 0.00 
8.94 9.17 9.25 9.43 9.42 9.44 9.48 9.93 9.98 10.3 10.4 10.2 10.1 10.2 10.4 10.5 10.6 10.8 10.9 11.0 11.1 11.2 11.3 11.3 11.4 11.5 0.00 
9.00 9.06 9.29 9.37 9.51 9.48 9.50 9.75 9.88 10.4 10.5 10.4 10.6 10.4 10.4 10.6 10.7 10.9 11.0 11.1 11.2 11.2 11.3 11.4 0.00 0.00 0.00 
9.00 9.09 9.20 9.20 9.57 9.52 9.65 9.96 10.1 10.5 10.7 10.4 10.4 10.7 10.6 10.7 10.8 10.9 11.0 11.1 11.2 11.3 11.3 11.4 11.5 0.00 0.00 
8.96 9.06 9.24 9.42 9.67 9.58 9.59 10.0 10.4 10.4 10.8 10.8 10.5 10.5 10.6 10.7 10.8 10.9 11.0 11.1 11.2 11.3 11.4 0.00 0.00 0.00 0.00 
9.00 9.17 9.33 9.54 9.66 9.61 9.59 10.1 10.4 10.3 10.7 10.7 10.9 10.5 10.6 10.7 10.8 10.9 11.0 11.1 11.2 11.3 0.00 0.00 0.00 0.00 0.00 
9.03 9.16 9.27 9.53 9.57 9.61 9.70 10.1 10.3 10.3 10.6 10.5 11.0 10.7 10.7 10.7 10.9 11.0 11.1 11.1 11.3 11.4 0.00 0.00 0.00 0.00 0.00 
8.99 9.11 9.23 9.47 9.65 9.78 9.71 9.90 10.3 10.2 10.4 10.7 10.9 10.7 10.6 10.7 10.9 11.1 11.2 11.2 11.3 0.00 0.00 0.00 0.00 0.00 0.00 
9.15 9.18 9.25 9.48 9.74 9.78 9.75 9.91 10.1 10.3 10.4 10.5 10.9 10.7 10.6 10.8 11.0 11.0 11.2 11.2 11.6 0.00 0.00 0.00 0.00 0.00 0.00 
9.24 9.30 9.30 9.43 9.60 9.91 9.93 9.86 10.2 10.4 10.4 10.4 10.8 10.7 10.6 10.8 10.9 11.1 11.2 11.3 0.00 0.00 0.00 0.00 0.00 0.00 0.00 
9.28 9.39 9.43 9.47 9.61 9.74 9.83 9.95 10.3 10.4 10.4 10.7 10.8 10.7 10.7 10.9 11.1 11.2 11.2 0.00 0.00 0.00 0.00 0.00 0.00 0.00 0.00 
9.31 9.42 9.60 9.71 9.84 9.99 9.92 10.2 10.4 10.4 10.5 10.7 10.8 10.7 10.8 11.0 11.1 11.3 11.4 0.00 0.00 0.00 0.00 0.00 0.00 0.00 0.00 
9.37 9.52 9.68 9.83 9.90 9.93 10.1 10.1 10.2 10.4 10.6 10.8 11.0 10.8 10.9 11.2 11.3 11.5 11.6 0.00 0.00 0.00 0.00 0.00 0.00 0.00 0.00 
9.49 9.68 9.71 9.81 9.92 10.0 10.1 10.2 10.4 10.4 10.6 10.8 11.1 11.0 11.2 11.3 11.4 11.5 0.00 0.00 0.00 0.00 0.00 0.00 0.00 0.00 0.00 
9.57 9.76 9.89 10.0 10.1 10.2 10.2 10.4 10.7 10.7 10.7 10.9 11.3 11.3 0.00 0.00 0.00 0.00 0.00 0.00 0.00 0.00 0.00 0.00 0.00 0.00 0.00 
9.68 9.84 9.99 10.1 10.2 10.2 10.4 10.6 10.8 10.9 11.1 11.1 11.4 11.4 11.4 0.00 0.00 0.00 0.00 0.00 0.00 0.00 0.00 0.00 0.00 0.00 0.00 
