2016_CCC_ARR_IFD/catchment_depth_360min_99999aep.txt.asc
ncols         27
nrows         23
xllcorner     150.975
yllcorner     -33.6
cellsize      0.025
NODATA_value  -9999
15.7 15.6 16.1 16.4 16.1 15.8 15.8 16.1 16.4 17.1 18.0 18.2 18.2 18.9 19.1 19.4 18.9 18.5 18.7 19.0 19.2 19.4 19.7 19.8 20.0 20.1 20.3 
16.0 16.0 16.2 16.5 16.5 16.4 16.2 16.4 16.9 17.6 18.4 19.1 18.9 18.9 19.5 18.7 18.5 18.6 18.9 19.1 19.3 19.6 19.8 19.9 20.1 20.2 20.4 
15.8 16.1 16.6 16.6 16.5 16.6 16.6 16.7 17.4 17.9 18.4 18.8 18.7 18.4 19.3 19.8 19.2 18.9 19.1 19.3 19.5 19.7 19.9 20.1 20.3 20.4 20.6 
16.2 16.2 16.7 16.2 16.3 16.4 17.1 17.0 17.2 17.8 18.3 18.4 18.6 18.8 19.3 18.9 19.0 19.1 19.3 19.5 19.8 20.0 20.1 20.3 20.4 20.6 20.9 
16.2 16.2 16.6 16.2 16.5 16.8 17.1 17.3 17.9 18.6 18.4 18.1 18.9 18.5 19.1 18.9 19.3 19.4 19.6 19.9 20.1 20.2 20.3 20.5 20.6 20.8 21.0 
16.0 16.6 16.5 16.2 16.9 16.8 16.9 17.2 18.1 18.8 18.4 18.5 18.6 18.8 19.1 19.1 19.4 19.7 20.0 20.1 20.3 20.5 20.6 20.7 20.9 21.1 21.1 
15.8 16.2 16.2 16.4 17.1 16.8 17.2 17.6 18.3 19.1 18.7 18.6 18.5 19.4 19.3 19.4 19.7 20.0 20.3 20.5 20.6 20.7 20.8 20.9 21.0 21.2 21.4 
15.8 16.5 16.9 17.2 17.5 16.9 17.5 18.2 18.8 19.3 18.8 18.6 18.9 19.2 19.6 19.8 20.0 20.3 20.6 20.7 20.8 20.9 21.0 21.0 21.1 21.2 0.00 
16.0 16.7 16.9 17.4 17.4 17.4 17.5 18.7 18.8 19.5 19.8 19.3 19.2 19.4 19.7 20.0 20.3 20.6 20.8 21.0 21.0 21.0 21.1 21.1 21.2 21.3 0.00 
16.2 16.3 17.0 17.2 17.6 17.5 17.5 18.2 18.5 19.7 19.9 19.8 20.2 19.7 19.9 20.2 20.5 20.9 21.2 21.2 21.2 21.2 21.2 21.3 0.00 0.00 0.00 
16.2 16.4 16.7 16.7 17.7 17.6 18.0 18.7 19.2 20.1 20.5 19.8 19.8 20.5 20.3 20.5 20.7 21.0 21.3 21.3 21.2 21.3 21.3 21.4 21.5 0.00 0.00 
16.0 16.3 16.8 17.3 18.0 17.8 17.8 18.9 19.8 19.8 20.6 20.7 20.1 20.2 20.4 20.6 20.8 21.0 21.2 21.2 21.3 21.3 21.4 0.00 0.00 0.00 0.00 
16.1 16.6 17.1 17.7 18.0 17.9 17.9 19.2 19.8 19.6 20.5 20.6 21.0 20.2 20.4 20.6 20.7 21.0 21.1 21.2 21.2 21.3 0.00 0.00 0.00 0.00 0.00 
16.1 16.5 16.9 17.6 17.7 17.9 18.2 19.1 19.6 19.7 20.3 20.3 21.1 20.7 20.6 20.6 20.9 21.2 21.1 21.1 21.3 21.3 0.00 0.00 0.00 0.00 0.00 
16.0 16.4 16.7 17.4 17.9 18.3 18.2 18.8 19.7 19.6 20.0 20.6 21.1 20.6 20.4 20.6 20.9 21.2 21.4 21.2 21.5 0.00 0.00 0.00 0.00 0.00 0.00 
16.4 16.5 16.8 17.4 18.1 18.3 18.4 18.8 19.3 19.9 20.0 20.4 21.0 20.7 20.3 20.6 21.1 20.9 21.2 21.2 21.9 0.00 0.00 0.00 0.00 0.00 0.00 
16.5 16.7 16.9 17.3 17.8 18.6 18.8 18.7 19.7 20.1 20.1 20.1 20.8 20.6 20.3 20.5 20.7 20.9 20.9 21.1 0.00 0.00 0.00 0.00 0.00 0.00 0.00 
16.6 16.9 17.1 17.4 17.9 18.3 18.6 19.0 19.9 20.1 20.1 20.8 21.0 20.6 20.3 20.7 20.9 21.0 21.0 0.00 0.00 0.00 0.00 0.00 0.00 0.00 0.00 
16.7 17.0 17.6 17.9 18.4 18.8 18.9 19.5 20.1 20.2 20.4 20.7 21.0 20.3 20.4 20.6 20.9 21.1 21.2 0.00 0.00 0.00 0.00 0.00 0.00 0.00 0.00 
16.8 17.3 17.8 18.2 18.5 18.7 19.2 19.3 19.8 20.4 20.6 21.0 21.1 20.4 20.4 21.0 21.3 21.5 21.6 0.00 0.00 0.00 0.00 0.00 0.00 0.00 0.00 
17.1 17.7 17.8 18.2 18.6 19.0 19.2 19.7 20.2 20.0 20.2 20.8 21.3 20.5 20.9 20.9 21.2 21.2 0.00 0.00 0.00 0.00 0.00 0.00 0.00 0.00 0.00 
17.3 17.9 18.3 18.7 19.0 19.3 19.5 20.0 20.5 20.7 20.5 20.9 21.5 21.4 0.00 0.00 0.00 0.00 0.00 0.00 0.00 0.00 0.00 0.00 0.00 0.00 0.00 
17.5 18.0 18.5 18.9 19.0 19.1 19.6 20.2 20.7 21.0 21.2 21.1 21.5 21.2 20.7 0.00 0.00 0.00 0.00 0.00 0.00 0.00 0.00 0.00 0.00 0.00 0.00 
