2016_CCC_ARR_IFD/catchment_depth_30min_98168aep.txt.asc
ncols         27
nrows         23
xllcorner     150.975
yllcorner     -33.6
cellsize      0.025
NODATA_value  -9999
9.40 9.37 9.48 9.56 9.48 9.40 9.39 9.51 9.65 9.89 10.2 10.3 10.3 10.6 10.6 10.8 10.7 10.7 10.9 11.0 11.1 11.2 11.4 11.5 11.6 11.7 11.8 
9.50 9.50 9.53 9.62 9.63 9.61 9.57 9.65 9.82 10.1 10.3 10.6 10.5 10.6 10.8 10.7 10.7 10.8 11.0 11.1 11.2 11.3 11.4 11.6 11.7 11.8 11.9 
9.47 9.56 9.67 9.69 9.67 9.71 9.73 9.78 10.0 10.2 10.4 10.5 10.5 10.5 10.8 10.9 10.9 10.9 11.0 11.2 11.3 11.4 11.5 11.6 11.7 11.8 11.9 
9.59 9.61 9.73 9.62 9.68 9.73 9.92 9.92 10.0 10.2 10.4 10.5 10.6 10.7 10.8 10.8 10.9 11.0 11.1 11.3 11.4 11.5 11.6 11.7 11.8 11.9 12.0 
9.62 9.64 9.76 9.68 9.77 9.86 9.97 10.1 10.3 10.5 10.5 10.4 10.7 10.6 10.8 10.8 11.0 11.1 11.2 11.4 11.5 11.6 11.7 11.8 11.9 12.0 12.1 
9.61 9.76 9.77 9.73 9.90 9.91 9.94 10.1 10.4 10.6 10.5 10.6 10.6 10.7 10.9 10.9 11.1 11.2 11.3 11.5 11.6 11.7 11.8 11.9 12.0 12.1 12.2 
9.59 9.71 9.73 9.80 9.98 9.95 10.1 10.2 10.4 10.7 10.6 10.6 10.6 10.9 10.9 11.0 11.1 11.3 11.4 11.5 11.7 11.8 11.8 11.9 12.0 12.1 12.2 
9.60 9.80 9.91 10.0 10.1 10.0 10.2 10.4 10.6 10.8 10.7 10.6 10.7 10.8 11.0 11.1 11.2 11.4 11.5 11.6 11.7 11.8 11.9 12.0 12.1 12.2 0.00 
9.67 9.87 9.94 10.1 10.1 10.1 10.2 10.6 10.6 10.9 11.0 10.9 10.8 10.9 11.1 11.2 11.3 11.5 11.6 11.7 11.8 11.9 12.0 12.1 12.1 12.2 0.00 
9.73 9.79 9.99 10.1 10.2 10.2 10.2 10.4 10.6 11.0 11.1 11.1 11.2 11.0 11.1 11.2 11.4 11.5 11.7 11.8 11.9 11.9 12.0 12.1 0.00 0.00 0.00 
9.74 9.82 9.92 9.93 10.3 10.2 10.3 10.6 10.8 11.2 11.3 11.0 11.0 11.4 11.3 11.4 11.4 11.6 11.7 11.8 11.9 12.0 12.1 12.2 12.3 0.00 0.00 
9.71 9.80 9.96 10.1 10.4 10.3 10.3 10.7 11.1 11.1 11.4 11.5 11.1 11.2 11.3 11.4 11.5 11.6 11.7 11.8 11.9 12.0 12.1 0.00 0.00 0.00 0.00 
9.74 9.89 10.0 10.2 10.3 10.3 10.3 10.8 11.0 10.9 11.4 11.4 11.6 11.2 11.3 11.4 11.5 11.7 11.8 11.9 12.0 12.1 0.00 0.00 0.00 0.00 0.00 
9.78 9.89 9.99 10.2 10.3 10.3 10.4 10.7 10.9 11.0 11.3 11.2 11.6 11.4 11.4 11.4 11.6 11.7 11.8 11.9 12.0 12.1 0.00 0.00 0.00 0.00 0.00 
9.76 9.86 9.96 10.2 10.3 10.5 10.4 10.6 11.0 10.9 11.1 11.4 11.6 11.4 11.3 11.5 11.6 11.8 11.9 12.0 12.1 0.00 0.00 0.00 0.00 0.00 0.00 
9.88 9.91 9.98 10.2 10.4 10.5 10.4 10.6 10.8 11.0 11.0 11.2 11.6 11.4 11.3 11.5 11.7 11.8 11.9 12.0 12.3 0.00 0.00 0.00 0.00 0.00 0.00 
9.96 10.0 10.0 10.1 10.3 10.6 10.6 10.6 10.9 11.1 11.1 11.1 11.5 11.4 11.4 11.5 11.7 11.8 11.9 12.1 0.00 0.00 0.00 0.00 0.00 0.00 0.00 
10.0 10.1 10.1 10.2 10.3 10.4 10.5 10.6 11.0 11.1 11.1 11.4 11.5 11.4 11.5 11.7 11.8 11.9 12.0 0.00 0.00 0.00 0.00 0.00 0.00 0.00 0.00 
10.0 10.1 10.3 10.4 10.5 10.7 10.6 10.8 11.1 11.0 11.2 11.3 11.5 11.5 11.6 11.7 11.9 12.0 12.2 0.00 0.00 0.00 0.00 0.00 0.00 0.00 0.00 
10.1 10.2 10.4 10.5 10.6 10.6 10.8 10.8 10.9 11.1 11.2 11.5 11.6 11.6 11.7 11.9 12.1 12.2 12.3 0.00 0.00 0.00 0.00 0.00 0.00 0.00 0.00 
10.2 10.4 10.4 10.5 10.6 10.7 10.8 10.9 11.0 11.1 11.2 11.5 11.8 11.7 11.9 12.0 12.2 12.3 0.00 0.00 0.00 0.00 0.00 0.00 0.00 0.00 0.00 
10.3 10.5 10.6 10.7 10.8 10.9 10.9 11.1 11.4 11.3 11.4 11.6 12.0 12.0 0.00 0.00 0.00 0.00 0.00 0.00 0.00 0.00 0.00 0.00 0.00 0.00 0.00 
10.4 10.6 10.7 10.9 10.9 10.9 11.1 11.3 11.5 11.6 11.8 11.8 12.1 12.1 12.1 0.00 0.00 0.00 0.00 0.00 0.00 0.00 0.00 0.00 0.00 0.00 0.00 
