2016_CCC_ARR_IFD/catchment_depth_8640min_99752aep.txt.asc
ncols         27
nrows         23
xllcorner     150.975
yllcorner     -33.6
cellsize      0.025
NODATA_value  -9999
46.8 45.9 48.5 49.8 47.9 45.4 44.2 45.8 47.2 50.6 54.8 55.6 54.7 58.6 58.6 59.9 55.0 49.8 50.7 51.7 52.3 53.6 55.0 55.3 55.7 56.3 56.9 
49.0 48.7 48.9 50.4 49.9 48.7 46.7 47.3 49.5 53.6 57.8 61.0 59.0 58.2 61.2 54.3 51.4 50.5 50.9 51.7 52.8 53.8 54.7 55.3 56.0 56.6 57.2 
47.2 49.4 51.6 51.1 49.9 49.7 49.0 48.7 52.9 54.9 57.5 58.9 57.2 54.3 59.3 61.6 56.0 52.5 52.2 52.3 53.2 54.0 54.8 55.6 56.6 57.2 57.8 
50.0 49.9 52.3 48.1 48.5 48.6 51.9 50.5 50.8 53.8 56.4 55.6 56.4 56.1 58.9 54.7 54.3 52.4 52.8 53.2 54.2 54.8 55.5 56.3 57.0 57.9 59.4 
50.0 49.6 51.9 48.0 49.5 50.4 51.7 52.3 55.2 59.0 56.5 52.9 57.5 53.8 56.9 53.7 55.3 53.5 53.9 54.8 55.2 55.6 56.1 56.9 57.6 58.8 59.5 
48.6 52.0 50.7 47.7 51.5 50.3 49.5 51.0 56.1 59.9 55.7 55.4 55.0 54.9 56.4 53.4 55.1 55.7 56.2 55.4 55.9 56.5 57.0 57.5 58.6 59.8 59.6 
46.4 49.2 48.2 48.7 52.3 49.8 51.5 53.3 56.9 61.1 57.3 55.9 53.4 58.9 56.7 54.1 55.5 56.9 57.0 56.6 56.9 57.4 57.9 58.4 59.4 60.7 61.9 
45.9 51.0 52.3 53.5 54.5 50.0 53.2 56.8 59.4 62.2 57.6 54.6 55.6 56.6 58.5 57.5 56.4 56.5 57.3 57.3 57.5 58.3 58.8 58.7 59.5 60.1 0.00 
47.4 52.3 52.4 54.9 53.5 52.8 52.2 59.1 58.7 62.5 63.4 59.2 57.5 57.2 58.7 57.9 57.4 57.6 57.8 58.3 58.7 58.7 59.1 59.4 60.0 60.2 0.00 
48.6 48.8 52.6 53.1 54.7 52.7 52.2 55.5 56.6 62.9 63.4 62.1 63.4 59.7 58.7 59.7 58.1 58.5 58.8 59.5 59.7 59.6 59.9 60.4 0.00 0.00 0.00 
48.1 49.0 50.2 49.0 55.1 53.1 54.5 58.5 60.4 64.8 66.5 61.5 60.8 64.4 62.2 62.3 60.2 59.8 59.8 60.0 60.2 60.4 61.0 61.6 61.9 0.00 0.00 
46.4 47.8 50.5 53.0 56.4 53.9 53.3 59.1 63.4 62.7 66.8 66.2 62.4 62.8 63.1 63.1 62.9 61.7 60.9 60.9 61.1 61.3 61.8 0.00 0.00 0.00 0.00 
46.9 49.6 51.8 54.6 55.6 54.0 53.1 60.0 63.0 61.0 65.7 65.7 67.3 62.7 63.4 63.2 62.7 63.2 62.1 61.9 62.1 62.1 0.00 0.00 0.00 0.00 0.00 
47.1 48.9 50.0 53.7 53.5 53.6 54.6 59.2 61.4 61.5 64.6 64.0 67.8 65.6 65.1 64.6 65.1 65.7 64.2 63.1 63.4 62.9 0.00 0.00 0.00 0.00 0.00 
45.6 47.3 48.5 51.9 54.3 55.8 54.4 57.0 61.8 60.8 62.5 65.4 67.5 65.6 65.3 65.7 66.2 66.8 66.8 64.9 65.6 0.00 0.00 0.00 0.00 0.00 0.00 
47.7 47.5 48.2 51.5 55.1 55.3 54.7 56.9 58.9 62.1 62.4 64.2 67.3 66.2 66.3 66.9 67.6 66.1 66.4 65.4 68.7 0.00 0.00 0.00 0.00 0.00 0.00 
48.4 48.7 48.3 50.0 52.4 56.9 56.9 55.5 60.6 62.7 62.6 63.2 66.3 66.3 66.8 67.0 66.7 66.6 65.4 64.9 0.00 0.00 0.00 0.00 0.00 0.00 0.00 
48.3 49.4 49.7 49.8 52.0 53.8 54.7 56.3 61.5 62.0 61.9 65.4 66.4 65.9 65.3 66.9 67.3 66.9 65.5 0.00 0.00 0.00 0.00 0.00 0.00 0.00 0.00 
47.7 49.3 52.0 53.4 55.3 57.1 55.6 59.0 62.1 61.3 62.7 64.2 65.9 64.0 64.4 65.3 66.2 66.7 66.7 0.00 0.00 0.00 0.00 0.00 0.00 0.00 0.00 
47.9 50.4 52.9 55.0 55.6 55.5 57.6 56.4 58.0 61.4 62.4 64.9 65.9 63.2 63.4 66.0 67.1 67.6 67.6 0.00 0.00 0.00 0.00 0.00 0.00 0.00 0.00 
49.2 52.9 52.7 53.9 55.2 56.8 56.3 58.2 60.1 58.4 59.7 62.9 65.7 62.3 64.4 64.5 65.6 65.4 0.00 0.00 0.00 0.00 0.00 0.00 0.00 0.00 0.00 
49.5 53.4 55.3 57.0 58.3 58.7 58.1 60.0 63.2 61.6 60.4 62.7 66.3 65.6 0.00 0.00 0.00 0.00 0.00 0.00 0.00 0.00 0.00 0.00 0.00 0.00 0.00 
50.6 54.0 56.4 58.7 58.2 57.1 58.6 62.2 63.9 64.3 65.0 62.9 65.3 63.5 61.0 0.00 0.00 0.00 0.00 0.00 0.00 0.00 0.00 0.00 0.00 0.00 0.00 
