2016_CCC_ARR_IFD/catchment_depth_1min_01000aep.txt.asc
ncols         27
nrows         23
xllcorner     150.975
yllcorner     -33.6
cellsize      0.025
NODATA_value  -9999
5.68 5.66 5.76 5.84 5.80 5.76 5.80 5.91 6.04 6.23 6.41 6.50 6.57 6.68 6.76 6.83 6.92 6.95 7.04 7.12 7.19 7.28 7.36 7.40 7.45 7.50 7.55 
5.73 5.73 5.77 5.85 5.88 5.89 5.89 5.99 6.14 6.34 6.49 6.59 6.66 6.74 6.82 6.90 6.96 7.02 7.09 7.16 7.24 7.32 7.38 7.44 7.49 7.54 7.60 
5.67 5.75 5.85 5.88 5.88 5.93 5.98 6.06 6.27 6.40 6.53 6.63 6.71 6.79 6.89 6.96 7.08 7.16 7.18 7.22 7.29 7.35 7.41 7.48 7.54 7.59 7.64 
5.75 5.76 5.88 5.75 5.82 5.90 6.09 6.14 6.25 6.42 6.57 6.67 6.78 6.88 6.97 7.08 7.17 7.20 7.25 7.29 7.36 7.41 7.47 7.53 7.58 7.64 7.71 
5.75 5.75 5.87 5.73 5.86 5.97 6.11 6.22 6.40 6.57 6.63 6.72 6.86 6.97 7.07 7.18 7.27 7.29 7.33 7.39 7.42 7.46 7.51 7.58 7.63 7.70 7.74 
5.71 5.85 5.83 5.71 5.96 5.98 6.08 6.24 6.47 6.63 6.70 6.82 6.95 7.08 7.18 7.23 7.35 7.42 7.47 7.43 7.46 7.52 7.57 7.62 7.69 7.75 7.77 
5.70 5.77 5.75 5.79 6.02 6.02 6.18 6.34 6.54 6.71 6.79 6.92 7.03 7.16 7.29 7.29 7.41 7.50 7.53 7.52 7.53 7.58 7.63 7.68 7.74 7.80 7.85 
5.74 5.86 5.95 6.04 6.14 6.09 6.27 6.48 6.64 6.78 6.87 7.00 7.17 7.30 7.38 7.46 7.47 7.51 7.57 7.58 7.60 7.65 7.69 7.72 7.76 7.80 0.00 
5.80 5.94 5.99 6.13 6.15 6.21 6.31 6.58 6.69 6.85 6.97 7.10 7.27 7.37 7.48 7.51 7.54 7.59 7.63 7.66 7.69 7.70 7.73 7.76 7.80 7.82 0.00 
5.86 5.90 6.05 6.12 6.24 6.27 6.37 6.56 6.71 6.93 7.05 7.17 7.28 7.45 7.49 7.59 7.58 7.65 7.70 7.74 7.75 7.75 7.78 7.81 0.00 0.00 0.00 
5.90 5.96 6.04 6.09 6.30 6.34 6.47 6.67 6.83 7.00 7.11 7.22 7.36 7.44 7.58 7.66 7.66 7.70 7.74 7.76 7.77 7.79 7.83 7.86 7.88 0.00 0.00 
5.91 5.99 6.10 6.22 6.38 6.41 6.49 6.73 6.91 7.03 7.18 7.29 7.39 7.50 7.60 7.68 7.74 7.75 7.75 7.78 7.80 7.82 7.85 0.00 0.00 0.00 0.00 
5.96 6.07 6.18 6.31 6.41 6.45 6.52 6.79 6.94 7.03 7.20 7.31 7.40 7.51 7.61 7.67 7.71 7.78 7.77 7.78 7.81 7.83 0.00 0.00 0.00 0.00 0.00 
6.00 6.09 6.17 6.33 6.40 6.48 6.58 6.79 6.94 7.05 7.20 7.31 7.42 7.53 7.63 7.69 7.77 7.83 7.82 7.80 7.83 7.83 0.00 0.00 0.00 0.00 0.00 
5.99 6.08 6.17 6.32 6.45 6.56 6.59 6.75 6.96 7.03 7.17 7.32 7.43 7.53 7.61 7.69 7.77 7.83 7.86 7.83 7.88 0.00 0.00 0.00 0.00 0.00 0.00 
6.08 6.12 6.18 6.34 6.50 6.57 6.61 6.75 6.89 7.06 7.16 7.29 7.43 7.52 7.60 7.69 7.77 7.76 7.82 7.81 7.91 0.00 0.00 0.00 0.00 0.00 0.00 
6.14 6.19 6.20 6.30 6.43 6.62 6.69 6.68 6.93 7.07 7.14 7.22 7.40 7.48 7.50 7.61 7.67 7.73 7.72 7.73 0.00 0.00 0.00 0.00 0.00 0.00 0.00 
6.16 6.24 6.28 6.29 6.41 6.52 6.59 6.69 6.94 7.02 7.07 7.27 7.37 7.41 7.40 7.56 7.66 7.71 7.67 0.00 0.00 0.00 0.00 0.00 0.00 0.00 0.00 
6.14 6.24 6.36 6.44 6.54 6.64 6.61 6.79 6.95 6.96 7.07 7.19 7.32 7.26 7.34 7.44 7.55 7.64 7.68 0.00 0.00 0.00 0.00 0.00 0.00 0.00 0.00 
6.14 6.27 6.39 6.49 6.54 6.56 6.67 6.64 6.74 6.93 7.02 7.18 7.28 7.20 7.26 7.45 7.55 7.61 7.65 0.00 0.00 0.00 0.00 0.00 0.00 0.00 0.00 
6.18 6.34 6.37 6.43 6.50 6.59 6.58 6.69 6.80 6.76 6.85 7.05 7.23 7.13 7.28 7.34 7.44 7.47 0.00 0.00 0.00 0.00 0.00 0.00 0.00 0.00 0.00 
6.18 6.35 6.44 6.53 6.60 6.64 6.63 6.74 6.91 6.87 6.85 7.02 7.21 7.24 0.00 0.00 0.00 0.00 0.00 0.00 0.00 0.00 0.00 0.00 0.00 0.00 0.00 
6.20 6.35 6.46 6.56 6.57 6.52 6.61 6.79 6.90 6.95 7.03 6.99 7.14 7.13 7.06 0.00 0.00 0.00 0.00 0.00 0.00 0.00 0.00 0.00 0.00 0.00 0.00 
