2016_CCC_ARR_IFD/catchment_depth_1440min_20000aep.txt.asc
ncols         27
nrows         23
xllcorner     150.975
yllcorner     -33.6
cellsize      0.025
NODATA_value  -9999
105 104 109 112 110 107 106 110 114 121 129 131 131 138 140 143 138 132 134 136 138 140 143 143 143 143 144 
109 109 110 114 114 113 111 113 118 126 134 140 139 139 144 137 135 133 134 136 138 140 142 143 143 144 144 
107 111 115 116 115 116 116 117 125 129 135 139 137 135 143 148 142 138 137 137 139 141 142 143 144 145 146 
112 113 117 112 114 115 122 121 123 129 134 135 138 139 144 140 140 138 139 139 141 142 143 144 145 147 149 
113 113 118 113 116 119 122 125 131 138 136 132 141 136 143 139 143 140 141 143 143 144 144 146 146 148 149 
111 118 117 113 121 120 120 124 133 141 136 137 138 139 143 138 143 144 146 144 145 145 146 147 148 150 149 
109 115 114 116 123 120 125 129 136 144 140 139 135 147 144 140 143 147 147 146 146 147 148 148 150 152 154 
109 118 122 125 128 122 128 136 141 147 142 137 140 143 148 147 145 146 148 148 148 149 149 149 150 150 0.00 
112 121 123 128 127 127 128 141 142 150 153 147 144 144 148 147 147 148 148 149 150 149 149 150 150 150 0.00 
115 117 124 126 130 128 128 136 139 152 154 153 156 149 148 150 148 149 150 152 151 150 151 151 0.00 0.00 0.00 
115 118 121 120 132 130 133 142 147 157 161 152 151 159 155 155 151 151 152 152 152 151 152 153 153 0.00 0.00 
113 116 122 128 135 132 131 145 154 154 163 163 154 155 156 156 156 154 152 152 152 153 153 0.00 0.00 0.00 0.00 
115 120 125 132 135 133 132 147 154 150 162 162 166 154 155 155 154 156 154 153 154 153 0.00 0.00 0.00 0.00 0.00 
116 120 123 131 132 133 135 146 151 151 159 157 166 161 159 157 158 160 157 154 155 154 0.00 0.00 0.00 0.00 0.00 
114 118 121 129 134 138 135 141 152 150 153 160 165 159 156 157 159 161 162 157 159 0.00 0.00 0.00 0.00 0.00 0.00 
118 119 121 129 136 137 136 141 145 153 153 157 164 160 157 159 162 158 159 157 165 0.00 0.00 0.00 0.00 0.00 0.00 
121 122 122 126 132 141 142 138 150 154 153 153 161 159 156 157 157 158 156 155 0.00 0.00 0.00 0.00 0.00 0.00 0.00 
121 124 126 126 131 135 137 140 152 153 151 159 161 157 153 157 159 158 155 0.00 0.00 0.00 0.00 0.00 0.00 0.00 0.00 
122 125 131 135 139 143 140 147 153 151 153 156 159 151 152 153 156 158 158 0.00 0.00 0.00 0.00 0.00 0.00 0.00 0.00 
123 129 134 139 140 140 144 141 144 151 153 158 159 150 150 156 159 160 160 0.00 0.00 0.00 0.00 0.00 0.00 0.00 0.00 
127 135 135 137 140 143 142 146 149 144 146 152 158 148 153 153 155 154 0.00 0.00 0.00 0.00 0.00 0.00 0.00 0.00 0.00 
129 137 141 145 147 148 146 149 156 152 147 152 160 157 0.00 0.00 0.00 0.00 0.00 0.00 0.00 0.00 0.00 0.00 0.00 0.00 0.00 
132 139 144 149 147 144 147 154 157 157 158 152 157 152 145 0.00 0.00 0.00 0.00 0.00 0.00 0.00 0.00 0.00 0.00 0.00 0.00 
