2016_CCC_ARR_IFD/catchment_depth_1min_50000aep.txt.asc
ncols         27
nrows         23
xllcorner     150.975
yllcorner     -33.6
cellsize      0.025
NODATA_value  -9999
2.10 2.09 2.10 2.12 2.10 2.08 2.08 2.10 2.13 2.17 2.22 2.24 2.25 2.29 2.31 2.33 2.33 2.35 2.37 2.39 2.41 2.43 2.45 2.47 2.49 2.51 2.53 
2.12 2.11 2.11 2.13 2.13 2.12 2.12 2.13 2.16 2.21 2.26 2.29 2.29 2.30 2.33 2.32 2.34 2.36 2.39 2.41 2.43 2.45 2.47 2.49 2.51 2.52 2.54 
2.11 2.12 2.14 2.14 2.14 2.14 2.15 2.16 2.20 2.23 2.27 2.29 2.30 2.30 2.34 2.37 2.37 2.38 2.41 2.43 2.45 2.47 2.48 2.50 2.52 2.54 2.56 
2.13 2.13 2.15 2.13 2.14 2.15 2.18 2.19 2.20 2.24 2.27 2.28 2.31 2.32 2.35 2.36 2.38 2.40 2.42 2.44 2.46 2.48 2.50 2.52 2.54 2.55 2.57 
2.14 2.14 2.16 2.14 2.16 2.18 2.20 2.21 2.25 2.29 2.29 2.28 2.33 2.33 2.36 2.37 2.40 2.42 2.44 2.46 2.48 2.50 2.52 2.53 2.55 2.57 2.58 
2.14 2.16 2.16 2.16 2.19 2.19 2.20 2.22 2.27 2.31 2.30 2.31 2.33 2.35 2.37 2.39 2.42 2.44 2.46 2.48 2.50 2.52 2.53 2.55 2.56 2.58 2.59 
2.15 2.16 2.16 2.17 2.20 2.20 2.22 2.25 2.29 2.33 2.32 2.33 2.33 2.38 2.39 2.41 2.43 2.46 2.48 2.50 2.52 2.53 2.55 2.56 2.58 2.59 2.61 
2.15 2.18 2.19 2.21 2.23 2.22 2.25 2.29 2.32 2.36 2.34 2.33 2.35 2.38 2.41 2.43 2.45 2.48 2.50 2.52 2.53 2.55 2.56 2.57 2.59 2.60 0.00 
2.17 2.19 2.21 2.23 2.24 2.24 2.25 2.32 2.33 2.38 2.40 2.38 2.37 2.39 2.42 2.44 2.47 2.50 2.52 2.54 2.55 2.56 2.57 2.58 2.60 2.61 0.00 
2.18 2.19 2.22 2.23 2.25 2.26 2.26 2.30 2.32 2.40 2.42 2.42 2.44 2.42 2.43 2.46 2.49 2.52 2.54 2.55 2.56 2.57 2.58 2.60 0.00 0.00 0.00 
2.19 2.20 2.21 2.22 2.27 2.27 2.29 2.34 2.37 2.42 2.45 2.42 2.42 2.47 2.46 2.48 2.50 2.53 2.55 2.56 2.57 2.58 2.60 2.61 2.62 0.00 0.00 
2.19 2.20 2.22 2.25 2.29 2.28 2.29 2.35 2.41 2.42 2.47 2.48 2.44 2.46 2.48 2.49 2.52 2.54 2.56 2.57 2.58 2.60 2.61 0.00 0.00 0.00 0.00 
2.20 2.22 2.24 2.27 2.29 2.29 2.30 2.37 2.41 2.40 2.47 2.48 2.51 2.46 2.48 2.50 2.52 2.55 2.56 2.58 2.59 2.61 0.00 0.00 0.00 0.00 0.00 
2.21 2.22 2.24 2.27 2.29 2.30 2.31 2.37 2.40 2.41 2.46 2.46 2.52 2.50 2.50 2.51 2.53 2.56 2.57 2.59 2.60 2.62 0.00 0.00 0.00 0.00 0.00 
2.22 2.23 2.24 2.27 2.30 2.32 2.32 2.35 2.41 2.41 2.43 2.48 2.52 2.49 2.49 2.52 2.54 2.57 2.59 2.60 2.62 0.00 0.00 0.00 0.00 0.00 0.00 
2.22 2.24 2.25 2.28 2.32 2.33 2.33 2.36 2.38 2.43 2.43 2.46 2.52 2.50 2.50 2.53 2.56 2.57 2.59 2.61 2.64 0.00 0.00 0.00 0.00 0.00 0.00 
2.23 2.25 2.26 2.28 2.30 2.35 2.36 2.35 2.41 2.44 2.44 2.45 2.51 2.51 2.51 2.53 2.56 2.58 2.60 2.61 0.00 0.00 0.00 0.00 0.00 0.00 0.00 
2.24 2.26 2.28 2.29 2.31 2.33 2.35 2.37 2.43 2.44 2.44 2.50 2.52 2.51 2.52 2.55 2.58 2.59 2.61 0.00 0.00 0.00 0.00 0.00 0.00 0.00 0.00 
2.26 2.27 2.30 2.32 2.35 2.37 2.36 2.40 2.44 2.44 2.46 2.49 2.52 2.51 2.53 2.56 2.58 2.61 2.63 0.00 0.00 0.00 0.00 0.00 0.00 0.00 0.00 
2.28 2.30 2.32 2.34 2.36 2.37 2.39 2.39 2.41 2.45 2.47 2.51 2.54 2.53 2.55 2.59 2.62 2.64 2.65 0.00 0.00 0.00 0.00 0.00 0.00 0.00 0.00 
2.30 2.33 2.33 2.35 2.37 2.39 2.39 2.41 2.44 2.44 2.47 2.51 2.56 2.55 2.58 2.60 2.63 2.64 0.00 0.00 0.00 0.00 0.00 0.00 0.00 0.00 0.00 
2.32 2.34 2.36 2.39 2.40 2.42 2.42 2.45 2.49 2.48 2.49 2.53 2.59 2.60 0.00 0.00 0.00 0.00 0.00 0.00 0.00 0.00 0.00 0.00 0.00 0.00 0.00 
2.34 2.36 2.39 2.41 2.42 2.42 2.44 2.48 2.51 2.54 2.56 2.57 2.61 2.61 2.61 0.00 0.00 0.00 0.00 0.00 0.00 0.00 0.00 0.00 0.00 0.00 0.00 
