2016_CCC_ARR_IFD/catchment_depth_10080min_00200aep.txt.asc
ncols         27
nrows         23
xllcorner     150.975
yllcorner     -33.6
cellsize      0.025
NODATA_value  -9999
444 439 462 475 462 446 440 460 479 512 551 564 566 600 601 617 601 592 606 612 620 634 646 645 644 643 641 
464 464 468 483 482 476 465 476 501 537 576 608 600 603 622 601 599 600 608 613 625 633 639 641 643 642 642 
454 473 494 493 486 488 488 492 529 551 577 597 593 586 623 638 626 621 614 619 626 632 635 639 644 645 639 
481 482 503 474 480 485 515 511 521 548 574 579 594 602 627 616 625 617 618 623 633 636 639 643 644 649 654 
485 483 505 477 493 504 518 528 555 589 580 569 607 596 624 615 634 625 624 634 637 639 639 644 646 649 651 
477 508 501 480 514 509 510 527 567 598 583 591 598 607 626 610 632 643 642 633 637 641 643 639 647 655 648 
466 491 486 494 525 512 530 549 580 614 601 600 588 638 631 612 631 648 643 639 640 644 646 642 649 659 668 
467 509 524 537 549 518 548 581 605 631 610 593 609 624 645 643 634 636 639 639 639 645 643 639 644 647 0.00 
483 525 530 553 546 545 546 605 608 643 657 634 626 627 646 642 638 634 636 641 644 637 638 640 643 643 0.00 
497 502 537 544 561 550 550 584 599 657 667 663 679 650 642 655 639 643 639 647 647 639 640 643 0.00 0.00 0.00 
497 507 521 514 569 557 573 612 635 679 697 658 655 692 674 677 655 649 642 644 644 640 645 649 650 0.00 0.00 
485 500 527 552 586 567 564 624 666 666 710 709 670 675 680 680 678 664 654 646 647 643 647 0.00 0.00 0.00 0.00 
493 520 542 571 583 571 564 635 665 650 701 703 719 670 677 675 669 674 661 657 650 650 0.00 0.00 0.00 0.00 0.00 
498 517 529 566 568 570 580 628 652 654 688 682 721 697 690 684 688 695 677 663 665 652 0.00 0.00 0.00 0.00 0.00 
488 505 519 554 578 593 579 605 656 644 663 693 714 692 686 689 694 700 698 677 683 0.00 0.00 0.00 0.00 0.00 0.00 
512 512 519 553 589 590 582 603 623 657 658 675 708 692 692 696 704 686 689 676 710 0.00 0.00 0.00 0.00 0.00 0.00 
523 526 523 539 562 607 605 587 640 659 655 658 691 687 691 693 687 685 672 666 0.00 0.00 0.00 0.00 0.00 0.00 0.00 
525 537 540 538 558 575 581 593 647 648 642 679 688 679 670 685 688 683 668 0.00 0.00 0.00 0.00 0.00 0.00 0.00 0.00 
525 542 567 578 595 612 589 621 651 636 647 660 676 653 656 662 671 676 675 0.00 0.00 0.00 0.00 0.00 0.00 0.00 0.00 
530 556 578 597 600 592 610 590 601 634 639 664 671 638 640 664 675 680 679 0.00 0.00 0.00 0.00 0.00 0.00 0.00 0.00 
547 584 579 588 595 606 593 607 621 597 606 635 664 624 644 644 655 652 0.00 0.00 0.00 0.00 0.00 0.00 0.00 0.00 0.00 
554 594 609 623 631 628 611 625 654 627 608 629 667 655 0.00 0.00 0.00 0.00 0.00 0.00 0.00 0.00 0.00 0.00 0.00 0.00 0.00 
569 602 624 643 630 606 615 647 658 655 656 626 649 628 601 0.00 0.00 0.00 0.00 0.00 0.00 0.00 0.00 0.00 0.00 0.00 0.00 
