2016_CCC_ARR_IFD/catchment_depth_15min_50000aep.txt.asc
ncols         27
nrows         23
xllcorner     150.975
yllcorner     -33.6
cellsize      0.025
NODATA_value  -9999
14.4 14.3 14.4 14.5 14.4 14.3 14.2 14.4 14.6 14.9 15.2 15.4 15.4 15.7 15.8 16.0 16.0 16.1 16.2 16.4 16.5 16.7 16.8 16.9 17.1 17.2 17.3 
14.5 14.5 14.5 14.6 14.6 14.5 14.5 14.6 14.8 15.1 15.4 15.7 15.7 15.8 16.0 15.9 16.1 16.2 16.3 16.5 16.6 16.8 16.9 17.0 17.1 17.3 17.4 
14.5 14.5 14.7 14.7 14.6 14.7 14.7 14.8 15.1 15.3 15.5 15.7 15.7 15.7 16.0 16.2 16.2 16.3 16.4 16.6 16.7 16.8 17.0 17.1 17.2 17.4 17.5 
14.6 14.6 14.7 14.6 14.7 14.7 14.9 15.0 15.1 15.3 15.5 15.6 15.8 15.9 16.1 16.2 16.3 16.4 16.5 16.7 16.8 17.0 17.1 17.2 17.3 17.4 17.6 
14.6 14.7 14.8 14.7 14.8 14.9 15.0 15.1 15.4 15.7 15.6 15.6 15.9 15.9 16.2 16.2 16.4 16.5 16.7 16.8 16.9 17.1 17.2 17.3 17.4 17.5 17.6 
14.7 14.8 14.8 14.8 15.0 15.0 15.0 15.2 15.5 15.8 15.7 15.8 15.9 16.0 16.2 16.3 16.5 16.6 16.8 16.9 17.0 17.1 17.3 17.4 17.5 17.6 17.7 
14.7 14.8 14.8 14.9 15.1 15.0 15.2 15.4 15.6 15.9 15.9 15.9 15.9 16.3 16.3 16.4 16.6 16.7 16.9 17.0 17.1 17.2 17.3 17.5 17.6 17.7 17.8 
14.7 14.9 15.0 15.1 15.2 15.1 15.3 15.6 15.9 16.1 16.0 15.9 16.0 16.2 16.4 16.5 16.7 16.8 17.0 17.1 17.2 17.3 17.4 17.5 17.6 17.7 0.00 
14.8 15.0 15.1 15.2 15.3 15.3 15.4 15.8 15.9 16.2 16.4 16.2 16.2 16.3 16.5 16.6 16.7 16.9 17.1 17.2 17.3 17.4 17.5 17.6 17.7 17.8 0.00 
14.9 14.9 15.1 15.2 15.4 15.4 15.4 15.7 15.8 16.3 16.5 16.5 16.6 16.4 16.5 16.7 16.8 17.0 17.2 17.3 17.4 17.5 17.6 17.7 0.00 0.00 0.00 
14.9 15.0 15.1 15.1 15.5 15.4 15.6 15.9 16.1 16.5 16.7 16.4 16.4 16.8 16.7 16.9 16.9 17.1 17.2 17.3 17.4 17.5 17.6 17.7 17.8 0.00 0.00 
14.9 15.0 15.2 15.3 15.6 15.5 15.6 16.0 16.4 16.4 16.9 16.9 16.6 16.7 16.8 16.9 17.0 17.2 17.3 17.4 17.5 17.6 17.7 0.00 0.00 0.00 0.00 
15.0 15.1 15.3 15.5 15.6 15.6 15.6 16.1 16.4 16.3 16.8 16.9 17.1 16.7 16.8 16.9 17.1 17.2 17.3 17.4 17.6 17.7 0.00 0.00 0.00 0.00 0.00 
15.0 15.1 15.2 15.5 15.5 15.6 15.7 16.1 16.3 16.4 16.7 16.7 17.1 16.9 16.9 17.0 17.2 17.3 17.4 17.5 17.6 17.7 0.00 0.00 0.00 0.00 0.00 
15.1 15.1 15.2 15.4 15.6 15.8 15.7 15.9 16.4 16.3 16.5 16.8 17.1 16.9 16.9 17.0 17.2 17.4 17.5 17.6 17.8 0.00 0.00 0.00 0.00 0.00 0.00 
15.1 15.2 15.3 15.5 15.7 15.8 15.8 16.0 16.1 16.4 16.5 16.7 17.1 17.0 16.9 17.1 17.4 17.4 17.6 17.7 17.9 0.00 0.00 0.00 0.00 0.00 0.00 
15.2 15.3 15.3 15.5 15.6 15.9 16.0 15.9 16.3 16.5 16.5 16.6 17.0 17.0 17.0 17.2 17.3 17.5 17.6 17.7 0.00 0.00 0.00 0.00 0.00 0.00 0.00 
15.3 15.4 15.4 15.5 15.7 15.8 15.9 16.0 16.4 16.5 16.5 16.9 17.0 17.0 17.1 17.3 17.4 17.6 17.7 0.00 0.00 0.00 0.00 0.00 0.00 0.00 0.00 
15.4 15.4 15.6 15.7 15.9 16.1 16.0 16.2 16.5 16.5 16.6 16.8 17.1 17.0 17.1 17.3 17.5 17.7 17.8 0.00 0.00 0.00 0.00 0.00 0.00 0.00 0.00 
15.5 15.6 15.7 15.9 16.0 16.0 16.2 16.1 16.2 16.5 16.7 17.0 17.2 17.1 17.2 17.5 17.7 17.9 18.0 0.00 0.00 0.00 0.00 0.00 0.00 0.00 0.00 
15.6 15.8 15.8 15.9 16.0 16.2 16.1 16.3 16.4 16.5 16.6 16.9 17.3 17.2 17.4 17.6 17.8 17.9 0.00 0.00 0.00 0.00 0.00 0.00 0.00 0.00 0.00 
15.7 15.9 16.0 16.2 16.3 16.4 16.3 16.5 16.8 16.7 16.8 17.1 17.5 17.6 0.00 0.00 0.00 0.00 0.00 0.00 0.00 0.00 0.00 0.00 0.00 0.00 0.00 
15.8 16.0 16.2 16.4 16.4 16.4 16.5 16.8 17.0 17.1 17.3 17.3 17.6 17.7 17.7 0.00 0.00 0.00 0.00 0.00 0.00 0.00 0.00 0.00 0.00 0.00 0.00 
