2016_CCC_ARR_IFD/catchment_depth_5760min_95021aep.txt.asc
ncols         27
nrows         23
xllcorner     150.975
yllcorner     -33.6
cellsize      0.025
NODATA_value  -9999
68.0 67.0 70.9 72.7 70.0 66.7 64.9 67.4 69.7 74.7 80.8 82.0 80.8 86.3 86.2 88.1 81.7 74.4 75.5 76.7 77.3 79.1 80.9 80.9 81.1 81.6 82.0 
71.2 70.9 71.5 73.7 73.1 71.5 68.8 69.8 73.2 78.9 84.8 89.5 87.0 86.0 90.0 81.1 77.3 75.4 75.7 76.6 78.0 79.2 80.1 80.8 81.5 81.9 82.5 
68.8 72.0 75.2 74.9 73.2 73.1 72.2 72.1 78.1 81.1 84.8 87.1 84.9 81.0 87.9 91.0 83.7 79.2 77.8 77.4 78.4 79.4 80.1 81.0 82.1 82.7 83.2 
73.0 72.9 76.4 70.8 71.4 71.7 76.6 74.9 75.5 79.8 83.6 82.9 84.1 83.8 87.6 82.1 81.8 78.4 78.6 78.6 79.9 80.4 81.2 82.0 82.6 83.6 85.6 
73.1 72.6 76.1 70.7 73.1 74.5 76.5 77.5 81.9 87.3 83.9 79.2 85.8 80.8 85.3 80.8 83.3 79.9 80.1 81.1 81.2 81.5 81.8 82.7 83.5 84.9 85.5 
71.2 76.3 74.8 70.5 76.2 74.5 73.6 75.9 83.3 88.8 83.3 82.9 82.4 82.3 84.7 79.8 82.5 83.3 83.7 81.6 82.0 82.6 83.0 83.4 84.8 86.3 85.6 
68.6 72.7 71.2 72.1 77.5 74.2 76.7 79.3 84.6 90.8 85.7 83.7 79.7 88.2 85.0 80.5 82.7 84.7 84.4 83.3 83.3 83.8 84.2 84.5 85.8 87.4 89.0 
67.9 75.1 77.5 79.2 80.9 74.6 79.2 84.6 88.4 92.5 86.2 81.5 83.2 84.6 87.5 85.8 83.6 83.4 84.4 84.0 84.0 84.8 85.2 84.8 85.6 86.3 0.00 
70.2 77.1 77.7 81.4 79.5 78.5 77.9 88.0 87.6 93.2 94.5 88.7 85.9 85.2 87.5 85.9 84.7 84.7 84.7 85.1 85.5 85.2 85.4 85.6 86.2 86.3 0.00 
72.1 72.5 78.1 79.0 81.3 78.8 77.9 83.0 84.7 93.9 94.7 93.1 95.0 89.0 87.0 88.4 85.4 85.7 85.9 86.8 86.7 86.2 86.4 86.8 0.00 0.00 0.00 
71.5 72.8 74.7 73.2 82.1 79.3 81.4 87.3 90.2 96.7 99.1 91.9 90.7 96.2 92.4 92.4 88.4 87.4 87.1 87.2 87.2 87.2 87.9 88.5 88.7 0.00 0.00 
69.0 71.1 75.2 78.9 84.0 80.6 79.5 88.5 94.7 93.9 99.8 99.3 93.1 93.4 93.7 93.3 92.6 90.2 88.6 88.5 88.4 88.5 89.0 0.00 0.00 0.00 0.00 
69.9 73.9 77.2 81.4 83.0 80.7 79.3 89.9 94.1 91.2 98.4 98.3 101 92.9 93.7 93.0 91.9 92.4 90.4 89.9 89.8 89.7 0.00 0.00 0.00 0.00 0.00 
70.2 72.9 74.6 80.2 80.1 80.2 81.4 88.6 91.9 91.9 96.5 95.4 101 97.4 96.2 95.1 95.5 96.3 93.5 91.5 91.8 90.8 0.00 0.00 0.00 0.00 0.00 
68.1 70.6 72.6 77.8 81.3 83.5 81.2 85.0 92.4 90.5 93.1 97.4 101 97.2 96.1 96.5 97.2 97.8 97.5 94.3 95.2 0.00 0.00 0.00 0.00 0.00 0.00 
71.3 71.2 72.2 77.2 82.6 82.8 81.5 84.7 87.6 92.5 92.7 95.3 100 97.8 97.6 98.2 99.3 96.5 96.8 94.9 99.9 0.00 0.00 0.00 0.00 0.00 0.00 
72.5 72.9 72.4 74.8 78.4 85.1 84.9 82.4 90.2 93.2 92.8 93.3 98.1 97.7 98.2 98.4 97.5 97.2 95.1 94.1 0.00 0.00 0.00 0.00 0.00 0.00 0.00 
72.4 74.1 74.5 74.5 77.7 80.2 81.4 83.6 91.5 92.0 91.4 96.8 98.2 97.0 95.7 98.0 98.4 97.7 95.2 0.00 0.00 0.00 0.00 0.00 0.00 0.00 0.00 
71.8 74.2 78.1 80.1 82.8 85.5 82.7 87.7 92.3 90.7 92.6 94.7 97.2 93.9 94.4 95.5 96.7 97.3 97.1 0.00 0.00 0.00 0.00 0.00 0.00 0.00 0.00 
72.0 75.8 79.5 82.5 83.3 82.8 85.7 83.5 85.6 90.7 91.9 95.7 97.0 92.6 92.9 96.5 98.1 98.6 98.3 0.00 0.00 0.00 0.00 0.00 0.00 0.00 0.00 
74.1 79.7 79.2 80.9 82.6 84.8 83.7 86.2 88.7 86.0 87.7 92.4 96.6 91.2 94.2 94.2 95.7 95.2 0.00 0.00 0.00 0.00 0.00 0.00 0.00 0.00 0.00 
74.7 80.6 83.3 85.8 87.5 87.8 86.4 89.0 93.8 90.8 88.6 92.1 97.7 96.3 0.00 0.00 0.00 0.00 0.00 0.00 0.00 0.00 0.00 0.00 0.00 0.00 0.00 
76.3 81.4 85.0 88.3 87.4 85.2 87.3 92.5 94.9 95.2 96.0 92.4 95.9 93.1 89.0 0.00 0.00 0.00 0.00 0.00 0.00 0.00 0.00 0.00 0.00 0.00 0.00 
