2016_CCC_ARR_IFD/catchment_depth_2min_00200aep.txt.asc
ncols         27
nrows         23
xllcorner     150.975
yllcorner     -33.6
cellsize      0.025
NODATA_value  -9999
11.5 11.5 11.7 11.9 11.9 12.0 12.1 12.4 12.6 12.9 13.2 13.4 13.7 13.8 14.1 14.3 14.6 14.9 15.1 15.4 15.6 15.8 16.0 16.1 16.3 16.4 16.6 
11.6 11.7 11.8 11.9 12.1 12.2 12.3 12.6 12.9 13.2 13.4 13.6 13.8 14.1 14.3 14.6 14.8 15.1 15.4 15.7 15.9 16.0 16.2 16.3 16.5 16.6 16.8 
11.6 11.7 11.9 12.0 12.1 12.3 12.5 12.8 13.1 13.4 13.6 13.8 14.1 14.4 14.5 14.7 15.1 15.3 15.7 15.9 16.1 16.3 16.4 16.5 16.7 16.8 17.0 
11.7 11.8 12.0 11.9 12.1 12.4 12.7 13.0 13.3 13.6 13.9 14.1 14.4 14.7 14.9 15.3 15.5 15.7 16.0 16.2 16.3 16.5 16.6 16.8 16.9 17.0 17.2 
11.7 11.8 12.0 11.9 12.2 12.5 12.8 13.2 13.5 13.8 14.1 14.5 14.7 15.1 15.3 15.6 15.8 16.1 16.3 16.4 16.6 16.7 16.8 17.0 17.1 17.2 17.3 
11.6 11.9 12.0 11.9 12.4 12.6 12.9 13.2 13.7 14.0 14.4 14.8 15.1 15.5 15.7 16.0 16.2 16.4 16.6 16.7 16.8 16.9 17.0 17.2 17.3 17.4 17.5 
11.6 11.8 11.9 12.0 12.5 12.7 13.1 13.5 13.9 14.2 14.6 15.1 15.4 15.6 16.2 16.3 16.6 16.7 16.9 17.0 17.0 17.1 17.2 17.4 17.5 17.6 17.6 
11.6 11.9 12.1 12.4 12.7 12.8 13.2 13.7 14.1 14.4 14.9 15.3 15.8 16.2 16.4 16.7 16.9 17.0 17.2 17.3 17.3 17.4 17.5 17.5 17.6 17.7 0.00 
11.7 12.0 12.2 12.5 12.7 13.0 13.3 13.9 14.2 14.6 14.9 15.5 16.0 16.3 16.7 16.9 17.1 17.4 17.5 17.6 17.6 17.6 17.7 17.7 17.7 17.8 0.00 
11.7 11.9 12.3 12.5 12.8 13.1 13.4 13.9 14.3 14.8 15.2 15.6 15.9 16.5 16.8 17.1 17.3 17.6 17.8 17.8 17.8 17.8 17.8 17.8 0.00 0.00 0.00 
11.8 12.0 12.2 12.4 12.9 13.1 13.5 14.1 14.5 14.9 15.2 15.7 16.1 16.4 16.9 17.1 17.4 17.7 17.9 17.9 17.8 17.9 17.9 17.9 17.9 0.00 0.00 
11.7 12.0 12.2 12.6 13.0 13.2 13.5 14.1 14.6 15.0 15.4 15.8 16.2 16.5 16.9 17.2 17.5 17.7 17.8 17.9 17.9 17.9 17.9 0.00 0.00 0.00 0.00 
11.7 12.0 12.3 12.7 13.0 13.2 13.5 14.2 14.6 15.0 15.5 15.8 16.1 16.5 16.9 17.1 17.4 17.6 17.7 17.7 17.8 17.8 0.00 0.00 0.00 0.00 0.00 
11.7 12.0 12.2 12.7 12.9 13.2 13.5 14.1 14.6 14.9 15.4 15.7 16.0 16.4 16.8 17.1 17.3 17.6 17.7 17.6 17.7 17.8 0.00 0.00 0.00 0.00 0.00 
11.7 11.9 12.2 12.6 12.9 13.3 13.5 13.9 14.5 14.8 15.2 15.7 16.0 16.3 16.6 16.9 17.2 17.4 17.6 17.6 17.7 0.00 0.00 0.00 0.00 0.00 0.00 
11.7 11.9 12.2 12.5 13.0 13.2 13.4 13.8 14.3 14.8 15.1 15.5 15.9 16.2 16.5 16.8 17.1 17.2 17.4 17.4 17.6 0.00 0.00 0.00 0.00 0.00 0.00 
11.7 11.9 12.2 12.4 12.8 13.3 13.5 13.6 14.3 14.7 14.9 15.2 15.7 16.0 16.1 16.5 16.7 17.0 17.0 17.1 0.00 0.00 0.00 0.00 0.00 0.00 0.00 
11.7 11.9 12.2 12.4 12.7 13.0 13.2 13.5 14.2 14.5 14.6 15.2 15.6 15.7 15.7 16.2 16.6 16.8 16.8 0.00 0.00 0.00 0.00 0.00 0.00 0.00 0.00 
11.8 12.0 12.3 12.6 12.9 13.3 13.2 13.7 14.2 14.2 14.6 14.9 15.3 15.2 15.5 15.8 16.2 16.5 16.7 0.00 0.00 0.00 0.00 0.00 0.00 0.00 0.00 
11.8 12.1 12.4 12.7 12.9 13.0 13.3 13.3 13.5 14.1 14.3 14.8 15.1 14.9 15.2 15.7 16.1 16.3 16.5 0.00 0.00 0.00 0.00 0.00 0.00 0.00 0.00 
11.9 12.3 12.4 12.6 12.8 13.1 13.1 13.4 13.7 13.5 13.8 14.4 14.9 14.6 15.1 15.3 15.7 15.8 0.00 0.00 0.00 0.00 0.00 0.00 0.00 0.00 0.00 
11.9 12.4 12.6 12.9 13.1 13.2 13.2 13.5 14.0 13.8 13.7 14.2 14.8 14.9 0.00 0.00 0.00 0.00 0.00 0.00 0.00 0.00 0.00 0.00 0.00 0.00 0.00 
12.0 12.4 12.7 13.0 13.1 12.9 13.2 13.7 13.9 14.1 14.3 14.1 14.6 14.5 14.3 0.00 0.00 0.00 0.00 0.00 0.00 0.00 0.00 0.00 0.00 0.00 0.00 
