2016_CCC_ARR_IFD/catchment_depth_7200min_00200aep.txt.asc
ncols         27
nrows         23
xllcorner     150.975
yllcorner     -33.6
cellsize      0.025
NODATA_value  -9999
436 431 455 468 454 438 431 450 469 502 542 554 555 589 594 610 593 578 592 603 609 623 635 634 632 631 628 
457 456 461 475 474 467 456 466 490 527 565 597 589 591 615 588 586 585 593 602 613 621 627 629 630 629 628 
446 465 485 484 477 478 478 482 518 540 566 585 581 573 610 630 611 606 604 607 614 619 622 625 630 630 629 
472 473 494 464 470 475 504 500 509 536 561 567 581 589 613 602 610 602 607 610 619 622 625 628 629 633 642 
476 474 495 468 483 493 507 517 543 577 567 556 593 581 609 600 618 608 612 621 623 624 623 628 630 637 638 
468 498 491 470 503 498 498 515 555 586 570 577 583 592 610 593 616 625 630 619 622 625 627 627 634 642 634 
457 481 476 483 514 501 518 536 567 601 587 585 573 622 614 595 613 630 630 624 624 627 628 629 635 645 652 
457 499 514 526 537 507 535 568 591 617 595 577 593 607 628 625 616 617 624 623 623 628 629 625 628 631 0.00 
472 514 518 542 534 532 533 591 594 629 642 618 609 610 628 623 619 619 621 624 627 624 624 624 626 626 0.00 
486 490 525 532 548 537 536 569 584 641 651 647 662 632 623 635 619 622 623 630 629 625 625 626 0.00 0.00 0.00 
486 495 508 502 556 543 559 598 619 663 681 641 637 674 654 657 634 628 625 627 626 626 630 632 632 0.00 0.00 
474 488 515 539 572 553 550 608 650 650 692 691 651 656 660 659 657 642 632 630 629 629 632 0.00 0.00 0.00 0.00 
482 508 530 557 569 557 550 619 649 632 684 684 700 650 657 653 647 652 639 635 633 632 0.00 0.00 0.00 0.00 0.00 
487 505 516 553 554 555 564 612 636 637 669 662 702 677 670 662 666 672 655 641 643 635 0.00 0.00 0.00 0.00 0.00 
476 493 506 541 564 578 563 589 639 626 644 674 695 671 664 667 672 677 676 655 661 0.00 0.00 0.00 0.00 0.00 0.00 
500 499 506 539 574 575 566 587 606 638 639 656 688 672 669 673 682 663 666 654 688 0.00 0.00 0.00 0.00 0.00 0.00 
511 514 510 525 548 592 589 570 623 641 636 638 671 666 668 670 665 663 650 644 0.00 0.00 0.00 0.00 0.00 0.00 0.00 
513 525 527 524 544 559 565 577 629 630 623 659 668 657 648 663 666 661 646 0.00 0.00 0.00 0.00 0.00 0.00 0.00 0.00 
513 529 554 565 581 596 573 605 634 618 629 641 656 632 635 642 650 654 653 0.00 0.00 0.00 0.00 0.00 0.00 0.00 0.00 
518 542 565 583 585 577 594 574 584 616 620 644 651 619 620 644 654 658 657 0.00 0.00 0.00 0.00 0.00 0.00 0.00 0.00 
535 570 566 573 580 591 577 590 603 580 588 616 644 606 625 625 635 632 0.00 0.00 0.00 0.00 0.00 0.00 0.00 0.00 0.00 
542 580 595 608 615 612 595 608 636 609 590 610 647 636 0.00 0.00 0.00 0.00 0.00 0.00 0.00 0.00 0.00 0.00 0.00 0.00 0.00 
556 589 610 627 614 591 599 629 640 637 638 608 631 610 583 0.00 0.00 0.00 0.00 0.00 0.00 0.00 0.00 0.00 0.00 0.00 0.00 
