2016_CCC_ARR_IFD/catchment_depth_90min_00200aep.txt.asc
ncols         27
nrows         23
xllcorner     150.975
yllcorner     -33.6
cellsize      0.025
NODATA_value  -9999
94.3 94.4 96.2 97.8 98.0 98.3 99.5 102 104 108 111 113 115 116 119 120 123 125 128 130 132 134 136 137 139 140 142 
95.2 95.8 96.8 98.5 99.6 101 102 104 107 110 112 114 116 118 120 123 124 128 130 132 134 136 137 139 140 142 143 
94.8 96.4 98.3 99.3 100 102 103 106 109 112 114 116 118 121 122 124 127 129 132 134 136 137 139 140 142 143 144 
95.9 96.8 99.0 98.4 100 102 106 107 110 113 116 118 121 123 125 128 130 132 134 136 138 139 140 142 143 144 146 
96.0 96.8 99.2 98.5 101 104 106 109 112 115 118 121 123 126 128 131 133 135 136 138 139 141 142 143 144 146 147 
95.6 98.2 99.0 98.5 103 104 107 110 114 117 120 123 126 129 131 133 135 137 139 140 141 142 143 144 146 147 148 
95.3 97.2 98.0 99.7 104 105 108 112 116 119 122 125 128 131 134 135 138 140 141 142 143 144 145 146 147 148 149 
95.6 98.3 101 103 106 106 110 114 118 121 124 127 131 134 137 139 140 142 143 144 145 145 146 147 148 148 0.00 
96.0 99.3 101 104 106 108 110 116 119 122 125 129 133 136 138 140 142 144 145 146 147 147 147 148 148 149 0.00 
96.7 98.3 102 104 107 108 111 116 119 124 127 130 133 137 139 142 143 146 147 148 148 148 148 149 0.00 0.00 0.00 
96.7 98.7 101 103 107 109 113 117 121 125 128 131 134 137 140 143 145 147 148 148 148 148 149 149 150 0.00 0.00 
96.3 98.3 101 104 108 110 112 118 123 126 130 133 135 138 140 143 145 147 147 148 148 149 149 0.00 0.00 0.00 0.00 
96.4 99.0 102 105 108 110 112 118 123 125 130 132 135 137 140 142 144 146 147 147 148 148 0.00 0.00 0.00 0.00 0.00 
96.3 98.6 101 105 107 109 112 118 122 125 129 131 134 137 140 142 144 146 147 147 148 148 0.00 0.00 0.00 0.00 0.00 
95.9 98.0 100 104 107 110 112 116 121 123 127 131 134 136 139 141 143 145 147 146 148 0.00 0.00 0.00 0.00 0.00 0.00 
96.3 98.0 100 104 108 110 112 115 119 123 126 129 133 135 138 140 142 143 145 145 147 0.00 0.00 0.00 0.00 0.00 0.00 
96.3 98.0 100 103 106 110 113 113 119 123 125 127 131 134 134 138 139 142 142 143 0.00 0.00 0.00 0.00 0.00 0.00 0.00 
96.2 98.2 100 102 105 108 110 113 119 121 122 127 130 131 131 136 138 140 140 0.00 0.00 0.00 0.00 0.00 0.00 0.00 0.00 
96.7 98.7 102 104 107 110 110 114 118 119 122 125 128 127 129 132 135 138 139 0.00 0.00 0.00 0.00 0.00 0.00 0.00 0.00 
97.0 99.6 102 105 107 108 111 111 113 118 120 124 126 125 127 131 134 136 137 0.00 0.00 0.00 0.00 0.00 0.00 0.00 0.00 
97.7 101 102 104 106 109 109 111 114 113 116 120 125 122 126 128 131 132 0.00 0.00 0.00 0.00 0.00 0.00 0.00 0.00 0.00 
97.9 102 104 106 109 110 110 112 117 115 115 119 124 125 0.00 0.00 0.00 0.00 0.00 0.00 0.00 0.00 0.00 0.00 0.00 0.00 0.00 
98.7 102 105 108 108 107 109 114 116 117 119 118 122 121 120 0.00 0.00 0.00 0.00 0.00 0.00 0.00 0.00 0.00 0.00 0.00 0.00 
