2016_CCC_ARR_IFD/catchment_depth_7200min_00100aep.txt.asc
ncols         27
nrows         23
xllcorner     150.975
yllcorner     -33.6
cellsize      0.025
NODATA_value  -9999
478 473 499 513 499 482 474 496 517 554 597 611 612 649 657 674 658 643 659 673 681 696 708 707 705 703 700 
500 500 505 521 520 514 501 513 540 580 622 657 648 651 680 650 650 651 661 673 685 694 700 701 702 701 699 
489 510 532 531 523 526 525 530 570 594 623 644 640 633 673 696 677 673 674 679 686 691 694 698 703 700 699 
517 518 542 510 516 522 554 550 560 590 618 624 640 650 676 665 675 669 677 681 692 694 697 700 699 703 713 
521 519 543 513 530 541 557 568 597 634 624 613 653 642 672 664 684 675 682 692 695 695 695 697 700 707 708 
512 545 538 515 552 546 547 566 609 643 627 636 643 653 674 657 681 693 700 689 692 696 695 696 703 712 703 
500 527 520 529 564 549 569 588 622 660 645 644 631 685 678 658 679 697 699 694 694 697 697 697 704 714 723 
499 545 562 575 588 555 587 622 648 677 653 635 652 669 692 689 680 683 692 691 691 697 697 692 696 699 0.00 
516 561 567 592 584 582 584 648 651 689 704 679 670 671 692 686 683 686 688 692 695 692 690 691 693 693 0.00 
531 535 574 581 599 588 587 623 639 703 714 709 726 694 686 700 682 686 689 697 696 692 690 692 0.00 0.00 0.00 
530 540 555 548 608 594 611 654 678 726 746 703 699 739 719 722 697 692 691 693 693 693 695 698 698 0.00 0.00 
516 532 561 588 625 604 601 665 711 711 758 757 714 719 724 724 722 706 696 695 695 696 698 0.00 0.00 0.00 0.00 
525 554 577 608 621 608 600 677 709 691 748 749 767 712 720 717 710 716 702 699 699 698 0.00 0.00 0.00 0.00 0.00 
530 550 562 603 604 606 616 668 694 695 732 724 768 741 733 726 730 738 719 705 707 700 0.00 0.00 0.00 0.00 0.00 
518 536 551 589 614 630 614 642 697 683 703 736 760 734 726 730 736 742 741 719 726 0.00 0.00 0.00 0.00 0.00 0.00 
544 543 550 587 626 626 617 640 661 696 697 716 752 733 731 736 746 726 730 717 754 0.00 0.00 0.00 0.00 0.00 0.00 
556 559 554 571 597 645 642 621 679 699 693 696 732 727 729 731 726 725 711 706 0.00 0.00 0.00 0.00 0.00 0.00 0.00 
558 571 573 570 592 609 614 628 685 687 679 719 728 716 707 723 727 723 706 0.00 0.00 0.00 0.00 0.00 0.00 0.00 0.00 
557 575 602 614 631 649 623 658 690 673 684 697 715 688 692 700 709 714 714 0.00 0.00 0.00 0.00 0.00 0.00 0.00 0.00 
562 589 614 634 636 628 645 624 636 670 675 702 709 674 676 702 714 718 718 0.00 0.00 0.00 0.00 0.00 0.00 0.00 0.00 
581 620 614 623 631 642 628 642 656 631 640 671 701 659 680 680 692 689 0.00 0.00 0.00 0.00 0.00 0.00 0.00 0.00 0.00 
588 630 646 661 669 665 647 661 692 663 642 664 705 692 0.00 0.00 0.00 0.00 0.00 0.00 0.00 0.00 0.00 0.00 0.00 0.00 0.00 
604 639 662 681 667 642 651 684 696 692 693 661 686 663 635 0.00 0.00 0.00 0.00 0.00 0.00 0.00 0.00 0.00 0.00 0.00 0.00 
