2016_CCC_ARR_IFD/catchment_depth_25min_20000aep.txt.asc
ncols         27
nrows         23
xllcorner     150.975
yllcorner     -33.6
cellsize      0.025
NODATA_value  -9999
25.1 24.9 25.2 25.4 25.2 25.0 25.1 25.4 25.9 26.5 27.2 27.5 27.7 28.2 28.4 28.7 28.9 29.1 29.4 29.8 30.0 30.3 30.6 30.9 31.1 31.3 31.6 
25.3 25.2 25.3 25.5 25.6 25.5 25.5 25.8 26.2 26.9 27.6 28.0 28.1 28.3 28.7 28.8 29.1 29.3 29.6 29.9 30.2 30.5 30.7 31.0 31.2 31.5 31.7 
25.1 25.3 25.6 25.7 25.6 25.7 25.8 26.0 26.7 27.2 27.7 28.0 28.2 28.3 28.8 29.2 29.4 29.7 29.8 30.0 30.3 30.6 30.8 31.1 31.3 31.6 31.8 
25.4 25.4 25.7 25.4 25.5 25.7 26.3 26.4 26.7 27.2 27.7 28.0 28.3 28.6 29.0 29.2 29.6 29.8 30.0 30.2 30.5 30.7 31.0 31.2 31.4 31.7 32.0 
25.4 25.4 25.8 25.4 25.7 26.0 26.4 26.7 27.2 27.8 27.9 28.0 28.6 28.7 29.2 29.4 29.8 30.0 30.2 30.4 30.6 30.9 31.1 31.3 31.6 31.8 32.0 
25.4 25.8 25.7 25.5 26.1 26.1 26.3 26.7 27.4 28.0 28.0 28.3 28.6 29.0 29.4 29.5 29.9 30.2 30.5 30.6 30.8 31.0 31.2 31.4 31.7 31.9 32.1 
25.4 25.6 25.6 25.7 26.3 26.2 26.6 27.1 27.7 28.3 28.3 28.5 28.7 29.3 29.6 29.7 30.1 30.4 30.7 30.8 31.0 31.2 31.4 31.6 31.8 32.0 32.3 
25.6 25.9 26.1 26.4 26.7 26.5 27.0 27.6 28.1 28.6 28.5 28.6 29.0 29.4 29.8 30.1 30.3 30.6 30.8 31.0 31.1 31.3 31.5 31.6 31.8 32.1 0.00 
25.7 26.1 26.3 26.7 26.7 26.8 27.1 28.0 28.2 28.8 29.2 29.1 29.3 29.6 30.0 30.2 30.5 30.8 31.0 31.2 31.3 31.4 31.6 31.7 31.9 32.1 0.00 
25.9 26.1 26.5 26.7 27.0 27.0 27.3 27.8 28.2 29.1 29.4 29.5 29.9 29.9 30.1 30.5 30.7 31.0 31.3 31.4 31.5 31.6 31.7 31.8 0.00 0.00 0.00 
26.1 26.2 26.4 26.6 27.2 27.3 27.6 28.2 28.7 29.4 29.8 29.6 29.8 30.4 30.5 30.7 30.9 31.2 31.4 31.5 31.6 31.7 31.9 32.0 32.1 0.00 0.00 
26.2 26.4 26.6 27.0 27.5 27.5 27.7 28.5 29.1 29.4 30.0 30.2 30.0 30.3 30.6 30.9 31.2 31.4 31.5 31.6 31.8 31.9 32.0 0.00 0.00 0.00 0.00 
26.3 26.6 26.9 27.3 27.6 27.6 27.8 28.7 29.2 29.2 30.0 30.2 30.6 30.4 30.7 31.0 31.2 31.5 31.6 31.8 31.9 32.0 0.00 0.00 0.00 0.00 0.00 
26.5 26.7 26.9 27.3 27.5 27.7 28.0 28.7 29.2 29.4 30.0 30.1 30.7 30.7 30.9 31.1 31.4 31.7 31.8 31.9 32.0 32.1 0.00 0.00 0.00 0.00 0.00 
26.6 26.8 27.0 27.4 27.7 28.1 28.1 28.6 29.3 29.4 29.8 30.3 30.8 30.8 31.0 31.3 31.6 31.8 32.0 32.1 32.3 0.00 0.00 0.00 0.00 0.00 0.00 
26.7 26.9 27.1 27.4 27.9 28.1 28.2 28.6 29.0 29.6 29.8 30.2 30.8 30.9 31.1 31.4 31.7 31.8 32.0 32.1 32.5 0.00 0.00 0.00 0.00 0.00 0.00 
26.9 27.0 27.2 27.5 27.8 28.4 28.5 28.6 29.3 29.7 29.9 30.1 30.7 30.9 31.1 31.4 31.7 31.9 32.0 32.1 0.00 0.00 0.00 0.00 0.00 0.00 0.00 
27.0 27.2 27.4 27.6 27.9 28.2 28.4 28.7 29.4 29.7 29.8 30.5 30.8 30.9 31.0 31.5 31.8 32.0 32.1 0.00 0.00 0.00 0.00 0.00 0.00 0.00 0.00 
27.2 27.4 27.7 28.0 28.3 28.6 28.5 29.1 29.6 29.6 30.0 30.4 30.8 30.8 31.1 31.4 31.8 32.1 32.3 0.00 0.00 0.00 0.00 0.00 0.00 0.00 0.00 
27.3 27.6 27.9 28.2 28.4 28.5 28.8 28.8 29.1 29.7 30.0 30.5 30.9 30.8 31.1 31.6 32.0 32.2 32.4 0.00 0.00 0.00 0.00 0.00 0.00 0.00 0.00 
27.5 27.9 28.0 28.2 28.4 28.7 28.8 29.1 29.4 29.4 29.8 30.4 31.0 30.9 31.3 31.6 31.9 32.1 0.00 0.00 0.00 0.00 0.00 0.00 0.00 0.00 0.00 
27.7 28.1 28.3 28.6 28.9 29.0 29.0 29.4 29.9 29.9 30.0 30.5 31.2 31.4 0.00 0.00 0.00 0.00 0.00 0.00 0.00 0.00 0.00 0.00 0.00 0.00 0.00 
27.8 28.2 28.6 28.9 28.9 28.9 29.2 29.7 30.1 30.4 30.7 30.7 31.2 31.3 31.3 0.00 0.00 0.00 0.00 0.00 0.00 0.00 0.00 0.00 0.00 0.00 0.00 
