2016_CCC_ARR_IFD/catchment_depth_360min_95021aep.txt.asc
ncols         27
nrows         23
xllcorner     150.975
yllcorner     -33.6
cellsize      0.025
NODATA_value  -9999
25.6 25.5 26.2 26.6 26.3 25.9 25.8 26.4 27.0 28.1 29.3 29.8 29.8 30.9 31.1 31.6 31.0 30.5 30.9 31.3 31.6 32.1 32.5 32.7 32.9 33.1 33.3 
26.1 26.1 26.3 26.8 26.9 26.8 26.6 26.9 27.7 28.8 30.1 31.1 30.9 31.0 31.8 30.7 30.6 30.9 31.2 31.6 32.0 32.4 32.7 32.9 33.2 33.4 33.6 
25.8 26.3 27.0 27.1 27.0 27.1 27.2 27.4 28.6 29.3 30.1 30.8 30.6 30.3 31.6 32.3 31.5 31.3 31.7 32.0 32.4 32.7 33.0 33.2 33.5 33.7 33.9 
26.4 26.5 27.2 26.5 26.8 27.0 28.0 28.0 28.3 29.2 30.0 30.2 30.6 30.9 31.7 31.2 31.5 31.7 32.1 32.5 32.8 33.1 33.4 33.6 33.8 34.1 34.5 
26.4 26.5 27.2 26.6 27.1 27.6 28.1 28.5 29.4 30.5 30.2 29.9 31.1 30.7 31.5 31.3 31.9 32.2 32.6 33.0 33.3 33.6 33.7 34.0 34.2 34.5 34.7 
26.2 27.1 27.1 26.7 27.7 27.7 27.9 28.5 29.8 30.8 30.3 30.6 30.8 31.1 31.7 31.8 32.3 32.7 33.2 33.5 33.8 34.0 34.2 34.3 34.6 34.9 34.9 
26.0 26.7 26.7 27.0 28.0 27.8 28.5 29.1 30.1 31.3 30.9 30.9 30.9 32.1 32.0 32.3 32.9 33.3 33.7 34.1 34.3 34.5 34.6 34.7 34.9 35.2 35.5 
26.0 27.1 27.7 28.2 28.7 28.1 29.0 30.1 30.9 31.8 31.2 30.9 31.4 31.9 32.5 32.9 33.4 33.9 34.3 34.6 34.7 34.9 35.0 35.0 35.1 35.3 0.00 
26.4 27.5 27.8 28.6 28.6 28.8 29.0 30.8 31.0 32.1 32.6 32.0 32.0 32.3 32.9 33.4 34.0 34.5 34.9 35.1 35.2 35.1 35.2 35.2 35.3 35.4 0.00 
26.7 27.0 28.0 28.4 29.1 29.0 29.2 30.2 30.8 32.5 32.9 32.9 33.4 32.9 33.3 33.8 34.4 35.0 35.4 35.5 35.5 35.4 35.4 35.5 0.00 0.00 0.00 
26.7 27.1 27.7 27.8 29.3 29.2 29.9 31.0 31.8 33.1 33.8 32.9 33.0 34.0 33.9 34.3 34.7 35.3 35.7 35.7 35.6 35.6 35.7 35.8 35.8 0.00 0.00 
26.5 27.1 27.9 28.7 29.8 29.6 29.8 31.4 32.7 32.9 34.2 34.3 33.5 33.8 34.2 34.5 34.9 35.3 35.5 35.6 35.7 35.7 35.8 0.00 0.00 0.00 0.00 
26.7 27.5 28.3 29.2 29.8 29.8 29.9 31.8 32.8 32.6 34.1 34.3 34.8 33.8 34.2 34.5 34.9 35.3 35.4 35.6 35.7 35.8 0.00 0.00 0.00 0.00 0.00 
26.9 27.5 28.1 29.2 29.5 29.9 30.4 31.8 32.6 32.8 33.8 33.9 35.1 34.6 34.6 34.6 35.1 35.5 35.5 35.5 35.8 35.8 0.00 0.00 0.00 0.00 0.00 
26.7 27.3 27.9 29.0 29.8 30.5 30.6 31.4 32.8 32.8 33.4 34.3 35.1 34.6 34.3 34.6 35.1 35.6 35.9 35.7 36.0 0.00 0.00 0.00 0.00 0.00 0.00 
27.2 27.6 28.1 29.1 30.2 30.6 30.8 31.6 32.3 33.3 33.5 34.1 35.1 34.7 34.2 34.7 35.5 35.2 35.6 35.6 36.7 0.00 0.00 0.00 0.00 0.00 0.00 
27.5 27.9 28.3 29.0 29.8 31.1 31.5 31.5 32.9 33.6 33.7 33.8 34.9 34.7 34.1 34.6 34.9 35.2 35.3 35.5 0.00 0.00 0.00 0.00 0.00 0.00 0.00 
27.6 28.2 28.7 29.2 30.0 30.7 31.3 32.0 33.3 33.7 33.8 34.8 35.1 34.6 34.2 34.8 35.2 35.4 35.3 0.00 0.00 0.00 0.00 0.00 0.00 0.00 0.00 
27.9 28.4 29.3 30.0 30.8 31.5 31.8 32.8 33.6 33.9 34.3 34.7 35.2 34.2 34.3 34.6 35.1 35.5 35.7 0.00 0.00 0.00 0.00 0.00 0.00 0.00 0.00 
28.2 28.9 29.7 30.5 31.0 31.5 32.3 32.6 33.3 34.3 34.6 35.2 35.4 34.4 34.4 35.3 35.8 36.1 36.2 0.00 0.00 0.00 0.00 0.00 0.00 0.00 0.00 
28.7 29.6 29.9 30.5 31.2 31.9 32.3 33.2 34.0 33.7 34.0 35.0 35.7 34.5 35.2 35.2 35.6 35.6 0.00 0.00 0.00 0.00 0.00 0.00 0.00 0.00 0.00 
29.0 30.0 30.6 31.2 31.8 32.3 32.8 33.6 34.4 34.8 34.5 35.2 36.0 35.9 0.00 0.00 0.00 0.00 0.00 0.00 0.00 0.00 0.00 0.00 0.00 0.00 0.00 
29.4 30.3 31.0 31.7 31.9 32.2 32.9 34.0 34.7 35.1 35.6 35.4 36.0 35.6 34.7 0.00 0.00 0.00 0.00 0.00 0.00 0.00 0.00 0.00 0.00 0.00 0.00 
