2016_CCC_ARR_IFD/catchment_depth_360min_00200aep.txt.asc
ncols         27
nrows         23
xllcorner     150.975
yllcorner     -33.6
cellsize      0.025
NODATA_value  -9999
143 144 149 152 152 152 154 159 164 171 178 182 185 191 194 198 200 201 206 211 215 219 223 225 228 230 233 
146 148 150 154 156 158 159 163 169 176 183 187 190 194 198 199 199 204 209 213 217 221 224 227 229 231 234 
146 150 154 156 158 161 163 167 175 180 185 190 193 195 201 205 207 206 212 216 219 222 225 228 231 233 235 
149 151 156 155 158 161 168 171 175 182 188 191 196 200 204 205 208 211 215 218 222 225 227 230 232 235 238 
150 152 157 155 161 165 170 175 182 188 191 193 200 202 207 208 212 215 218 221 224 227 229 231 233 236 238 
149 155 157 156 164 166 170 176 185 192 194 198 202 206 211 211 216 219 223 224 226 229 231 233 235 238 239 
148 153 155 159 166 168 174 180 189 196 198 202 203 212 216 215 220 224 226 228 229 231 233 234 237 239 242 
148 156 161 165 170 169 177 186 193 200 201 202 208 214 220 222 224 227 230 231 232 233 235 235 237 238 0.00 
150 158 161 168 170 173 177 190 195 203 208 210 212 216 222 224 227 230 233 234 235 235 235 236 237 238 0.00 
152 155 163 167 173 174 178 187 193 206 212 215 220 220 222 227 229 233 236 237 237 236 236 237 0.00 0.00 0.00 
151 155 160 162 174 175 182 192 200 210 215 214 217 225 227 230 231 235 237 237 237 236 237 238 238 0.00 0.00 
150 154 161 168 176 177 180 194 204 208 219 222 219 223 227 230 233 235 236 236 236 237 237 0.00 0.00 0.00 0.00 
150 156 163 170 175 177 179 195 204 205 217 221 226 221 226 228 231 235 234 235 236 236 0.00 0.00 0.00 0.00 0.00 
151 156 160 169 173 176 181 193 201 205 214 216 225 225 226 228 232 236 235 234 236 235 0.00 0.00 0.00 0.00 0.00 
149 154 159 167 174 180 180 188 201 202 208 217 223 222 222 226 231 234 236 234 237 0.00 0.00 0.00 0.00 0.00 0.00 
151 154 158 166 175 179 180 187 194 203 206 212 221 220 221 225 230 229 232 232 239 0.00 0.00 0.00 0.00 0.00 0.00 
152 155 159 164 170 181 184 183 196 202 204 206 216 217 216 221 223 227 226 227 0.00 0.00 0.00 0.00 0.00 0.00 0.00 
152 156 161 164 170 175 179 183 197 199 200 210 214 213 211 218 222 225 223 0.00 0.00 0.00 0.00 0.00 0.00 0.00 0.00 
154 158 165 170 175 181 180 189 197 196 200 205 210 205 207 211 217 221 223 0.00 0.00 0.00 0.00 0.00 0.00 0.00 0.00 
156 161 167 173 176 178 183 181 186 195 197 205 208 201 203 212 217 220 222 0.00 0.00 0.00 0.00 0.00 0.00 0.00 0.00 
159 166 168 172 176 180 180 185 190 185 188 197 206 197 204 206 211 212 0.00 0.00 0.00 0.00 0.00 0.00 0.00 0.00 0.00 
160 169 174 178 182 184 183 188 196 192 188 195 206 205 0.00 0.00 0.00 0.00 0.00 0.00 0.00 0.00 0.00 0.00 0.00 0.00 0.00 
163 171 177 182 182 179 183 192 196 197 199 194 201 198 192 0.00 0.00 0.00 0.00 0.00 0.00 0.00 0.00 0.00 0.00 0.00 0.00 
