2016_CCC_ARR_IFD/catchment_depth_8640min_98168aep.txt.asc
ncols         27
nrows         23
xllcorner     150.975
yllcorner     -33.6
cellsize      0.025
NODATA_value  -9999
61.4 60.4 63.9 65.6 63.1 60.2 58.6 60.8 62.8 67.2 72.8 73.9 72.8 77.9 77.8 79.6 73.5 66.9 68.0 69.1 69.8 71.5 73.2 73.4 73.8 74.4 75.0 
64.2 63.9 64.5 66.4 65.8 64.4 62.0 62.9 65.9 71.0 76.4 80.8 78.3 77.5 81.3 72.8 69.3 67.8 68.2 69.2 70.5 71.7 72.7 73.4 74.2 74.8 75.5 
62.0 64.9 67.7 67.4 65.9 65.7 65.0 64.9 70.2 72.8 76.2 78.4 76.3 72.7 79.1 82.0 75.2 71.0 70.1 69.9 71.0 72.0 72.8 73.7 74.9 75.5 76.1 
65.7 65.6 68.7 63.7 64.2 64.5 68.8 67.3 67.8 71.5 75.0 74.3 75.4 75.1 78.7 73.6 73.3 70.5 70.9 71.1 72.4 73.0 73.8 74.7 75.4 76.5 78.4 
65.8 65.3 68.4 63.6 65.7 66.8 68.6 69.5 73.3 78.3 75.2 71.0 76.9 72.4 76.5 72.4 74.7 72.0 72.4 73.4 73.7 74.1 74.5 75.4 76.3 77.7 78.4 
64.0 68.5 67.1 63.3 68.4 66.8 66.1 68.1 74.5 79.5 74.5 74.3 73.8 73.8 75.9 71.9 74.2 75.0 75.6 74.1 74.5 75.2 75.7 76.2 77.5 79.0 78.6 
61.6 65.2 63.9 64.7 69.5 66.6 68.8 71.0 75.7 81.2 76.7 75.0 71.7 79.0 76.3 72.7 74.6 76.5 76.4 75.7 75.8 76.4 76.9 77.3 78.5 80.1 81.6 
61.0 67.4 69.4 71.0 72.4 66.9 70.9 75.6 79.0 82.7 77.2 73.3 74.8 76.1 78.6 77.4 75.7 75.7 76.7 76.5 76.6 77.4 77.9 77.7 78.5 79.3 0.00 
62.9 69.1 69.6 72.8 71.2 70.4 69.9 78.6 78.3 83.2 84.4 79.5 77.3 76.8 78.8 77.7 76.9 77.1 77.3 77.7 78.1 78.0 78.2 78.5 79.1 79.4 0.00 
64.6 65.0 70.0 70.7 72.8 70.6 69.9 74.3 75.9 83.9 84.6 83.3 85.0 80.1 78.7 80.0 77.8 78.2 78.5 79.3 79.3 79.0 79.2 79.7 0.00 0.00 0.00 
64.1 65.2 66.9 65.7 73.5 71.1 73.0 78.1 80.6 86.3 88.5 82.4 81.6 86.3 83.4 83.5 80.5 79.8 79.7 79.9 79.9 80.0 80.7 81.3 81.5 0.00 0.00 
61.8 63.8 67.4 70.7 75.2 72.2 71.4 79.2 84.6 84.0 89.1 88.7 83.7 84.2 84.6 84.5 84.1 82.3 81.1 81.0 81.1 81.2 81.7 0.00 0.00 0.00 0.00 
62.6 66.2 69.1 72.9 74.3 72.4 71.3 80.5 84.2 81.8 88.0 88.1 90.2 84.1 84.9 84.5 83.7 84.3 82.7 82.3 82.4 82.3 0.00 0.00 0.00 0.00 0.00 
62.9 65.3 66.8 71.8 71.8 72.0 73.2 79.4 82.4 82.5 86.6 85.8 90.9 87.9 87.2 86.4 86.9 87.7 85.5 83.8 84.1 83.3 0.00 0.00 0.00 0.00 0.00 
61.0 63.3 65.1 69.7 72.9 74.9 73.1 76.5 82.9 81.5 83.9 87.6 90.4 87.9 87.3 87.7 88.4 89.1 88.9 86.3 87.1 0.00 0.00 0.00 0.00 0.00 0.00 
63.8 63.8 64.8 69.2 74.0 74.3 73.5 76.4 79.1 83.3 83.7 86.1 90.2 88.6 88.7 89.3 90.3 88.0 88.4 86.9 91.3 0.00 0.00 0.00 0.00 0.00 0.00 
64.8 65.2 65.0 67.2 70.5 76.4 76.4 74.6 81.4 84.1 84.0 84.6 88.8 88.7 89.3 89.5 88.9 88.7 87.0 86.2 0.00 0.00 0.00 0.00 0.00 0.00 0.00 
64.7 66.2 66.8 67.0 69.9 72.3 73.6 75.7 82.5 83.2 83.0 87.6 89.0 88.2 87.2 89.3 89.7 89.2 87.1 0.00 0.00 0.00 0.00 0.00 0.00 0.00 0.00 
64.3 66.4 70.0 71.8 74.3 76.8 74.8 79.3 83.4 82.3 84.1 86.0 88.3 85.5 86.1 87.1 88.2 88.9 88.7 0.00 0.00 0.00 0.00 0.00 0.00 0.00 0.00 
64.6 67.9 71.2 74.0 74.9 74.7 77.5 75.8 77.9 82.4 83.7 87.0 88.2 84.5 84.8 88.1 89.5 90.0 89.9 0.00 0.00 0.00 0.00 0.00 0.00 0.00 0.00 
66.4 71.3 71.1 72.7 74.3 76.5 75.8 78.2 80.7 78.4 80.0 84.3 87.9 83.3 86.0 86.1 87.5 87.0 0.00 0.00 0.00 0.00 0.00 0.00 0.00 0.00 0.00 
66.9 72.1 74.6 76.9 78.6 79.1 78.2 80.7 84.9 82.7 80.9 84.0 88.8 87.8 0.00 0.00 0.00 0.00 0.00 0.00 0.00 0.00 0.00 0.00 0.00 0.00 0.00 
68.4 72.9 76.2 79.2 78.5 76.9 78.9 83.6 85.8 86.3 87.2 84.2 87.4 85.0 81.4 0.00 0.00 0.00 0.00 0.00 0.00 0.00 0.00 0.00 0.00 0.00 0.00 
