2016_CCC_ARR_IFD/catchment_depth_270min_99752aep.txt.asc
ncols         27
nrows         23
xllcorner     150.975
yllcorner     -33.6
cellsize      0.025
NODATA_value  -9999
16.5 16.4 16.8 17.1 16.8 16.6 16.5 16.9 17.2 17.9 18.7 19.0 19.0 19.7 19.8 20.1 19.6 19.3 19.6 19.8 20.0 20.3 20.5 20.7 20.8 21.0 21.1 
16.7 16.7 16.9 17.2 17.2 17.1 16.9 17.2 17.6 18.4 19.1 19.8 19.6 19.7 20.2 19.5 19.4 19.5 19.7 20.0 20.2 20.4 20.6 20.8 21.0 21.1 21.3 
16.5 16.8 17.2 17.3 17.2 17.3 17.3 17.4 18.2 18.6 19.1 19.5 19.4 19.2 20.0 20.5 19.9 19.7 20.0 20.2 20.4 20.6 20.8 21.0 21.1 21.3 21.4 
16.9 16.9 17.4 16.9 17.0 17.2 17.8 17.7 17.9 18.5 19.0 19.1 19.4 19.5 20.0 19.7 19.8 20.0 20.2 20.4 20.7 20.8 21.0 21.2 21.3 21.5 21.7 
16.9 16.9 17.3 16.9 17.2 17.5 17.8 18.0 18.6 19.3 19.1 18.8 19.6 19.3 19.9 19.7 20.1 20.2 20.5 20.8 21.0 21.1 21.2 21.4 21.5 21.7 21.8 
16.7 17.3 17.2 16.9 17.6 17.5 17.6 18.0 18.8 19.5 19.1 19.2 19.4 19.5 19.9 20.0 20.3 20.5 20.8 21.0 21.2 21.3 21.4 21.5 21.7 21.9 21.9 
16.5 17.0 16.9 17.1 17.8 17.6 18.0 18.4 19.0 19.7 19.4 19.4 19.3 20.1 20.0 20.2 20.6 20.8 21.1 21.3 21.5 21.6 21.7 21.7 21.9 22.1 22.3 
16.5 17.2 17.5 17.8 18.1 17.7 18.3 18.9 19.4 20.0 19.5 19.3 19.7 20.0 20.3 20.6 20.9 21.2 21.4 21.6 21.7 21.8 21.8 21.8 21.9 22.1 0.00 
16.7 17.4 17.6 18.1 18.1 18.1 18.2 19.3 19.5 20.2 20.5 20.0 20.0 20.2 20.5 20.8 21.2 21.5 21.7 21.9 21.9 21.9 21.9 22.0 22.0 22.1 0.00 
16.9 17.1 17.7 17.9 18.3 18.2 18.3 18.9 19.3 20.4 20.6 20.6 20.9 20.5 20.7 21.0 21.4 21.8 22.0 22.1 22.1 22.0 22.0 22.1 0.00 0.00 0.00 
16.9 17.2 17.5 17.5 18.5 18.3 18.7 19.4 19.9 20.7 21.1 20.5 20.5 21.2 21.0 21.3 21.5 21.9 22.1 22.1 22.1 22.1 22.2 22.2 22.3 0.00 0.00 
16.8 17.1 17.6 18.1 18.7 18.5 18.6 19.6 20.5 20.5 21.3 21.4 20.8 21.0 21.2 21.4 21.6 21.9 22.0 22.1 22.1 22.1 22.2 0.00 0.00 0.00 0.00 
16.9 17.4 17.8 18.4 18.7 18.6 18.7 19.9 20.5 20.3 21.2 21.3 21.7 20.9 21.2 21.3 21.5 21.8 21.9 22.0 22.1 22.1 0.00 0.00 0.00 0.00 0.00 
16.9 17.3 17.6 18.3 18.5 18.7 18.9 19.8 20.3 20.4 21.0 21.0 21.8 21.4 21.3 21.4 21.6 21.9 21.9 21.9 22.1 22.1 0.00 0.00 0.00 0.00 0.00 
16.8 17.2 17.5 18.2 18.7 19.1 19.0 19.5 20.4 20.3 20.7 21.3 21.8 21.3 21.1 21.3 21.6 21.9 22.1 22.0 22.2 0.00 0.00 0.00 0.00 0.00 0.00 
17.2 17.3 17.6 18.2 18.9 19.1 19.2 19.6 20.0 20.6 20.7 21.1 21.8 21.4 21.0 21.3 21.9 21.7 21.9 22.0 22.7 0.00 0.00 0.00 0.00 0.00 0.00 
17.4 17.6 17.7 18.1 18.6 19.4 19.6 19.5 20.4 20.8 20.8 20.9 21.6 21.4 21.0 21.3 21.5 21.7 21.7 21.9 0.00 0.00 0.00 0.00 0.00 0.00 0.00 
17.4 17.7 18.0 18.2 18.7 19.1 19.4 19.8 20.6 20.8 20.8 21.5 21.7 21.3 21.0 21.4 21.7 21.8 21.8 0.00 0.00 0.00 0.00 0.00 0.00 0.00 0.00 
17.5 17.9 18.4 18.7 19.2 19.6 19.7 20.3 20.8 20.9 21.2 21.4 21.7 21.1 21.2 21.4 21.6 21.9 22.1 0.00 0.00 0.00 0.00 0.00 0.00 0.00 0.00 
17.7 18.1 18.6 19.0 19.3 19.6 20.0 20.1 20.6 21.2 21.4 21.7 21.9 21.2 21.3 21.8 22.1 22.3 22.4 0.00 0.00 0.00 0.00 0.00 0.00 0.00 0.00 
18.0 18.5 18.7 19.0 19.4 19.8 20.0 20.5 21.0 20.8 21.0 21.6 22.1 21.4 21.8 21.8 22.0 22.0 0.00 0.00 0.00 0.00 0.00 0.00 0.00 0.00 0.00 
18.1 18.7 19.1 19.4 19.8 20.0 20.3 20.8 21.3 21.5 21.4 21.8 22.3 22.3 0.00 0.00 0.00 0.00 0.00 0.00 0.00 0.00 0.00 0.00 0.00 0.00 0.00 
18.4 18.8 19.3 19.7 19.8 19.9 20.4 21.0 21.4 21.8 22.0 21.9 22.3 22.2 21.6 0.00 0.00 0.00 0.00 0.00 0.00 0.00 0.00 0.00 0.00 0.00 0.00 
