2016_CCC_ARR_IFD/catchment_depth_30min_39347aep.txt.asc
ncols         27
nrows         23
xllcorner     150.975
yllcorner     -33.6
cellsize      0.025
NODATA_value  -9999
21.6 21.5 21.7 21.8 21.7 21.5 21.5 21.7 22.0 22.5 23.0 23.3 23.4 23.8 23.9 24.2 24.2 24.4 24.7 24.9 25.1 25.4 25.6 25.8 26.0 26.2 26.4 
21.8 21.7 21.8 21.9 21.9 21.9 21.8 22.0 22.4 22.9 23.4 23.7 23.8 23.9 24.2 24.1 24.3 24.6 24.8 25.1 25.3 25.5 25.8 26.0 26.2 26.4 26.6 
21.7 21.8 22.0 22.1 22.0 22.1 22.2 22.3 22.8 23.1 23.5 23.7 23.8 23.8 24.3 24.6 24.6 24.8 25.0 25.3 25.5 25.7 25.9 26.1 26.3 26.5 26.7 
21.9 21.9 22.2 22.0 22.1 22.2 22.5 22.6 22.7 23.1 23.5 23.7 23.9 24.1 24.4 24.5 24.7 25.0 25.2 25.4 25.7 25.9 26.1 26.3 26.4 26.6 26.8 
22.0 22.0 22.2 22.1 22.2 22.4 22.6 22.8 23.2 23.7 23.7 23.6 24.1 24.1 24.5 24.6 24.9 25.2 25.4 25.6 25.9 26.0 26.2 26.4 26.6 26.8 27.0 
22.0 22.2 22.2 22.2 22.5 22.5 22.7 22.9 23.4 23.9 23.8 23.9 24.1 24.3 24.6 24.8 25.1 25.3 25.6 25.8 26.0 26.2 26.4 26.5 26.7 26.9 27.1 
22.0 22.2 22.2 22.3 22.7 22.7 22.9 23.2 23.6 24.1 24.0 24.1 24.2 24.7 24.8 25.0 25.3 25.5 25.8 26.0 26.2 26.4 26.5 26.7 26.9 27.0 27.2 
22.1 22.3 22.5 22.7 22.9 22.8 23.1 23.6 23.9 24.3 24.2 24.1 24.4 24.6 25.0 25.2 25.5 25.7 26.0 26.2 26.4 26.5 26.7 26.8 27.0 27.1 0.00 
22.2 22.5 22.6 22.9 23.0 23.1 23.2 23.9 24.0 24.5 24.8 24.6 24.6 24.8 25.1 25.3 25.6 25.9 26.2 26.4 26.5 26.6 26.8 26.9 27.1 27.2 0.00 
22.3 22.4 22.7 22.9 23.2 23.2 23.3 23.7 24.0 24.7 24.9 25.0 25.3 25.0 25.2 25.5 25.8 26.1 26.4 26.5 26.7 26.8 26.9 27.0 0.00 0.00 0.00 
22.4 22.5 22.7 22.8 23.3 23.3 23.6 24.1 24.4 25.0 25.3 24.9 25.0 25.6 25.5 25.7 26.0 26.3 26.5 26.6 26.8 26.9 27.0 27.1 27.3 0.00 0.00 
22.4 22.6 22.8 23.1 23.5 23.5 23.5 24.2 24.8 24.9 25.5 25.6 25.2 25.4 25.6 25.8 26.1 26.3 26.5 26.7 26.8 27.0 27.1 0.00 0.00 0.00 0.00 
22.5 22.7 23.0 23.3 23.5 23.5 23.6 24.4 24.8 24.7 25.5 25.6 25.9 25.4 25.7 25.9 26.1 26.4 26.6 26.8 26.9 27.1 0.00 0.00 0.00 0.00 0.00 
22.6 22.8 22.9 23.3 23.4 23.6 23.8 24.3 24.7 24.8 25.3 25.3 26.0 25.8 25.8 26.0 26.2 26.5 26.7 26.8 27.0 27.2 0.00 0.00 0.00 0.00 0.00 
22.7 22.8 23.0 23.3 23.6 23.8 23.8 24.2 24.8 24.8 25.1 25.6 26.0 25.8 25.8 26.0 26.3 26.6 26.8 27.0 27.2 0.00 0.00 0.00 0.00 0.00 0.00 
22.7 22.9 23.0 23.3 23.7 23.9 23.9 24.2 24.5 25.0 25.1 25.4 26.0 25.8 25.8 26.1 26.5 26.6 26.9 27.0 27.4 0.00 0.00 0.00 0.00 0.00 0.00 
22.8 22.9 23.1 23.3 23.6 24.1 24.2 24.2 24.7 25.1 25.1 25.3 25.8 25.9 25.9 26.2 26.5 26.7 26.9 27.1 0.00 0.00 0.00 0.00 0.00 0.00 0.00 
22.9 23.1 23.2 23.4 23.6 23.9 24.1 24.3 24.9 25.0 25.1 25.7 25.9 25.9 26.0 26.3 26.6 26.9 27.0 0.00 0.00 0.00 0.00 0.00 0.00 0.00 0.00 
23.1 23.2 23.5 23.7 24.0 24.2 24.2 24.6 25.0 25.0 25.3 25.6 26.0 25.9 26.2 26.4 26.7 27.0 27.2 0.00 0.00 0.00 0.00 0.00 0.00 0.00 0.00 
23.2 23.4 23.7 23.9 24.1 24.2 24.5 24.5 24.7 25.1 25.4 25.8 26.1 26.1 26.3 26.7 27.0 27.3 27.5 0.00 0.00 0.00 0.00 0.00 0.00 0.00 0.00 
23.4 23.7 23.8 24.0 24.2 24.4 24.5 24.7 25.0 25.1 25.4 25.8 26.3 26.3 26.6 26.8 27.1 27.3 0.00 0.00 0.00 0.00 0.00 0.00 0.00 0.00 0.00 
23.6 23.9 24.1 24.3 24.5 24.7 24.7 25.0 25.5 25.4 25.6 26.0 26.6 26.8 0.00 0.00 0.00 0.00 0.00 0.00 0.00 0.00 0.00 0.00 0.00 0.00 0.00 
23.8 24.1 24.3 24.6 24.7 24.7 25.0 25.4 25.7 26.0 26.3 26.3 26.8 26.9 26.9 0.00 0.00 0.00 0.00 0.00 0.00 0.00 0.00 0.00 0.00 0.00 0.00 
