2016_CCC_ARR_IFD/catchment_depth_15min_10000aep.txt.asc
ncols         27
nrows         23
xllcorner     150.975
yllcorner     -33.6
cellsize      0.025
NODATA_value  -9999
23.9 23.8 24.1 24.4 24.2 24.0 24.0 24.4 24.8 25.5 26.2 26.5 26.7 27.2 27.4 27.7 27.9 28.1 28.4 28.7 28.9 29.2 29.5 29.7 29.9 30.2 30.4 
24.1 24.1 24.2 24.4 24.5 24.4 24.4 24.7 25.2 25.9 26.5 26.9 27.1 27.3 27.7 27.8 28.1 28.3 28.5 28.8 29.1 29.3 29.6 29.8 30.0 30.3 30.5 
24.0 24.2 24.5 24.5 24.5 24.6 24.7 24.9 25.7 26.1 26.6 27.0 27.1 27.3 27.8 28.1 28.4 28.7 28.8 28.9 29.2 29.4 29.6 29.9 30.1 30.4 30.6 
24.2 24.3 24.6 24.2 24.3 24.5 25.1 25.2 25.5 26.1 26.6 26.9 27.3 27.6 28.0 28.2 28.6 28.7 28.9 29.0 29.3 29.5 29.8 30.0 30.2 30.5 30.7 
24.3 24.2 24.6 24.1 24.5 24.8 25.2 25.5 26.1 26.7 26.8 26.9 27.5 27.7 28.1 28.4 28.8 28.9 29.0 29.3 29.4 29.6 29.8 30.1 30.3 30.6 30.8 
24.2 24.6 24.5 24.1 24.8 24.9 25.1 25.5 26.3 26.9 26.9 27.2 27.6 27.9 28.3 28.4 28.9 29.2 29.4 29.4 29.5 29.7 30.0 30.2 30.4 30.7 30.8 
24.2 24.4 24.3 24.4 25.0 25.0 25.4 25.9 26.5 27.2 27.2 27.4 27.6 28.3 28.5 28.6 29.0 29.3 29.5 29.5 29.7 29.9 30.1 30.3 30.5 30.8 31.0 
24.4 24.7 24.9 25.2 25.5 25.2 25.7 26.4 26.9 27.4 27.4 27.5 28.0 28.4 28.7 29.0 29.1 29.3 29.6 29.7 29.8 30.0 30.2 30.3 30.5 30.7 0.00 
24.6 25.0 25.1 25.5 25.5 25.6 25.9 26.8 27.0 27.6 28.0 28.0 28.2 28.5 28.9 29.1 29.3 29.5 29.7 29.9 30.0 30.1 30.3 30.4 30.6 30.8 0.00 
24.8 24.9 25.3 25.5 25.8 25.8 26.1 26.6 27.0 27.8 28.2 28.4 28.7 28.8 29.0 29.3 29.4 29.7 29.9 30.1 30.2 30.2 30.4 30.5 0.00 0.00 0.00 
24.9 25.1 25.3 25.4 26.0 26.1 26.4 27.0 27.5 28.1 28.5 28.4 28.7 29.2 29.3 29.6 29.7 29.9 30.0 30.2 30.3 30.4 30.5 30.6 30.8 0.00 0.00 
25.1 25.2 25.5 25.9 26.3 26.3 26.5 27.3 27.9 28.1 28.8 29.0 28.9 29.2 29.5 29.7 29.9 30.0 30.1 30.3 30.4 30.5 30.6 0.00 0.00 0.00 0.00 
25.2 25.5 25.8 26.2 26.4 26.5 26.6 27.5 28.0 28.1 28.8 29.0 29.3 29.3 29.6 29.8 29.9 30.2 30.2 30.4 30.5 30.6 0.00 0.00 0.00 0.00 0.00 
25.4 25.6 25.8 26.3 26.4 26.6 26.9 27.5 28.0 28.2 28.7 28.9 29.5 29.5 29.7 29.9 30.2 30.4 30.4 30.5 30.6 30.7 0.00 0.00 0.00 0.00 0.00 
25.5 25.7 25.9 26.3 26.6 26.9 27.0 27.4 28.1 28.2 28.6 29.1 29.5 29.6 29.8 30.0 30.3 30.5 30.7 30.7 30.9 0.00 0.00 0.00 0.00 0.00 0.00 
25.7 25.8 26.0 26.4 26.9 27.0 27.1 27.5 27.9 28.4 28.6 29.0 29.5 29.7 29.9 30.2 30.4 30.5 30.7 30.7 31.1 0.00 0.00 0.00 0.00 0.00 0.00 
25.9 26.0 26.1 26.4 26.7 27.3 27.4 27.4 28.1 28.5 28.7 28.9 29.5 29.7 29.8 30.1 30.3 30.5 30.6 30.7 0.00 0.00 0.00 0.00 0.00 0.00 0.00 
26.0 26.2 26.4 26.4 26.7 27.0 27.2 27.5 28.3 28.5 28.6 29.2 29.5 29.6 29.7 30.1 30.4 30.6 30.6 0.00 0.00 0.00 0.00 0.00 0.00 0.00 0.00 
26.1 26.4 26.7 26.9 27.2 27.5 27.4 27.9 28.4 28.4 28.7 29.1 29.5 29.4 29.7 30.0 30.3 30.6 30.8 0.00 0.00 0.00 0.00 0.00 0.00 0.00 0.00 
26.2 26.5 26.8 27.1 27.3 27.3 27.7 27.6 27.9 28.4 28.7 29.2 29.5 29.4 29.7 30.2 30.5 30.7 30.9 0.00 0.00 0.00 0.00 0.00 0.00 0.00 0.00 
26.4 26.8 26.9 27.1 27.3 27.5 27.5 27.8 28.2 28.1 28.5 29.0 29.6 29.4 29.9 30.1 30.4 30.5 0.00 0.00 0.00 0.00 0.00 0.00 0.00 0.00 0.00 
26.5 27.0 27.2 27.5 27.7 27.8 27.8 28.1 28.6 28.5 28.6 29.1 29.7 29.9 0.00 0.00 0.00 0.00 0.00 0.00 0.00 0.00 0.00 0.00 0.00 0.00 0.00 
26.7 27.1 27.4 27.7 27.7 27.6 27.9 28.4 28.8 29.0 29.2 29.2 29.7 29.8 29.7 0.00 0.00 0.00 0.00 0.00 0.00 0.00 0.00 0.00 0.00 0.00 0.00 
