2016_CCC_ARR_IFD/catchment_depth_3min_20000aep.txt.asc
ncols         27
nrows         23
xllcorner     150.975
yllcorner     -33.6
cellsize      0.025
NODATA_value  -9999
6.56 6.53 6.60 6.66 6.62 6.58 6.61 6.70 6.81 6.98 7.16 7.24 7.30 7.42 7.49 7.57 7.61 7.69 7.79 7.88 7.97 8.05 8.14 8.21 8.29 8.37 8.44 
6.60 6.60 6.62 6.68 6.70 6.71 6.71 6.79 6.91 7.09 7.24 7.36 7.40 7.47 7.56 7.58 7.64 7.76 7.86 7.95 8.03 8.11 8.19 8.26 8.34 8.41 8.48 
6.57 6.62 6.69 6.72 6.72 6.76 6.80 6.87 7.03 7.15 7.28 7.38 7.43 7.47 7.61 7.70 7.74 7.81 7.92 8.02 8.09 8.17 8.24 8.31 8.38 8.45 8.52 
6.63 6.64 6.72 6.66 6.71 6.77 6.91 6.95 7.04 7.17 7.31 7.38 7.48 7.56 7.67 7.72 7.80 7.91 8.00 8.09 8.16 8.23 8.30 8.36 8.43 8.49 8.56 
6.64 6.65 6.73 6.67 6.76 6.84 6.94 7.03 7.17 7.32 7.36 7.41 7.55 7.61 7.72 7.80 7.89 8.00 8.09 8.16 8.23 8.29 8.35 8.41 8.47 8.53 8.60 
6.63 6.72 6.73 6.69 6.84 6.88 6.96 7.07 7.24 7.39 7.42 7.51 7.61 7.70 7.80 7.92 8.00 8.08 8.16 8.24 8.30 8.35 8.41 8.46 8.52 8.57 8.63 
6.66 6.69 6.71 6.75 6.90 6.93 7.04 7.16 7.32 7.47 7.51 7.59 7.70 7.81 7.90 8.03 8.12 8.18 8.27 8.33 8.38 8.42 8.46 8.51 8.56 8.61 8.67 
6.70 6.76 6.83 6.91 7.00 7.00 7.13 7.29 7.42 7.55 7.59 7.67 7.78 7.89 7.99 8.10 8.23 8.32 8.39 8.44 8.47 8.49 8.52 8.55 8.59 8.64 0.00 
6.73 6.81 6.87 6.98 7.02 7.09 7.18 7.39 7.48 7.63 7.74 7.78 7.87 7.98 8.08 8.21 8.34 8.44 8.51 8.54 8.55 8.56 8.57 8.59 8.62 8.67 0.00 
6.77 6.82 6.92 6.99 7.09 7.15 7.24 7.38 7.50 7.71 7.82 7.89 7.99 8.06 8.18 8.29 8.44 8.55 8.63 8.63 8.63 8.62 8.62 8.62 0.00 0.00 0.00 
6.81 6.86 6.93 7.01 7.15 7.21 7.32 7.48 7.62 7.80 7.91 7.93 8.02 8.14 8.23 8.33 8.49 8.62 8.69 8.69 8.68 8.67 8.67 8.66 8.68 0.00 0.00 
6.85 6.90 6.98 7.08 7.22 7.26 7.35 7.55 7.73 7.82 8.00 8.08 8.09 8.19 8.29 8.40 8.51 8.63 8.69 8.71 8.71 8.71 8.71 0.00 0.00 0.00 0.00 
6.88 6.94 7.03 7.14 7.24 7.31 7.40 7.61 7.76 7.81 8.01 8.10 8.19 8.24 8.35 8.46 8.56 8.64 8.69 8.72 8.74 8.74 0.00 0.00 0.00 0.00 0.00 
6.91 6.97 7.05 7.17 7.25 7.34 7.45 7.62 7.76 7.85 8.01 8.09 8.23 8.29 8.38 8.49 8.58 8.64 8.71 8.73 8.76 8.77 0.00 0.00 0.00 0.00 0.00 
6.95 7.00 7.08 7.18 7.29 7.41 7.48 7.61 7.79 7.86 7.99 8.13 8.25 8.32 8.41 8.51 8.60 8.66 8.72 8.75 8.79 0.00 0.00 0.00 0.00 0.00 0.00 
6.95 7.03 7.11 7.20 7.34 7.43 7.51 7.63 7.76 7.91 8.00 8.13 8.26 8.34 8.43 8.53 8.61 8.67 8.73 8.76 8.82 0.00 0.00 0.00 0.00 0.00 0.00 
6.96 7.03 7.14 7.22 7.33 7.48 7.57 7.63 7.81 7.94 8.02 8.11 8.27 8.35 8.40 8.51 8.60 8.67 8.71 8.75 0.00 0.00 0.00 0.00 0.00 0.00 0.00 
6.99 7.06 7.16 7.26 7.35 7.46 7.55 7.66 7.85 7.94 8.01 8.18 8.28 8.34 8.38 8.51 8.61 8.68 8.70 0.00 0.00 0.00 0.00 0.00 0.00 0.00 0.00 
7.06 7.12 7.22 7.32 7.43 7.54 7.59 7.73 7.88 7.93 8.04 8.16 8.28 8.29 8.38 8.48 8.59 8.68 8.73 0.00 0.00 0.00 0.00 0.00 0.00 0.00 0.00 
7.11 7.18 7.27 7.38 7.46 7.53 7.65 7.68 7.79 7.95 8.05 8.19 8.29 8.29 8.37 8.52 8.62 8.69 8.75 0.00 0.00 0.00 0.00 0.00 0.00 0.00 0.00 
7.15 7.26 7.31 7.40 7.48 7.58 7.63 7.74 7.85 7.88 7.98 8.15 8.31 8.28 8.42 8.49 8.59 8.64 0.00 0.00 0.00 0.00 0.00 0.00 0.00 0.00 0.00 
7.19 7.31 7.40 7.49 7.58 7.65 7.69 7.80 7.95 7.98 8.02 8.17 8.34 8.40 0.00 0.00 0.00 0.00 0.00 0.00 0.00 0.00 0.00 0.00 0.00 0.00 0.00 
7.23 7.35 7.45 7.55 7.59 7.61 7.71 7.87 7.99 8.07 8.17 8.20 8.34 8.38 8.36 0.00 0.00 0.00 0.00 0.00 0.00 0.00 0.00 0.00 0.00 0.00 0.00 
