2016_CCC_ARR_IFD/catchment_depth_2880min_01000aep.txt.asc
ncols         27
nrows         23
xllcorner     150.975
yllcorner     -33.6
cellsize      0.025
NODATA_value  -9999
274 272 287 295 288 279 275 287 299 320 344 352 353 374 377 387 376 362 370 377 382 391 399 398 399 399 398 
286 286 290 300 300 297 290 297 312 335 359 378 373 374 390 371 366 364 368 375 382 388 392 394 396 396 396 
280 292 304 305 302 304 304 307 330 343 359 371 368 362 386 398 384 376 375 376 381 385 388 391 395 396 396 
295 297 310 294 298 301 320 318 323 340 356 359 367 371 387 376 380 373 376 378 384 386 389 392 394 397 403 
298 298 311 296 306 313 322 328 345 366 359 350 375 364 382 373 385 376 380 385 386 387 388 392 394 399 400 
294 312 309 298 318 315 316 326 352 372 360 364 366 370 382 369 382 387 391 384 386 388 390 391 396 401 397 
288 303 300 305 325 317 328 339 359 381 370 368 358 390 383 370 381 391 391 388 388 390 391 392 396 402 407 
288 314 323 331 339 321 339 359 374 391 375 362 371 379 392 389 383 383 388 388 387 390 392 389 392 394 0.00 
298 323 327 341 337 337 337 374 376 397 405 389 381 381 391 388 385 386 387 389 390 388 389 389 390 391 0.00 
306 310 331 336 347 340 339 359 368 404 410 407 416 394 388 396 385 388 390 393 392 389 389 390 0.00 0.00 0.00 
307 314 322 319 352 344 354 377 391 418 428 403 399 422 408 409 395 392 391 392 391 390 392 393 394 0.00 0.00 
301 310 327 342 362 351 349 384 410 409 435 434 408 410 411 410 409 400 394 393 393 392 394 0.00 0.00 0.00 0.00 
307 323 336 353 361 354 349 392 410 399 430 430 440 406 409 406 403 405 398 396 396 395 0.00 0.00 0.00 0.00 0.00 
310 322 329 351 352 354 359 388 402 402 422 417 442 424 418 412 414 418 407 399 400 396 0.00 0.00 0.00 0.00 0.00 
305 315 324 345 359 368 359 375 405 397 407 425 438 421 413 414 418 422 421 407 411 0.00 0.00 0.00 0.00 0.00 0.00 
320 320 325 345 366 368 362 374 386 405 404 414 434 421 415 418 425 413 415 407 429 0.00 0.00 0.00 0.00 0.00 0.00 
327 330 328 338 352 379 377 365 397 408 404 403 424 418 414 415 413 413 405 402 0.00 0.00 0.00 0.00 0.00 0.00 0.00 
330 337 339 338 351 360 363 371 403 403 397 419 423 413 405 414 416 413 404 0.00 0.00 0.00 0.00 0.00 0.00 0.00 0.00 
330 340 355 363 373 383 370 389 406 397 402 409 417 398 399 402 408 410 410 0.00 0.00 0.00 0.00 0.00 0.00 0.00 0.00 
335 350 364 375 377 373 383 371 378 397 399 413 416 393 392 407 413 415 414 0.00 0.00 0.00 0.00 0.00 0.00 0.00 0.00 
346 367 365 370 375 382 375 383 391 375 379 397 413 387 398 397 402 399 0.00 0.00 0.00 0.00 0.00 0.00 0.00 0.00 0.00 
351 373 383 391 396 395 386 394 411 396 383 394 416 408 0.00 0.00 0.00 0.00 0.00 0.00 0.00 0.00 0.00 0.00 0.00 0.00 0.00 
360 380 392 403 397 383 389 407 414 412 412 394 407 393 375 0.00 0.00 0.00 0.00 0.00 0.00 0.00 0.00 0.00 0.00 0.00 0.00 
