2016_CCC_ARR_IFD/catchment_depth_1min_00500aep.txt.asc
ncols         27
nrows         23
xllcorner     150.975
yllcorner     -33.6
cellsize      0.025
NODATA_value  -9999
6.30 6.27 6.38 6.46 6.43 6.41 6.46 6.59 6.73 6.92 7.10 7.20 7.29 7.39 7.49 7.58 7.74 7.86 7.97 8.07 8.15 8.24 8.33 8.38 8.44 8.50 8.57 
6.35 6.35 6.38 6.48 6.51 6.53 6.55 6.66 6.83 7.02 7.17 7.27 7.37 7.47 7.55 7.72 7.84 7.95 8.04 8.13 8.22 8.31 8.38 8.44 8.50 8.56 8.62 
6.28 6.36 6.47 6.50 6.51 6.57 6.63 6.73 6.95 7.09 7.23 7.34 7.44 7.56 7.65 7.73 7.92 8.07 8.14 8.21 8.29 8.36 8.43 8.49 8.57 8.63 8.68 
6.35 6.37 6.49 6.37 6.44 6.53 6.74 6.81 6.94 7.12 7.28 7.40 7.52 7.65 7.75 7.92 8.05 8.14 8.22 8.28 8.36 8.43 8.50 8.56 8.62 8.69 8.76 
6.34 6.34 6.47 6.33 6.47 6.60 6.75 6.89 7.08 7.25 7.35 7.47 7.61 7.77 7.88 8.04 8.15 8.23 8.30 8.37 8.43 8.49 8.55 8.62 8.68 8.75 8.80 
6.29 6.44 6.42 6.30 6.57 6.60 6.72 6.90 7.14 7.32 7.42 7.57 7.73 7.88 8.00 8.11 8.25 8.34 8.42 8.42 8.47 8.54 8.61 8.67 8.74 8.80 8.83 
6.27 6.34 6.32 6.38 6.62 6.63 6.81 6.99 7.21 7.39 7.51 7.67 7.82 7.94 8.12 8.18 8.32 8.42 8.48 8.50 8.54 8.61 8.67 8.73 8.79 8.85 8.91 
6.30 6.43 6.53 6.63 6.75 6.70 6.90 7.13 7.31 7.46 7.59 7.76 7.95 8.11 8.20 8.33 8.39 8.45 8.54 8.57 8.61 8.67 8.73 8.76 8.82 8.87 0.00 
6.35 6.52 6.57 6.72 6.74 6.82 6.94 7.23 7.35 7.54 7.67 7.83 8.04 8.18 8.31 8.38 8.45 8.53 8.59 8.64 8.69 8.72 8.77 8.81 8.86 8.89 0.00 
6.41 6.46 6.62 6.70 6.83 6.88 7.00 7.20 7.38 7.61 7.75 7.89 8.02 8.24 8.33 8.45 8.48 8.58 8.66 8.71 8.74 8.77 8.81 8.86 0.00 0.00 0.00 
6.43 6.51 6.60 6.65 6.88 6.93 7.09 7.31 7.48 7.67 7.80 7.94 8.11 8.20 8.38 8.49 8.55 8.62 8.68 8.72 8.76 8.79 8.85 8.90 8.93 0.00 0.00 
6.44 6.52 6.64 6.79 6.97 6.99 7.10 7.36 7.56 7.70 7.87 8.00 8.13 8.28 8.41 8.52 8.61 8.66 8.68 8.73 8.77 8.80 8.86 0.00 0.00 0.00 0.00 
6.47 6.59 6.72 6.87 6.98 7.03 7.12 7.41 7.58 7.69 7.88 8.01 8.13 8.27 8.41 8.50 8.56 8.66 8.68 8.72 8.76 8.80 0.00 0.00 0.00 0.00 0.00 
6.50 6.60 6.70 6.88 6.96 7.04 7.17 7.40 7.57 7.70 7.88 8.01 8.13 8.28 8.40 8.50 8.60 8.69 8.71 8.71 8.77 8.78 0.00 0.00 0.00 0.00 0.00 
6.48 6.58 6.68 6.86 7.00 7.12 7.17 7.35 7.58 7.68 7.84 8.01 8.13 8.26 8.37 8.48 8.58 8.66 8.72 8.72 8.79 0.00 0.00 0.00 0.00 0.00 0.00 
6.56 6.61 6.69 6.86 7.04 7.12 7.18 7.34 7.50 7.70 7.81 7.97 8.12 8.23 8.35 8.45 8.56 8.58 8.66 8.67 8.78 0.00 0.00 0.00 0.00 0.00 0.00 
6.61 6.67 6.70 6.81 6.96 7.17 7.25 7.26 7.54 7.68 7.78 7.89 8.08 8.18 8.22 8.37 8.44 8.53 8.54 8.58 0.00 0.00 0.00 0.00 0.00 0.00 0.00 
6.63 6.71 6.77 6.79 6.93 7.05 7.14 7.26 7.54 7.64 7.70 7.92 8.04 8.10 8.11 8.30 8.41 8.48 8.47 0.00 0.00 0.00 0.00 0.00 0.00 0.00 0.00 
6.60 6.72 6.85 6.94 7.05 7.17 7.16 7.35 7.53 7.57 7.69 7.83 7.97 7.94 8.03 8.15 8.28 8.39 8.45 0.00 0.00 0.00 0.00 0.00 0.00 0.00 0.00 
6.60 6.74 6.87 6.98 7.05 7.08 7.21 7.20 7.32 7.53 7.63 7.81 7.92 7.85 7.93 8.14 8.26 8.34 8.40 0.00 0.00 0.00 0.00 0.00 0.00 0.00 0.00 
6.63 6.81 6.84 6.92 7.00 7.10 7.11 7.24 7.37 7.34 7.45 7.67 7.86 7.77 7.94 8.01 8.13 8.18 0.00 0.00 0.00 0.00 0.00 0.00 0.00 0.00 0.00 
6.62 6.82 6.91 7.01 7.10 7.15 7.16 7.28 7.47 7.45 7.44 7.62 7.83 7.87 0.00 0.00 0.00 0.00 0.00 0.00 0.00 0.00 0.00 0.00 0.00 0.00 0.00 
6.65 6.81 6.93 7.04 7.06 7.02 7.13 7.33 7.45 7.52 7.61 7.58 7.74 7.74 7.68 0.00 0.00 0.00 0.00 0.00 0.00 0.00 0.00 0.00 0.00 0.00 0.00 
