2016_CCC_ARR_IFD/catchment_depth_180min_99752aep.txt.asc
ncols         27
nrows         23
xllcorner     150.975
yllcorner     -33.6
cellsize      0.025
NODATA_value  -9999
14.3 14.3 14.6 14.8 14.6 14.4 14.4 14.7 15.0 15.5 16.2 16.4 16.4 17.0 17.1 17.3 17.0 16.7 17.0 17.2 17.3 17.5 17.7 17.9 18.0 18.1 18.3 
14.6 14.6 14.7 14.9 14.9 14.8 14.7 14.9 15.3 15.9 16.5 17.0 16.9 16.9 17.4 16.8 16.8 16.9 17.1 17.3 17.5 17.7 17.8 18.0 18.1 18.3 18.4 
14.4 14.6 14.9 15.0 14.9 15.0 15.0 15.1 15.7 16.1 16.5 16.8 16.8 16.6 17.2 17.6 17.2 17.1 17.3 17.5 17.6 17.8 18.0 18.1 18.3 18.4 18.5 
14.7 14.7 15.0 14.7 14.8 14.9 15.4 15.4 15.5 16.0 16.4 16.5 16.7 16.8 17.2 17.0 17.1 17.2 17.5 17.7 17.8 18.0 18.1 18.3 18.4 18.5 18.7 
14.7 14.7 15.0 14.7 14.9 15.2 15.4 15.6 16.1 16.6 16.5 16.3 16.9 16.7 17.1 17.0 17.3 17.5 17.7 17.9 18.1 18.2 18.3 18.4 18.5 18.7 18.8 
14.5 15.0 14.9 14.7 15.2 15.2 15.3 15.5 16.2 16.8 16.5 16.6 16.7 16.8 17.1 17.2 17.4 17.7 17.9 18.1 18.3 18.4 18.5 18.5 18.7 18.8 18.9 
14.4 14.7 14.7 14.8 15.4 15.2 15.5 15.8 16.4 17.0 16.7 16.7 16.7 17.3 17.2 17.4 17.7 17.9 18.1 18.3 18.5 18.6 18.6 18.7 18.8 19.0 19.1 
14.4 14.9 15.2 15.4 15.7 15.3 15.8 16.3 16.7 17.2 16.8 16.6 16.9 17.1 17.5 17.6 17.9 18.2 18.4 18.5 18.6 18.7 18.8 18.8 18.9 19.0 0.00 
14.6 15.1 15.2 15.6 15.6 15.6 15.7 16.6 16.7 17.3 17.5 17.2 17.1 17.3 17.6 17.8 18.1 18.4 18.6 18.7 18.8 18.8 18.8 18.9 18.9 19.0 0.00 
14.7 14.8 15.3 15.5 15.8 15.7 15.8 16.3 16.5 17.5 17.6 17.6 17.9 17.5 17.7 18.0 18.3 18.6 18.9 18.9 18.9 18.9 18.9 18.9 0.00 0.00 0.00 
14.7 14.9 15.1 15.2 15.9 15.8 16.1 16.7 17.1 17.8 18.1 17.5 17.5 18.1 18.0 18.2 18.4 18.7 18.9 18.9 18.9 18.9 19.0 19.0 19.1 0.00 0.00 
14.6 14.8 15.2 15.6 16.1 16.0 16.0 16.9 17.5 17.6 18.2 18.3 17.7 17.9 18.1 18.2 18.4 18.7 18.8 18.9 18.9 18.9 19.0 0.00 0.00 0.00 0.00 
14.7 15.1 15.4 15.8 16.1 16.0 16.1 17.0 17.5 17.3 18.1 18.2 18.5 17.8 18.0 18.2 18.4 18.6 18.7 18.8 18.9 18.9 0.00 0.00 0.00 0.00 0.00 
14.7 15.0 15.3 15.8 15.9 16.1 16.3 17.0 17.4 17.4 18.0 17.9 18.6 18.3 18.2 18.2 18.4 18.7 18.7 18.7 18.9 18.9 0.00 0.00 0.00 0.00 0.00 
14.7 14.9 15.2 15.7 16.1 16.4 16.3 16.7 17.5 17.4 17.7 18.1 18.6 18.2 18.0 18.1 18.4 18.7 18.8 18.8 19.0 0.00 0.00 0.00 0.00 0.00 0.00 
14.9 15.1 15.3 15.7 16.3 16.4 16.4 16.8 17.1 17.6 17.7 18.0 18.5 18.2 17.9 18.2 18.6 18.5 18.7 18.7 19.4 0.00 0.00 0.00 0.00 0.00 0.00 
15.1 15.2 15.4 15.7 16.0 16.6 16.8 16.7 17.4 17.7 17.8 17.8 18.3 18.2 17.9 18.1 18.3 18.5 18.6 18.7 0.00 0.00 0.00 0.00 0.00 0.00 0.00 
15.1 15.4 15.6 15.7 16.1 16.4 16.6 16.9 17.6 17.8 17.7 18.3 18.5 18.1 17.9 18.2 18.5 18.6 18.6 0.00 0.00 0.00 0.00 0.00 0.00 0.00 0.00 
15.2 15.5 15.9 16.1 16.5 16.8 16.9 17.3 17.8 17.8 18.0 18.2 18.5 18.0 18.1 18.3 18.5 18.7 18.9 0.00 0.00 0.00 0.00 0.00 0.00 0.00 0.00 
15.4 15.7 16.0 16.4 16.6 16.8 17.1 17.2 17.5 18.0 18.2 18.5 18.7 18.2 18.2 18.6 18.9 19.1 19.2 0.00 0.00 0.00 0.00 0.00 0.00 0.00 0.00 
15.6 16.0 16.1 16.3 16.6 16.9 17.1 17.5 17.9 17.8 18.0 18.4 18.8 18.3 18.7 18.7 18.9 18.9 0.00 0.00 0.00 0.00 0.00 0.00 0.00 0.00 0.00 
15.7 16.1 16.4 16.7 16.9 17.2 17.3 17.7 18.2 18.3 18.3 18.6 19.1 19.1 0.00 0.00 0.00 0.00 0.00 0.00 0.00 0.00 0.00 0.00 0.00 0.00 0.00 
15.9 16.2 16.5 16.9 17.0 17.1 17.4 17.9 18.3 18.6 18.8 18.8 19.1 19.0 18.7 0.00 0.00 0.00 0.00 0.00 0.00 0.00 0.00 0.00 0.00 0.00 0.00 
