2016_CCC_ARR_IFD/catchment_depth_1min_02000aep.txt.asc
ncols         27
nrows         23
xllcorner     150.975
yllcorner     -33.6
cellsize      0.025
NODATA_value  -9999
4.96 4.94 5.03 5.09 5.05 5.02 5.04 5.14 5.25 5.40 5.56 5.63 5.69 5.78 5.85 5.91 5.98 6.01 6.08 6.15 6.21 6.28 6.35 6.39 6.43 6.48 6.52 
5.01 5.01 5.03 5.10 5.12 5.13 5.13 5.20 5.33 5.49 5.63 5.71 5.77 5.83 5.90 5.96 6.01 6.06 6.12 6.18 6.25 6.31 6.37 6.42 6.46 6.51 6.56 
4.96 5.02 5.11 5.13 5.12 5.16 5.20 5.27 5.44 5.55 5.66 5.74 5.80 5.86 5.96 6.02 6.10 6.17 6.19 6.23 6.28 6.34 6.39 6.45 6.50 6.55 6.59 
5.03 5.04 5.13 5.03 5.08 5.14 5.30 5.33 5.42 5.56 5.69 5.76 5.85 5.93 6.02 6.10 6.17 6.20 6.24 6.28 6.34 6.38 6.43 6.48 6.53 6.58 6.64 
5.03 5.03 5.13 5.01 5.11 5.20 5.31 5.40 5.55 5.69 5.73 5.79 5.92 6.00 6.09 6.17 6.25 6.27 6.30 6.35 6.38 6.42 6.47 6.52 6.57 6.62 6.67 
5.00 5.11 5.10 5.00 5.20 5.21 5.29 5.41 5.60 5.74 5.78 5.88 5.98 6.08 6.17 6.20 6.30 6.36 6.41 6.39 6.41 6.46 6.51 6.55 6.61 6.66 6.69 
5.00 5.05 5.03 5.07 5.25 5.24 5.37 5.50 5.66 5.80 5.86 5.95 6.03 6.15 6.25 6.26 6.35 6.42 6.45 6.45 6.47 6.51 6.55 6.59 6.64 6.70 6.74 
5.04 5.13 5.20 5.27 5.35 5.30 5.45 5.61 5.75 5.87 5.92 6.01 6.14 6.24 6.32 6.39 6.41 6.44 6.49 6.51 6.53 6.57 6.60 6.62 6.66 6.70 0.00 
5.08 5.20 5.24 5.34 5.36 5.40 5.48 5.70 5.78 5.92 6.02 6.10 6.22 6.30 6.39 6.43 6.46 6.51 6.54 6.57 6.59 6.60 6.63 6.65 6.69 6.71 0.00 
5.14 5.17 5.28 5.34 5.43 5.46 5.54 5.68 5.80 5.98 6.08 6.17 6.26 6.37 6.41 6.49 6.50 6.56 6.60 6.63 6.64 6.64 6.66 6.69 0.00 0.00 0.00 
5.17 5.22 5.28 5.32 5.49 5.51 5.62 5.78 5.90 6.05 6.14 6.21 6.31 6.39 6.48 6.55 6.56 6.60 6.64 6.65 6.66 6.68 6.70 6.73 6.75 0.00 0.00 
5.19 5.24 5.33 5.43 5.55 5.57 5.64 5.83 5.98 6.07 6.20 6.28 6.34 6.43 6.51 6.58 6.63 6.64 6.65 6.67 6.69 6.70 6.73 0.00 0.00 0.00 0.00 
5.23 5.31 5.39 5.50 5.58 5.61 5.67 5.88 6.01 6.07 6.22 6.30 6.38 6.44 6.52 6.58 6.61 6.67 6.67 6.68 6.70 6.72 0.00 0.00 0.00 0.00 0.00 
5.26 5.33 5.40 5.52 5.57 5.64 5.72 5.89 6.01 6.09 6.22 6.30 6.39 6.47 6.55 6.60 6.66 6.71 6.71 6.70 6.73 6.73 0.00 0.00 0.00 0.00 0.00 
5.27 5.33 5.40 5.52 5.62 5.71 5.73 5.86 6.03 6.08 6.20 6.32 6.41 6.48 6.54 6.61 6.67 6.72 6.75 6.73 6.77 0.00 0.00 0.00 0.00 0.00 0.00 
5.33 5.37 5.42 5.54 5.66 5.72 5.75 5.86 5.97 6.11 6.19 6.30 6.41 6.48 6.54 6.61 6.68 6.68 6.73 6.72 6.81 0.00 0.00 0.00 0.00 0.00 0.00 
5.38 5.42 5.44 5.52 5.62 5.77 5.82 5.82 6.02 6.12 6.18 6.25 6.39 6.46 6.47 6.57 6.62 6.67 6.66 6.67 0.00 0.00 0.00 0.00 0.00 0.00 0.00 
5.40 5.46 5.50 5.52 5.61 5.69 5.75 5.83 6.03 6.10 6.14 6.29 6.38 6.41 6.41 6.54 6.62 6.66 6.63 0.00 0.00 0.00 0.00 0.00 0.00 0.00 0.00 
5.40 5.47 5.57 5.63 5.71 5.79 5.77 5.91 6.04 6.06 6.15 6.24 6.34 6.31 6.37 6.45 6.54 6.61 6.65 0.00 0.00 0.00 0.00 0.00 0.00 0.00 0.00 
5.40 5.51 5.60 5.68 5.72 5.74 5.83 5.81 5.89 6.04 6.11 6.24 6.32 6.27 6.32 6.47 6.55 6.60 6.63 0.00 0.00 0.00 0.00 0.00 0.00 0.00 0.00 
5.45 5.57 5.59 5.64 5.70 5.77 5.77 5.85 5.94 5.91 5.99 6.15 6.29 6.22 6.34 6.39 6.47 6.50 0.00 0.00 0.00 0.00 0.00 0.00 0.00 0.00 0.00 
5.45 5.58 5.66 5.73 5.78 5.82 5.81 5.90 6.03 6.01 6.00 6.13 6.29 6.32 0.00 0.00 0.00 0.00 0.00 0.00 0.00 0.00 0.00 0.00 0.00 0.00 0.00 
5.47 5.59 5.68 5.76 5.77 5.73 5.81 5.95 6.04 6.08 6.15 6.12 6.24 6.24 6.19 0.00 0.00 0.00 0.00 0.00 0.00 0.00 0.00 0.00 0.00 0.00 0.00 
