2016_CCC_ARR_IFD/catchment_depth_4min_00200aep.txt.asc
ncols         27
nrows         23
xllcorner     150.975
yllcorner     -33.6
cellsize      0.025
NODATA_value  -9999
20.5 20.4 20.8 21.1 21.1 21.1 21.3 21.8 22.2 22.9 23.4 23.8 24.2 24.5 24.9 25.2 25.8 26.3 26.8 27.2 27.6 27.9 28.2 28.4 28.6 28.9 29.2 
20.6 20.7 20.8 21.1 21.3 21.5 21.7 22.1 22.6 23.2 23.7 23.9 24.4 24.8 25.1 25.8 26.1 26.7 27.1 27.5 27.9 28.2 28.4 28.7 28.9 29.2 29.4 
20.4 20.7 21.1 21.2 21.4 21.6 21.9 22.3 23.0 23.5 23.9 24.3 24.7 25.3 25.5 25.8 26.5 27.0 27.5 27.9 28.2 28.4 28.7 28.9 29.2 29.4 29.7 
20.6 20.7 21.1 20.9 21.2 21.6 22.3 22.6 23.1 23.7 24.2 24.7 25.1 25.6 25.9 26.6 27.0 27.5 27.9 28.2 28.5 28.7 29.0 29.2 29.4 29.7 29.9 
20.6 20.7 21.1 20.8 21.3 21.8 22.4 22.9 23.5 24.0 24.5 25.1 25.5 26.2 26.5 27.1 27.5 27.9 28.2 28.5 28.8 29.0 29.2 29.4 29.7 29.9 30.1 
20.5 20.9 21.0 20.7 21.6 21.9 22.3 23.0 23.8 24.3 24.9 25.4 26.1 26.6 27.1 27.5 28.0 28.3 28.6 28.8 28.9 29.2 29.4 29.7 29.9 30.1 30.2 
20.4 20.7 20.7 21.0 21.8 22.0 22.6 23.3 24.0 24.6 25.2 25.8 26.4 26.8 27.6 27.9 28.3 28.7 29.0 29.1 29.3 29.5 29.7 29.9 30.1 30.3 30.5 
20.5 20.9 21.3 21.7 22.1 22.2 22.9 23.7 24.3 24.8 25.5 26.2 26.9 27.5 27.9 28.4 28.7 29.0 29.3 29.5 29.6 29.8 30.0 30.1 30.2 30.4 0.00 
20.6 21.1 21.4 21.9 22.1 22.5 23.0 24.0 24.5 25.1 25.7 26.4 27.2 27.8 28.3 28.6 29.0 29.4 29.6 29.8 29.9 30.0 30.1 30.2 30.4 30.5 0.00 
20.7 20.9 21.5 21.9 22.4 22.7 23.1 23.9 24.6 25.4 26.0 26.6 27.1 28.0 28.4 28.9 29.1 29.6 29.9 30.1 30.1 30.2 30.3 30.4 0.00 0.00 0.00 
20.7 21.1 21.4 21.7 22.5 22.8 23.4 24.2 24.9 25.6 26.1 26.8 27.4 27.8 28.5 29.0 29.4 29.7 30.0 30.1 30.1 30.2 30.4 30.5 30.6 0.00 0.00 
20.7 21.0 21.5 22.1 22.7 22.9 23.4 24.4 25.1 25.7 26.4 26.9 27.4 28.0 28.5 29.0 29.4 29.7 29.9 30.0 30.1 30.3 30.4 0.00 0.00 0.00 0.00 
20.8 21.2 21.7 22.3 22.7 23.0 23.4 24.5 25.2 25.6 26.4 26.9 27.3 27.9 28.5 28.9 29.2 29.6 29.7 29.9 30.1 30.2 0.00 0.00 0.00 0.00 0.00 
20.8 21.2 21.6 22.2 22.6 23.0 23.5 24.4 25.1 25.6 26.3 26.8 27.3 27.9 28.4 28.8 29.2 29.6 29.7 29.7 30.0 30.0 0.00 0.00 0.00 0.00 0.00 
20.7 21.1 21.5 22.1 22.7 23.2 23.5 24.1 25.0 25.4 26.1 26.7 27.2 27.7 28.2 28.6 29.1 29.4 29.7 29.7 29.9 0.00 0.00 0.00 0.00 0.00 0.00 
20.9 21.1 21.5 22.1 22.8 23.1 23.4 24.0 24.6 25.4 25.9 26.5 27.1 27.5 28.0 28.4 28.9 29.0 29.4 29.4 29.8 0.00 0.00 0.00 0.00 0.00 0.00 
20.9 21.2 21.5 21.9 22.5 23.3 23.6 23.7 24.7 25.3 25.7 26.1 26.9 27.3 27.4 28.0 28.4 28.7 28.8 29.0 0.00 0.00 0.00 0.00 0.00 0.00 0.00 
21.0 21.3 21.6 21.8 22.3 22.8 23.2 23.6 24.7 25.1 25.3 26.2 26.6 26.9 26.9 27.7 28.1 28.5 28.5 0.00 0.00 0.00 0.00 0.00 0.00 0.00 0.00 
21.0 21.4 21.9 22.3 22.7 23.2 23.2 23.9 24.6 24.7 25.2 25.7 26.3 26.2 26.6 27.0 27.6 28.1 28.3 0.00 0.00 0.00 0.00 0.00 0.00 0.00 0.00 
21.0 21.5 22.0 22.4 22.7 22.9 23.4 23.3 23.7 24.5 24.9 25.6 26.1 25.8 26.1 26.9 27.4 27.8 28.0 0.00 0.00 0.00 0.00 0.00 0.00 0.00 0.00 
21.1 21.8 21.9 22.3 22.6 23.0 23.0 23.4 23.9 23.7 24.2 25.0 25.8 25.4 26.1 26.4 26.9 27.1 0.00 0.00 0.00 0.00 0.00 0.00 0.00 0.00 0.00 
21.1 21.9 22.2 22.6 23.0 23.2 23.2 23.6 24.3 24.2 24.1 24.8 25.7 25.8 0.00 0.00 0.00 0.00 0.00 0.00 0.00 0.00 0.00 0.00 0.00 0.00 0.00 
21.3 21.9 22.3 22.8 22.9 22.7 23.1 23.8 24.3 24.5 24.8 24.6 25.3 25.2 24.9 0.00 0.00 0.00 0.00 0.00 0.00 0.00 0.00 0.00 0.00 0.00 0.00 
