2016_CCC_ARR_IFD/catchment_depth_60min_00200aep.txt.asc
ncols         27
nrows         23
xllcorner     150.975
yllcorner     -33.6
cellsize      0.025
NODATA_value  -9999
84.5 84.5 86.0 87.2 87.3 87.4 88.4 90.3 92.5 95.3 97.7 99.4 101 102 104 106 108 111 113 115 116 118 119 120 122 123 124 
85.2 85.6 86.3 87.7 88.5 89.2 90.0 91.8 94.2 96.9 99.0 100 102 104 105 108 110 112 114 116 118 119 120 122 123 124 125 
84.6 85.9 87.5 88.2 88.9 90.1 91.4 93.1 96.1 98.2 100 102 104 106 107 108 112 114 116 118 119 120 121 123 124 125 126 
85.6 86.1 87.9 87.1 88.5 90.1 93.0 94.5 96.6 99.3 102 104 106 108 109 112 114 116 118 119 120 122 123 124 125 126 127 
85.5 86.0 87.9 87.0 89.2 91.2 93.6 95.9 98.6 101 103 106 107 110 112 114 116 118 119 121 122 123 124 125 126 127 128 
85.0 87.2 87.6 86.8 90.5 91.6 93.7 96.4 99.9 102 105 107 110 112 114 116 118 120 121 122 123 124 125 126 127 128 129 
84.7 86.2 86.6 87.8 91.2 92.2 95.0 97.9 101 104 106 109 112 113 117 118 120 122 123 123 124 125 126 127 128 129 129 
85.0 87.1 88.9 90.8 92.8 93.0 96.3 99.7 103 105 108 111 114 117 118 120 122 123 124 125 125 126 127 128 128 129 0.00 
85.4 88.0 89.3 91.7 92.8 94.5 96.7 101 104 106 109 112 115 118 120 122 123 125 126 126 127 127 128 128 129 129 0.00 
86.0 87.1 89.8 91.4 93.8 95.2 97.3 101 104 108 110 113 115 119 121 123 124 126 127 128 128 128 129 129 0.00 0.00 0.00 
86.1 87.5 89.3 90.6 94.4 95.7 98.5 102 105 109 111 114 116 118 121 123 125 126 128 128 128 129 129 130 130 0.00 0.00 
85.8 87.4 89.6 92.1 95.2 96.3 98.3 103 106 109 112 114 117 119 121 123 125 127 127 128 128 129 129 0.00 0.00 0.00 0.00 
85.9 88.0 90.2 92.9 95.1 96.4 98.2 103 106 108 112 114 116 119 121 123 125 126 127 127 128 128 0.00 0.00 0.00 0.00 0.00 
85.9 87.8 89.7 92.6 94.4 96.3 98.6 103 106 108 111 114 116 119 121 123 125 126 127 127 128 128 0.00 0.00 0.00 0.00 0.00 
85.6 87.2 89.1 92.0 94.7 97.0 98.3 101 106 107 110 113 116 118 120 122 124 125 127 127 128 0.00 0.00 0.00 0.00 0.00 0.00 
86.0 87.3 89.0 91.7 94.9 96.6 98.0 101 104 107 110 112 115 117 119 121 123 124 125 126 127 0.00 0.00 0.00 0.00 0.00 0.00 
86.2 87.5 88.9 90.9 93.4 97.1 98.7 99.3 104 107 108 111 114 116 117 120 121 123 123 124 0.00 0.00 0.00 0.00 0.00 0.00 0.00 
86.1 87.7 89.3 90.5 92.8 95.1 96.8 99.0 104 106 107 111 113 114 115 118 120 122 121 0.00 0.00 0.00 0.00 0.00 0.00 0.00 0.00 
86.2 87.9 90.3 92.1 94.3 96.6 96.7 100 103 104 106 109 111 111 113 115 118 120 121 0.00 0.00 0.00 0.00 0.00 0.00 0.00 0.00 
86.3 88.4 90.6 92.7 94.3 95.1 97.4 97.3 99.4 103 105 108 110 109 111 114 117 118 119 0.00 0.00 0.00 0.00 0.00 0.00 0.00 0.00 
86.8 89.5 90.4 92.0 93.5 95.4 95.6 97.7 100 99.5 102 105 109 107 110 112 114 115 0.00 0.00 0.00 0.00 0.00 0.00 0.00 0.00 0.00 
86.7 89.9 91.6 93.4 95.1 96.1 96.3 98.3 102 101 101 104 108 109 0.00 0.00 0.00 0.00 0.00 0.00 0.00 0.00 0.00 0.00 0.00 0.00 0.00 
87.2 89.9 92.1 94.1 94.6 94.1 95.8 99.2 101 102 104 103 106 106 105 0.00 0.00 0.00 0.00 0.00 0.00 0.00 0.00 0.00 0.00 0.00 0.00 
