2016_CCC_ARR_IFD/catchment_depth_720min_20000aep.txt.asc
ncols         27
nrows         23
xllcorner     150.975
yllcorner     -33.6
cellsize      0.025
NODATA_value  -9999
77.6 77.6 80.6 82.6 81.5 80.3 80.1 82.7 85.2 89.5 94.5 96.3 96.8 101 102 104 102 99.3 101 103 104 106 107 108 108 109 110 
79.9 80.3 81.4 83.6 84.1 83.9 83.2 84.9 88.1 92.9 97.7 101 101 102 105 101 100 100 102 103 105 106 107 108 109 110 110 
78.9 81.5 84.2 84.9 84.7 85.6 86.1 87.1 92.0 94.9 98.4 101 101 99.6 105 107 105 103 103 104 105 107 108 109 110 111 111 
81.7 82.4 85.4 82.9 84.2 85.4 89.5 89.6 91.1 94.9 98.4 99.2 101 102 105 103 104 103 105 105 107 108 109 110 111 112 113 
82.2 82.7 85.8 83.4 85.8 87.8 90.2 91.9 95.8 100 99.5 97.8 103 101 105 103 106 105 106 108 108 109 110 111 112 113 114 
81.5 85.5 85.5 83.8 88.5 88.5 89.1 91.8 97.6 102 100 101 102 103 105 104 106 108 109 109 110 111 111 112 113 114 114 
80.5 83.8 83.9 85.4 89.9 89.0 91.8 94.7 99.3 104 103 102 101 108 107 105 108 110 111 111 111 112 112 113 114 115 117 
80.6 85.8 88.3 90.5 92.8 89.9 94.1 98.9 103 106 104 102 104 106 109 109 109 111 112 112 113 113 114 113 114 115 0.00 
82.3 87.5 89.0 92.5 92.5 93.1 93.9 102 103 108 110 107 107 107 110 110 111 113 113 114 114 114 114 114 115 115 0.00 
83.9 85.2 89.8 91.6 94.4 93.9 94.5 99.3 102 110 112 111 114 110 110 112 112 114 115 116 116 115 115 115 0.00 0.00 0.00 
84.0 85.8 88.2 88.4 95.5 94.8 97.5 103 106 113 115 111 111 116 114 115 114 115 116 116 116 116 116 117 117 0.00 0.00 
83.0 85.3 89.0 92.7 97.4 96.2 96.6 105 110 111 117 117 113 114 115 116 117 117 116 116 116 116 117 0.00 0.00 0.00 0.00 
83.9 87.5 90.7 94.9 97.2 96.8 96.8 106 110 109 116 117 119 113 115 115 116 117 117 117 117 117 0.00 0.00 0.00 0.00 0.00 
84.6 87.3 89.5 94.5 95.7 96.9 98.9 105 109 110 115 114 120 117 117 116 118 119 118 117 118 117 0.00 0.00 0.00 0.00 0.00 
83.9 86.4 88.7 93.3 97.0 99.8 99.1 103 110 109 112 116 119 117 115 116 118 120 120 118 120 0.00 0.00 0.00 0.00 0.00 0.00 
86.1 87.2 89.0 93.4 98.4 99.8 99.8 103 106 111 111 114 119 117 115 117 120 118 119 118 123 0.00 0.00 0.00 0.00 0.00 0.00 
87.1 88.4 89.7 92.4 96.0 102 103 102 109 112 112 112 117 116 114 116 116 117 117 117 0.00 0.00 0.00 0.00 0.00 0.00 0.00 
87.6 89.6 91.5 92.8 96.1 99.0 101 103 110 111 111 116 117 115 113 116 117 118 116 0.00 0.00 0.00 0.00 0.00 0.00 0.00 0.00 
88.5 90.8 94.5 97.1 100 103 102 107 111 110 112 114 116 112 112 113 115 117 118 0.00 0.00 0.00 0.00 0.00 0.00 0.00 0.00 
89.6 92.9 96.4 99.5 101 102 105 104 106 111 112 115 116 111 111 115 117 118 119 0.00 0.00 0.00 0.00 0.00 0.00 0.00 0.00 
91.8 96.5 97.0 99.1 101 104 104 107 109 106 108 112 116 110 113 113 115 115 0.00 0.00 0.00 0.00 0.00 0.00 0.00 0.00 0.00 
93.0 98.0 101 103 105 106 106 109 113 111 109 112 117 116 0.00 0.00 0.00 0.00 0.00 0.00 0.00 0.00 0.00 0.00 0.00 0.00 0.00 
94.9 99.4 103 106 106 104 106 111 113 114 115 112 115 113 108 0.00 0.00 0.00 0.00 0.00 0.00 0.00 0.00 0.00 0.00 0.00 0.00 
