2016_CCC_ARR_IFD/catchment_depth_1800min_10000aep.txt.asc
ncols         27
nrows         23
xllcorner     150.975
yllcorner     -33.6
cellsize      0.025
NODATA_value  -9999
139 138 145 149 146 141 140 145 151 161 172 176 176 186 188 192 186 177 180 184 185 189 193 193 193 193 194 
144 145 147 151 152 150 147 150 157 168 180 189 186 187 194 184 181 179 180 183 186 189 191 192 193 193 194 
142 148 154 154 153 154 154 155 166 173 180 186 184 181 192 199 190 185 184 184 186 188 190 192 194 194 195 
149 150 157 149 151 153 162 161 163 172 179 180 184 186 193 187 188 184 185 186 189 190 192 193 194 196 199 
150 151 157 150 155 158 163 166 174 185 181 176 188 182 191 186 191 187 188 190 191 192 192 194 195 198 198 
149 158 156 151 161 160 160 165 178 188 182 183 184 186 191 184 190 193 194 191 192 193 194 195 197 200 198 
146 153 152 155 165 161 166 172 182 193 187 186 180 196 192 186 191 195 196 194 194 195 196 196 198 202 204 
146 158 163 167 171 162 171 182 190 198 189 183 187 191 197 195 193 193 196 195 195 197 197 196 198 199 0.00 
150 163 165 172 171 170 171 189 190 201 205 196 192 192 197 196 195 196 196 197 198 197 197 197 198 198 0.00 
154 156 167 170 175 172 172 182 186 205 207 206 210 199 196 200 196 197 198 200 199 198 198 199 0.00 0.00 0.00 
155 158 162 161 178 174 179 191 198 211 217 204 202 213 207 207 200 200 200 200 199 199 200 201 201 0.00 0.00 
152 156 164 172 182 177 176 194 207 207 220 220 207 208 208 208 207 204 201 201 201 201 201 0.00 0.00 0.00 0.00 
154 162 169 178 182 179 176 198 207 202 218 218 223 205 207 206 205 206 203 202 202 202 0.00 0.00 0.00 0.00 0.00 
156 162 166 177 178 179 181 196 203 204 214 211 224 215 212 209 210 213 208 204 205 203 0.00 0.00 0.00 0.00 0.00 
153 159 163 174 181 186 182 189 205 201 206 215 222 213 209 210 212 215 214 208 210 0.00 0.00 0.00 0.00 0.00 0.00 
160 161 163 174 184 185 183 189 195 205 205 210 220 214 210 212 216 210 211 208 219 0.00 0.00 0.00 0.00 0.00 0.00 
164 165 165 170 178 191 191 185 201 207 205 204 215 212 209 210 210 210 207 205 0.00 0.00 0.00 0.00 0.00 0.00 0.00 
165 169 170 170 177 182 184 188 204 205 202 213 215 209 205 210 212 211 206 0.00 0.00 0.00 0.00 0.00 0.00 0.00 0.00 
165 170 178 182 188 193 187 197 206 202 205 208 213 202 202 205 207 209 209 0.00 0.00 0.00 0.00 0.00 0.00 0.00 0.00 
167 175 182 188 190 189 194 189 193 202 204 211 212 200 200 208 211 212 212 0.00 0.00 0.00 0.00 0.00 0.00 0.00 0.00 
173 184 183 186 189 193 190 195 200 192 194 203 211 197 203 203 206 205 0.00 0.00 0.00 0.00 0.00 0.00 0.00 0.00 0.00 
175 187 192 197 200 200 196 201 209 203 196 202 213 210 0.00 0.00 0.00 0.00 0.00 0.00 0.00 0.00 0.00 0.00 0.00 0.00 0.00 
180 190 197 203 200 194 197 207 211 211 211 203 209 202 192 0.00 0.00 0.00 0.00 0.00 0.00 0.00 0.00 0.00 0.00 0.00 0.00 
