2016_CCC_ARR_IFD/catchment_depth_1min_20000aep.txt.asc
ncols         27
nrows         23
xllcorner     150.975
yllcorner     -33.6
cellsize      0.025
NODATA_value  -9999
2.90 2.88 2.92 2.94 2.92 2.89 2.90 2.94 2.98 3.06 3.14 3.17 3.19 3.25 3.27 3.31 3.32 3.34 3.38 3.42 3.45 3.48 3.51 3.54 3.56 3.59 3.62 
2.92 2.92 2.92 2.95 2.95 2.95 2.94 2.97 3.03 3.11 3.18 3.23 3.24 3.26 3.31 3.31 3.34 3.37 3.40 3.43 3.46 3.50 3.52 3.55 3.58 3.61 3.63 
2.91 2.93 2.96 2.97 2.96 2.97 2.99 3.01 3.08 3.14 3.19 3.23 3.25 3.26 3.32 3.36 3.37 3.41 3.43 3.45 3.48 3.51 3.54 3.57 3.59 3.62 3.65 
2.94 2.94 2.98 2.93 2.95 2.97 3.04 3.05 3.08 3.14 3.20 3.22 3.26 3.29 3.34 3.36 3.40 3.42 3.45 3.47 3.50 3.53 3.56 3.58 3.61 3.64 3.67 
2.95 2.95 2.98 2.94 2.98 3.01 3.05 3.08 3.14 3.21 3.22 3.22 3.29 3.31 3.36 3.38 3.43 3.45 3.47 3.50 3.52 3.55 3.57 3.60 3.62 3.65 3.68 
2.94 2.98 2.98 2.95 3.02 3.02 3.04 3.09 3.17 3.24 3.23 3.27 3.30 3.34 3.38 3.40 3.45 3.48 3.51 3.52 3.54 3.57 3.59 3.61 3.64 3.67 3.69 
2.95 2.97 2.96 2.98 3.04 3.04 3.08 3.13 3.20 3.27 3.27 3.29 3.31 3.38 3.41 3.43 3.47 3.51 3.53 3.55 3.56 3.59 3.61 3.63 3.65 3.68 3.71 
2.96 3.00 3.03 3.06 3.09 3.06 3.12 3.19 3.25 3.30 3.29 3.30 3.35 3.39 3.44 3.47 3.50 3.52 3.55 3.57 3.59 3.61 3.62 3.64 3.66 3.68 0.00 
2.99 3.03 3.05 3.09 3.09 3.11 3.13 3.24 3.26 3.33 3.37 3.36 3.38 3.42 3.46 3.49 3.52 3.55 3.58 3.60 3.61 3.62 3.64 3.65 3.67 3.69 0.00 
3.01 3.02 3.07 3.09 3.13 3.13 3.16 3.22 3.26 3.36 3.40 3.41 3.45 3.45 3.48 3.52 3.55 3.58 3.61 3.63 3.64 3.64 3.65 3.67 0.00 0.00 0.00 
3.03 3.04 3.07 3.08 3.15 3.16 3.20 3.27 3.32 3.40 3.44 3.42 3.44 3.51 3.52 3.55 3.57 3.61 3.63 3.64 3.65 3.66 3.67 3.68 3.70 0.00 0.00 
3.04 3.06 3.09 3.13 3.19 3.19 3.21 3.30 3.37 3.40 3.47 3.50 3.47 3.51 3.54 3.57 3.60 3.62 3.64 3.65 3.67 3.68 3.69 0.00 0.00 0.00 0.00 
3.06 3.09 3.12 3.17 3.20 3.21 3.22 3.32 3.38 3.39 3.48 3.50 3.54 3.52 3.55 3.58 3.61 3.64 3.65 3.67 3.68 3.69 0.00 0.00 0.00 0.00 0.00 
3.08 3.10 3.12 3.17 3.20 3.22 3.25 3.33 3.38 3.40 3.47 3.49 3.55 3.55 3.58 3.60 3.63 3.66 3.67 3.68 3.70 3.71 0.00 0.00 0.00 0.00 0.00 
3.09 3.11 3.13 3.18 3.22 3.26 3.26 3.31 3.40 3.40 3.45 3.51 3.56 3.56 3.58 3.61 3.65 3.68 3.70 3.70 3.72 0.00 0.00 0.00 0.00 0.00 0.00 
3.11 3.13 3.15 3.19 3.24 3.27 3.28 3.32 3.37 3.43 3.46 3.50 3.57 3.57 3.59 3.63 3.67 3.67 3.70 3.71 3.75 0.00 0.00 0.00 0.00 0.00 0.00 
3.13 3.14 3.16 3.19 3.23 3.30 3.32 3.32 3.40 3.45 3.46 3.49 3.56 3.58 3.59 3.63 3.66 3.68 3.69 3.71 0.00 0.00 0.00 0.00 0.00 0.00 0.00 
3.14 3.16 3.19 3.21 3.24 3.28 3.30 3.34 3.42 3.45 3.46 3.53 3.57 3.58 3.59 3.64 3.67 3.70 3.70 0.00 0.00 0.00 0.00 0.00 0.00 0.00 0.00 
3.16 3.19 3.22 3.25 3.29 3.33 3.32 3.38 3.44 3.44 3.48 3.52 3.57 3.56 3.59 3.63 3.67 3.70 3.72 0.00 0.00 0.00 0.00 0.00 0.00 0.00 0.00 
3.18 3.21 3.25 3.29 3.31 3.32 3.36 3.35 3.39 3.45 3.48 3.55 3.58 3.57 3.60 3.66 3.69 3.72 3.74 0.00 0.00 0.00 0.00 0.00 0.00 0.00 0.00 
3.21 3.25 3.27 3.29 3.32 3.35 3.35 3.39 3.42 3.42 3.46 3.53 3.59 3.58 3.63 3.65 3.69 3.71 0.00 0.00 0.00 0.00 0.00 0.00 0.00 0.00 0.00 
3.23 3.28 3.31 3.34 3.37 3.38 3.38 3.42 3.49 3.48 3.49 3.55 3.62 3.64 0.00 0.00 0.00 0.00 0.00 0.00 0.00 0.00 0.00 0.00 0.00 0.00 0.00 
3.25 3.30 3.33 3.37 3.38 3.37 3.40 3.47 3.51 3.53 3.57 3.57 3.63 3.63 3.62 0.00 0.00 0.00 0.00 0.00 0.00 0.00 0.00 0.00 0.00 0.00 0.00 
