2016_CCC_ARR_IFD/catchment_depth_360min_10000aep.txt.asc
ncols         27
nrows         23
xllcorner     150.975
yllcorner     -33.6
cellsize      0.025
NODATA_value  -9999
70.6 70.7 72.9 74.5 74.1 73.6 73.9 75.9 78.0 81.5 85.2 86.8 87.5 90.5 91.7 93.4 92.6 91.4 93.0 94.6 95.9 97.6 99.2 100 101 102 103 
72.0 72.6 73.6 75.3 75.9 76.2 76.2 77.7 80.3 83.9 87.4 90.0 90.4 91.3 93.6 91.9 91.3 92.3 93.8 95.2 96.7 98.1 99.4 100 101 102 103 
71.5 73.4 75.5 76.2 76.5 77.5 78.3 79.4 83.1 85.5 88.2 90.2 90.7 90.4 94.0 96.0 94.8 93.6 95.1 96.2 97.6 98.8 99.9 101 102 103 104 
73.3 74.1 76.3 75.0 76.3 77.6 80.8 81.3 82.8 85.9 88.6 89.6 91.3 92.4 94.9 93.9 94.6 95.0 96.4 97.5 98.8 99.9 101 102 103 104 105 
73.7 74.3 76.6 75.4 77.5 79.3 81.4 83.1 86.2 89.6 89.7 89.2 93.0 92.3 95.2 94.4 96.3 96.7 98.0 99.2 100 101 102 103 104 105 106 
73.3 76.1 76.6 75.8 79.4 79.9 80.9 83.3 87.7 91.1 90.5 91.7 92.8 94.1 96.1 95.8 97.6 98.9 100 101 101 102 103 104 105 106 106 
72.9 75.2 75.6 77.0 80.5 80.5 82.9 85.5 89.2 92.8 92.5 93.1 92.9 97.4 97.5 97.5 99.3 101 102 102 103 104 104 105 106 107 108 
73.1 76.5 78.6 80.6 82.6 81.3 84.7 88.5 91.6 94.5 93.7 93.1 95.3 97.3 99.6 100 101 102 104 104 104 105 105 105 106 107 0.00 
74.2 77.8 79.2 82.0 82.6 83.6 84.8 90.8 92.2 96.0 98.0 97.1 97.3 98.4 101 102 103 104 105 106 106 106 106 106 106 107 0.00 
75.2 76.5 79.9 81.5 83.9 84.3 85.4 89.2 91.5 97.4 99.3 99.9 102 101 101 103 104 106 107 107 107 107 107 107 0.00 0.00 0.00 
75.4 77.0 79.0 79.7 84.8 85.1 87.5 91.8 94.8 99.4 102 99.9 101 104 104 105 106 107 108 108 108 107 107 108 108 0.00 0.00 
75.0 76.8 79.6 82.5 86.2 86.1 87.0 92.9 97.6 98.8 103 104 102 103 105 106 107 108 108 108 108 108 108 0.00 0.00 0.00 0.00 
75.6 78.1 80.7 83.9 86.1 86.5 87.2 94.0 97.7 97.5 103 104 106 103 105 106 107 108 108 108 108 108 0.00 0.00 0.00 0.00 0.00 
76.0 78.1 80.0 83.7 85.2 86.7 88.6 93.6 96.8 98.0 102 102 106 105 106 106 108 109 109 108 109 108 0.00 0.00 0.00 0.00 0.00 
75.8 77.7 79.7 83.0 86.1 88.5 88.8 92.0 97.2 97.3 99.9 103 106 105 105 106 108 109 110 109 110 0.00 0.00 0.00 0.00 0.00 0.00 
76.8 78.2 79.9 83.1 87.0 88.5 89.2 92.0 94.7 98.5 99.5 102 106 105 104 106 108 108 109 108 112 0.00 0.00 0.00 0.00 0.00 0.00 
77.4 78.7 80.4 82.6 85.5 89.9 91.2 90.8 96.3 99.0 99.5 100 104 104 103 105 106 107 107 107 0.00 0.00 0.00 0.00 0.00 0.00 0.00 
77.7 79.4 81.4 82.9 85.5 88.0 89.6 91.8 97.1 98.4 98.5 103 104 103 102 105 106 107 106 0.00 0.00 0.00 0.00 0.00 0.00 0.00 0.00 
78.8 80.5 83.4 85.6 88.2 90.8 90.6 94.4 97.7 97.7 99.4 101 103 100 101 103 105 106 107 0.00 0.00 0.00 0.00 0.00 0.00 0.00 0.00 
79.6 82.0 84.7 87.3 89.0 89.9 92.5 92.0 94.0 97.9 99.0 102 103 99.7 100 104 106 107 108 0.00 0.00 0.00 0.00 0.00 0.00 0.00 0.00 
81.2 84.5 85.4 87.2 89.0 91.2 91.4 93.8 96.2 94.4 95.7 99.5 103 98.8 102 102 104 104 0.00 0.00 0.00 0.00 0.00 0.00 0.00 0.00 0.00 
82.0 85.8 88.0 90.1 91.9 93.0 93.0 95.3 98.7 97.8 96.4 99.2 103 103 0.00 0.00 0.00 0.00 0.00 0.00 0.00 0.00 0.00 0.00 0.00 0.00 0.00 
83.4 86.9 89.5 91.9 92.1 91.4 93.3 97.0 99.0 99.9 101 99.0 102 100 97.5 0.00 0.00 0.00 0.00 0.00 0.00 0.00 0.00 0.00 0.00 0.00 0.00 
