2016_CCC_ARR_IFD/catchment_depth_45min_50000aep.txt.asc
ncols         27
nrows         23
xllcorner     150.975
yllcorner     -33.6
cellsize      0.025
NODATA_value  -9999
22.4 22.3 22.5 22.7 22.5 22.4 22.4 22.7 23.0 23.5 24.1 24.3 24.5 24.9 25.1 25.4 25.4 25.6 25.9 26.2 26.5 26.7 27.0 27.2 27.4 27.7 27.9 
22.6 22.6 22.6 22.8 22.8 22.8 22.8 23.0 23.3 23.9 24.4 24.8 24.9 25.0 25.4 25.3 25.5 25.8 26.1 26.4 26.7 26.9 27.2 27.4 27.6 27.8 28.1 
22.5 22.7 22.9 22.9 22.9 23.0 23.1 23.3 23.8 24.1 24.5 24.8 24.9 25.0 25.5 25.8 25.8 26.0 26.3 26.6 26.9 27.1 27.3 27.6 27.8 28.0 28.2 
22.7 22.8 23.0 22.8 22.9 23.1 23.5 23.6 23.8 24.2 24.6 24.8 25.0 25.3 25.6 25.7 25.9 26.3 26.6 26.9 27.1 27.3 27.5 27.7 27.9 28.1 28.4 
22.8 22.8 23.1 22.9 23.1 23.3 23.6 23.8 24.3 24.7 24.8 24.8 25.3 25.3 25.7 25.9 26.2 26.5 26.8 27.1 27.3 27.5 27.7 27.9 28.1 28.3 28.5 
22.8 23.1 23.1 23.0 23.4 23.5 23.6 23.9 24.5 25.0 24.9 25.1 25.3 25.5 25.9 26.2 26.4 26.7 27.0 27.3 27.6 27.7 27.9 28.1 28.3 28.5 28.6 
22.9 23.0 23.1 23.2 23.6 23.6 23.9 24.2 24.7 25.2 25.2 25.3 25.4 25.9 26.1 26.4 26.7 27.0 27.3 27.6 27.8 27.9 28.1 28.2 28.4 28.6 28.8 
23.0 23.2 23.4 23.6 23.9 23.8 24.2 24.7 25.1 25.5 25.3 25.3 25.6 25.9 26.3 26.6 27.0 27.3 27.6 27.8 28.0 28.1 28.3 28.4 28.5 28.7 0.00 
23.1 23.4 23.5 23.9 23.9 24.1 24.3 25.0 25.2 25.7 26.0 25.8 25.9 26.1 26.5 26.8 27.2 27.6 27.8 28.0 28.2 28.3 28.4 28.5 28.7 28.8 0.00 
23.2 23.3 23.7 23.9 24.2 24.2 24.4 24.8 25.1 25.9 26.2 26.3 26.6 26.4 26.7 27.0 27.5 27.8 28.1 28.2 28.3 28.4 28.5 28.6 0.00 0.00 0.00 
23.3 23.4 23.6 23.8 24.3 24.4 24.7 25.2 25.6 26.3 26.6 26.3 26.4 26.9 26.9 27.2 27.6 28.0 28.3 28.4 28.5 28.6 28.7 28.8 28.9 0.00 0.00 
23.3 23.5 23.8 24.1 24.5 24.5 24.7 25.4 26.0 26.2 26.8 27.0 26.6 26.8 27.1 27.3 27.7 28.0 28.3 28.4 28.6 28.7 28.8 0.00 0.00 0.00 0.00 
23.4 23.6 23.9 24.3 24.5 24.6 24.8 25.6 26.1 26.0 26.8 26.9 27.3 26.9 27.2 27.4 27.8 28.0 28.3 28.5 28.6 28.8 0.00 0.00 0.00 0.00 0.00 
23.5 23.7 23.9 24.3 24.5 24.7 24.9 25.5 26.0 26.1 26.7 26.7 27.4 27.2 27.3 27.5 27.8 28.1 28.3 28.5 28.7 28.9 0.00 0.00 0.00 0.00 0.00 
23.6 23.8 24.0 24.3 24.6 24.9 25.0 25.4 26.1 26.1 26.4 26.9 27.4 27.2 27.3 27.6 27.9 28.2 28.5 28.6 28.8 0.00 0.00 0.00 0.00 0.00 0.00 
23.6 23.8 24.1 24.3 24.8 25.0 25.1 25.5 25.8 26.3 26.4 26.8 27.4 27.3 27.3 27.7 28.1 28.2 28.5 28.7 29.1 0.00 0.00 0.00 0.00 0.00 0.00 
23.7 23.9 24.2 24.4 24.7 25.2 25.4 25.5 26.1 26.4 26.5 26.7 27.3 27.3 27.4 27.7 28.0 28.3 28.5 28.7 0.00 0.00 0.00 0.00 0.00 0.00 0.00 
23.8 24.0 24.3 24.5 24.8 25.1 25.3 25.6 26.2 26.4 26.5 27.1 27.4 27.4 27.5 27.9 28.2 28.4 28.6 0.00 0.00 0.00 0.00 0.00 0.00 0.00 0.00 
24.0 24.2 24.5 24.8 25.1 25.4 25.5 25.9 26.4 26.4 26.7 27.1 27.5 27.4 27.7 28.0 28.3 28.6 28.8 0.00 0.00 0.00 0.00 0.00 0.00 0.00 0.00 
24.2 24.4 24.7 25.0 25.2 25.4 25.7 25.8 26.1 26.6 26.8 27.3 27.6 27.6 27.8 28.3 28.6 28.9 29.1 0.00 0.00 0.00 0.00 0.00 0.00 0.00 0.00 
24.4 24.7 24.8 25.1 25.3 25.6 25.8 26.1 26.4 26.5 26.8 27.3 27.8 27.8 28.2 28.4 28.7 28.9 0.00 0.00 0.00 0.00 0.00 0.00 0.00 0.00 0.00 
24.6 24.9 25.1 25.4 25.7 25.9 26.0 26.4 26.9 26.9 27.1 27.5 28.1 28.3 0.00 0.00 0.00 0.00 0.00 0.00 0.00 0.00 0.00 0.00 0.00 0.00 0.00 
24.7 25.1 25.4 25.7 25.8 25.9 26.2 26.7 27.1 27.4 27.7 27.8 28.3 28.4 28.5 0.00 0.00 0.00 0.00 0.00 0.00 0.00 0.00 0.00 0.00 0.00 0.00 
