2016_CCC_ARR_IFD/catchment_depth_20min_50000aep.txt.asc
ncols         27
nrows         23
xllcorner     150.975
yllcorner     -33.6
cellsize      0.025
NODATA_value  -9999
16.5 16.4 16.5 16.6 16.5 16.4 16.4 16.5 16.7 17.1 17.5 17.7 17.7 18.0 18.2 18.3 18.4 18.5 18.7 18.8 19.0 19.2 19.3 19.5 19.6 19.8 19.9 
16.6 16.6 16.6 16.7 16.7 16.7 16.6 16.7 17.0 17.4 17.7 18.0 18.0 18.1 18.4 18.3 18.5 18.6 18.8 19.0 19.1 19.3 19.4 19.6 19.7 19.9 20.0 
16.6 16.7 16.8 16.8 16.8 16.8 16.9 17.0 17.3 17.5 17.8 18.0 18.1 18.1 18.4 18.6 18.6 18.8 18.9 19.1 19.2 19.4 19.5 19.7 19.8 20.0 20.1 
16.7 16.8 16.9 16.7 16.8 16.9 17.1 17.2 17.3 17.6 17.9 18.0 18.1 18.3 18.5 18.6 18.7 18.9 19.0 19.2 19.4 19.5 19.7 19.8 19.9 20.1 20.2 
16.8 16.8 17.0 16.8 17.0 17.1 17.2 17.4 17.6 18.0 18.0 17.9 18.3 18.3 18.6 18.7 18.9 19.0 19.2 19.3 19.5 19.6 19.8 19.9 20.0 20.2 20.3 
16.8 17.0 17.0 16.9 17.2 17.2 17.2 17.4 17.8 18.1 18.0 18.2 18.3 18.4 18.7 18.7 19.0 19.2 19.3 19.5 19.6 19.7 19.9 20.0 20.1 20.3 20.4 
16.8 16.9 17.0 17.0 17.3 17.3 17.4 17.6 17.9 18.3 18.2 18.3 18.3 18.7 18.7 18.8 19.1 19.3 19.4 19.6 19.7 19.9 20.0 20.1 20.2 20.4 20.5 
16.9 17.1 17.2 17.3 17.5 17.4 17.6 17.9 18.2 18.5 18.3 18.2 18.4 18.6 18.9 19.0 19.2 19.4 19.5 19.7 19.8 20.0 20.1 20.2 20.3 20.4 0.00 
17.0 17.2 17.3 17.5 17.5 17.6 17.6 18.2 18.3 18.6 18.8 18.6 18.6 18.7 18.9 19.1 19.3 19.5 19.7 19.8 19.9 20.0 20.1 20.3 20.4 20.5 0.00 
17.0 17.1 17.3 17.5 17.6 17.6 17.7 18.0 18.2 18.8 18.9 18.9 19.1 18.9 19.0 19.2 19.4 19.6 19.8 19.9 20.0 20.1 20.2 20.3 0.00 0.00 0.00 
17.1 17.2 17.3 17.4 17.7 17.7 17.9 18.3 18.5 19.0 19.2 18.9 18.9 19.3 19.2 19.4 19.5 19.7 19.9 20.0 20.1 20.2 20.3 20.4 20.5 0.00 0.00 
17.1 17.2 17.4 17.6 17.9 17.8 17.9 18.4 18.8 18.9 19.4 19.4 19.1 19.2 19.3 19.5 19.6 19.8 19.9 20.0 20.2 20.3 20.4 0.00 0.00 0.00 0.00 
17.2 17.3 17.5 17.7 17.9 17.9 17.9 18.5 18.8 18.7 19.3 19.4 19.6 19.2 19.3 19.5 19.6 19.8 20.0 20.1 20.2 20.4 0.00 0.00 0.00 0.00 0.00 
17.2 17.3 17.5 17.7 17.8 17.9 18.0 18.5 18.7 18.8 19.2 19.2 19.7 19.5 19.5 19.6 19.8 20.0 20.1 20.2 20.3 20.4 0.00 0.00 0.00 0.00 0.00 
17.3 17.4 17.5 17.7 17.9 18.1 18.1 18.3 18.8 18.7 19.0 19.3 19.6 19.4 19.4 19.6 19.8 20.0 20.2 20.3 20.5 0.00 0.00 0.00 0.00 0.00 0.00 
17.3 17.4 17.5 17.7 18.0 18.1 18.1 18.3 18.5 18.9 18.9 19.2 19.6 19.5 19.5 19.7 20.0 20.0 20.2 20.3 20.7 0.00 0.00 0.00 0.00 0.00 0.00 
17.4 17.5 17.6 17.7 17.9 18.3 18.3 18.3 18.7 19.0 19.0 19.1 19.5 19.5 19.6 19.8 19.9 20.1 20.3 20.4 0.00 0.00 0.00 0.00 0.00 0.00 0.00 
17.5 17.6 17.7 17.8 18.0 18.1 18.2 18.4 18.9 18.9 19.0 19.4 19.6 19.5 19.6 19.9 20.1 20.2 20.3 0.00 0.00 0.00 0.00 0.00 0.00 0.00 0.00 
17.6 17.7 17.9 18.1 18.2 18.4 18.3 18.6 19.0 18.9 19.1 19.3 19.6 19.6 19.7 19.9 20.1 20.3 20.5 0.00 0.00 0.00 0.00 0.00 0.00 0.00 0.00 
17.7 17.9 18.0 18.2 18.3 18.4 18.5 18.5 18.6 19.0 19.1 19.5 19.7 19.7 19.8 20.1 20.4 20.6 20.7 0.00 0.00 0.00 0.00 0.00 0.00 0.00 0.00 
17.9 18.1 18.1 18.3 18.4 18.5 18.5 18.7 18.9 18.9 19.1 19.5 19.9 19.8 20.1 20.2 20.5 20.6 0.00 0.00 0.00 0.00 0.00 0.00 0.00 0.00 0.00 
18.0 18.2 18.4 18.5 18.7 18.8 18.8 18.9 19.3 19.2 19.3 19.6 20.1 20.2 0.00 0.00 0.00 0.00 0.00 0.00 0.00 0.00 0.00 0.00 0.00 0.00 0.00 
18.1 18.4 18.5 18.7 18.8 18.8 18.9 19.3 19.5 19.7 19.9 19.9 20.2 20.3 20.3 0.00 0.00 0.00 0.00 0.00 0.00 0.00 0.00 0.00 0.00 0.00 0.00 
