2016_CCC_ARR_IFD/catchment_depth_10min_00500aep.txt.asc
ncols         27
nrows         23
xllcorner     150.975
yllcorner     -33.6
cellsize      0.025
NODATA_value  -9999
34.6 34.5 35.1 35.5 35.3 35.2 35.4 36.1 36.9 38.0 39.0 39.5 40.1 40.6 41.2 41.6 42.5 43.3 43.8 44.4 44.8 45.3 45.8 46.1 46.4 46.7 47.0 
34.8 34.8 35.0 35.6 35.7 35.8 35.9 36.5 37.4 38.5 39.4 39.9 40.4 41.0 41.4 42.3 43.1 43.7 44.1 44.7 45.1 45.6 46.0 46.3 46.7 47.0 47.3 
34.4 34.9 35.5 35.6 35.6 35.9 36.3 36.8 38.0 38.8 39.6 40.2 40.7 41.4 41.9 42.3 43.4 44.3 44.6 45.0 45.4 45.8 46.2 46.5 46.9 47.3 47.6 
34.8 34.9 35.6 34.8 35.2 35.7 36.8 37.2 37.9 38.9 39.8 40.4 41.1 41.8 42.3 43.3 44.0 44.5 44.9 45.3 45.7 46.1 46.5 46.8 47.2 47.5 47.9 
34.7 34.7 35.4 34.5 35.3 36.0 36.8 37.5 38.6 39.6 40.0 40.7 41.5 42.3 42.9 43.8 44.5 44.9 45.3 45.7 46.0 46.3 46.7 47.1 47.4 47.8 48.1 
34.4 35.3 35.1 34.3 35.8 36.0 36.6 37.5 38.9 39.9 40.3 41.1 42.0 42.8 43.5 44.1 44.9 45.4 45.8 45.8 46.1 46.5 46.9 47.3 47.7 48.1 48.2 
34.3 34.6 34.5 34.7 36.1 36.1 37.0 38.0 39.2 40.2 40.7 41.6 42.4 43.0 44.0 44.3 45.1 45.7 46.1 46.2 46.4 46.8 47.2 47.5 47.9 48.3 48.6 
34.4 35.1 35.7 36.2 36.8 36.4 37.5 38.7 39.7 40.5 41.1 42.0 43.0 43.8 44.3 45.0 45.4 45.7 46.2 46.4 46.7 47.1 47.4 47.6 48.0 48.3 0.00 
34.7 35.6 35.8 36.6 36.7 37.1 37.7 39.3 39.9 40.9 41.6 42.4 43.5 44.2 44.9 45.3 45.6 46.0 46.4 46.7 47.0 47.2 47.5 47.8 48.1 48.3 0.00 
35.0 35.2 36.1 36.5 37.2 37.4 38.0 39.1 40.0 41.2 41.9 42.6 43.3 44.5 44.9 45.6 45.7 46.2 46.6 47.0 47.2 47.4 47.7 48.0 0.00 0.00 0.00 
35.2 35.5 36.0 36.2 37.5 37.7 38.5 39.6 40.5 41.5 42.2 42.9 43.8 44.2 45.2 45.8 46.0 46.4 46.7 47.0 47.2 47.5 47.9 48.2 48.4 0.00 0.00 
35.2 35.6 36.2 37.0 37.9 38.0 38.5 39.9 40.9 41.6 42.5 43.1 43.8 44.6 45.3 45.8 46.3 46.5 46.7 47.0 47.3 47.5 47.9 0.00 0.00 0.00 0.00 
35.4 36.0 36.7 37.5 38.0 38.2 38.6 40.1 41.0 41.6 42.6 43.2 43.8 44.6 45.3 45.7 46.1 46.6 46.7 46.9 47.2 47.5 0.00 0.00 0.00 0.00 0.00 
35.5 36.1 36.6 37.5 37.9 38.3 38.9 40.1 41.0 41.6 42.5 43.2 43.8 44.6 45.3 45.7 46.2 46.7 46.8 46.9 47.2 47.4 0.00 0.00 0.00 0.00 0.00 
35.4 36.0 36.5 37.4 38.1 38.7 39.0 39.9 41.1 41.6 42.4 43.2 43.8 44.5 45.1 45.6 46.2 46.6 46.9 47.0 47.3 0.00 0.00 0.00 0.00 0.00 0.00 
36.0 36.1 36.5 37.5 38.4 38.7 39.0 39.8 40.6 41.6 42.3 43.0 43.8 44.4 45.0 45.5 46.0 46.2 46.6 46.7 47.3 0.00 0.00 0.00 0.00 0.00 0.00 
36.3 36.6 36.6 37.2 37.9 39.0 39.4 39.5 40.9 41.6 42.1 42.7 43.6 44.2 44.4 45.1 45.5 45.9 46.0 46.2 0.00 0.00 0.00 0.00 0.00 0.00 0.00 
36.4 36.8 37.0 37.1 37.8 38.4 38.9 39.5 40.9 41.4 41.7 42.8 43.4 43.8 43.8 44.8 45.3 45.7 45.7 0.00 0.00 0.00 0.00 0.00 0.00 0.00 0.00 
36.1 36.8 37.4 37.8 38.4 39.0 38.9 39.9 40.8 41.1 41.7 42.4 43.1 43.0 43.4 44.0 44.7 45.3 45.6 0.00 0.00 0.00 0.00 0.00 0.00 0.00 0.00 
36.1 36.9 37.5 38.0 38.4 38.5 39.2 39.2 39.8 40.9 41.4 42.3 42.9 42.6 43.0 44.0 44.6 45.0 45.3 0.00 0.00 0.00 0.00 0.00 0.00 0.00 0.00 
36.2 37.2 37.3 37.7 38.1 38.6 38.7 39.4 40.1 40.0 40.5 41.6 42.6 42.1 43.0 43.4 44.0 44.2 0.00 0.00 0.00 0.00 0.00 0.00 0.00 0.00 0.00 
36.1 37.2 37.6 38.1 38.6 38.8 38.9 39.6 40.5 40.5 40.5 41.4 42.4 42.7 0.00 0.00 0.00 0.00 0.00 0.00 0.00 0.00 0.00 0.00 0.00 0.00 0.00 
36.2 37.0 37.6 38.2 38.3 38.2 38.7 39.7 40.4 40.8 41.2 41.2 42.0 42.0 41.7 0.00 0.00 0.00 0.00 0.00 0.00 0.00 0.00 0.00 0.00 0.00 0.00 
