2016_CCC_ARR_IFD/catchment_depth_180min_10000aep.txt.asc
ncols         27
nrows         23
xllcorner     150.975
yllcorner     -33.6
cellsize      0.025
NODATA_value  -9999
55.9 56.0 57.2 58.2 58.0 57.8 58.2 59.5 60.9 63.1 65.5 66.6 67.2 69.0 69.9 71.0 71.0 70.9 72.1 73.2 74.3 75.4 76.5 77.2 78.0 78.8 79.6 
56.7 57.0 57.6 58.7 59.2 59.4 59.6 60.7 62.4 64.6 66.8 68.3 68.9 69.7 71.0 70.6 70.6 71.7 72.9 73.9 75.0 76.0 76.9 77.7 78.5 79.3 80.1 
56.4 57.4 58.7 59.2 59.5 60.2 60.9 61.8 64.1 65.7 67.4 68.7 69.3 69.5 71.6 72.8 72.7 72.5 73.7 74.7 75.7 76.6 77.4 78.3 79.1 79.9 80.6 
57.3 57.8 59.2 58.5 59.4 60.3 62.4 63.0 64.1 66.0 67.8 68.7 69.9 70.8 72.3 72.3 73.0 73.7 74.8 75.7 76.6 77.4 78.2 79.0 79.7 80.5 81.4 
57.5 58.0 59.4 58.8 60.2 61.4 62.9 64.1 66.1 68.2 68.6 68.8 71.0 71.2 72.9 73.0 74.2 75.0 75.9 76.8 77.5 78.2 78.9 79.6 80.3 81.1 81.8 
57.4 59.0 59.3 59.0 61.3 61.8 62.8 64.4 67.1 69.2 69.4 70.4 71.4 72.5 73.8 74.3 75.4 76.4 77.3 77.9 78.5 79.1 79.7 80.3 81.0 81.8 82.2 
57.3 58.5 58.9 59.8 62.1 62.3 64.0 65.8 68.1 70.3 70.7 71.5 72.0 74.4 75.1 75.7 76.9 77.9 78.7 79.2 79.6 80.1 80.6 81.0 81.6 82.4 83.1 
57.6 59.3 60.6 61.9 63.3 63.0 65.1 67.6 69.6 71.4 71.6 72.0 73.5 75.0 76.5 77.3 78.3 79.3 80.1 80.5 80.8 81.1 81.4 81.5 82.0 82.5 0.00 
58.1 60.0 61.0 62.8 63.4 64.3 65.4 68.9 70.1 72.5 73.9 74.1 74.8 76.0 77.5 78.5 79.7 80.8 81.6 81.9 82.0 81.9 81.9 82.1 82.4 82.8 0.00 
58.6 59.5 61.5 62.7 64.3 64.9 65.9 68.3 70.0 73.5 74.9 75.7 77.1 77.3 78.3 79.7 80.8 82.2 83.1 83.2 82.9 82.6 82.5 82.6 0.00 0.00 0.00 
58.8 59.9 61.2 62.0 64.9 65.4 67.2 69.9 71.9 74.7 76.3 76.0 76.9 78.9 79.5 80.6 81.8 83.1 83.8 83.7 83.4 83.2 83.2 83.2 83.3 0.00 0.00 
58.8 60.0 61.6 63.4 65.6 66.1 67.1 70.6 73.4 74.6 77.4 78.3 77.8 79.0 80.1 81.2 82.3 83.3 83.7 83.8 83.7 83.6 83.7 0.00 0.00 0.00 0.00 
59.1 60.6 62.2 64.2 65.7 66.4 67.3 71.2 73.6 74.1 77.3 78.3 79.7 79.1 80.4 81.5 82.4 83.4 83.6 83.8 83.9 83.9 0.00 0.00 0.00 0.00 0.00 
59.4 60.6 61.9 64.1 65.3 66.6 68.1 71.1 73.2 74.4 76.8 77.6 79.9 80.1 80.9 81.7 82.8 83.7 83.9 83.8 84.1 84.0 0.00 0.00 0.00 0.00 0.00 
59.5 60.6 61.9 63.8 65.8 67.6 68.2 70.3 73.5 74.1 75.9 78.1 79.8 80.0 80.6 81.7 82.9 83.8 84.4 84.2 84.7 0.00 0.00 0.00 0.00 0.00 0.00 
59.7 60.8 62.1 63.9 66.3 67.6 68.5 70.4 72.2 74.7 75.7 77.5 79.7 80.0 80.5 81.8 83.1 83.1 83.9 83.9 85.4 0.00 0.00 0.00 0.00 0.00 0.00 
59.9 60.9 62.4 63.8 65.7 68.3 69.5 69.8 73.1 74.9 75.7 76.5 79.1 79.7 79.6 81.0 81.9 82.8 82.8 83.1 0.00 0.00 0.00 0.00 0.00 0.00 0.00 
60.1 61.2 62.8 64.0 65.7 67.4 68.6 70.2 73.5 74.6 75.1 77.7 79.0 79.0 78.7 80.7 82.0 82.7 82.4 0.00 0.00 0.00 0.00 0.00 0.00 0.00 0.00 
60.9 62.0 63.8 65.3 67.1 68.8 69.1 71.5 73.7 74.1 75.5 76.9 78.5 77.4 78.2 79.5 81.0 82.1 82.8 0.00 0.00 0.00 0.00 0.00 0.00 0.00 0.00 
61.5 62.9 64.6 66.3 67.5 68.4 70.1 70.2 71.6 74.1 75.2 77.2 78.3 76.8 77.6 79.9 81.3 82.2 82.8 0.00 0.00 0.00 0.00 0.00 0.00 0.00 0.00 
62.3 64.3 65.0 66.3 67.6 69.1 69.5 71.1 72.7 72.1 73.3 75.8 78.0 76.2 78.2 78.8 80.1 80.6 0.00 0.00 0.00 0.00 0.00 0.00 0.00 0.00 0.00 
62.8 65.0 66.5 67.9 69.2 70.0 70.3 71.9 74.1 73.9 73.5 75.5 78.2 78.3 0.00 0.00 0.00 0.00 0.00 0.00 0.00 0.00 0.00 0.00 0.00 0.00 0.00 
63.6 65.7 67.3 68.9 69.3 69.1 70.4 72.9 74.3 75.1 76.0 75.4 77.4 77.0 75.7 0.00 0.00 0.00 0.00 0.00 0.00 0.00 0.00 0.00 0.00 0.00 0.00 
