2016_CCC_ARR_IFD/catchment_depth_1080min_00200aep.txt.asc
ncols         27
nrows         23
xllcorner     150.975
yllcorner     -33.6
cellsize      0.025
NODATA_value  -9999
229 230 240 247 245 241 242 251 261 276 292 300 303 316 321 329 327 325 333 340 346 354 361 363 365 367 369 
236 238 242 250 252 253 252 258 270 286 302 313 315 319 329 323 322 327 333 340 347 353 358 361 364 366 369 
233 242 252 254 254 258 261 265 282 292 304 313 314 314 329 338 334 331 337 342 348 352 356 360 364 367 368 
242 245 255 248 253 257 271 273 279 292 304 308 316 321 332 328 332 333 339 344 350 353 357 361 364 367 373 
244 246 256 249 258 265 273 280 293 308 307 305 322 318 331 328 337 337 342 348 352 354 357 360 364 368 371 
241 255 255 250 266 266 270 279 298 313 309 314 318 323 332 328 338 343 349 349 352 355 358 360 365 369 369 
238 249 250 255 270 268 278 288 304 320 316 318 314 336 336 331 340 347 351 352 354 357 359 361 365 370 375 
238 255 263 271 279 270 284 301 314 326 320 314 323 331 342 343 342 346 351 353 354 358 359 359 362 365 0.00 
243 260 265 277 277 280 283 310 314 331 339 332 330 332 342 343 345 349 352 355 356 356 357 358 360 362 0.00 
248 252 268 273 283 281 284 300 309 336 343 343 351 341 340 348 346 351 355 358 358 356 357 358 0.00 0.00 0.00 
247 254 261 262 286 284 293 312 324 344 354 340 340 358 352 355 351 353 355 356 356 356 358 360 361 0.00 0.00 
243 251 263 276 291 287 288 315 336 338 358 361 345 349 353 355 357 355 354 355 355 356 358 0.00 0.00 0.00 0.00 
246 258 269 283 290 288 288 319 334 330 354 357 365 345 350 351 352 356 354 354 355 356 0.00 0.00 0.00 0.00 0.00 
247 256 264 280 284 287 293 316 328 331 347 346 365 356 354 352 357 362 357 354 356 355 0.00 0.00 0.00 0.00 0.00 
244 252 260 276 288 296 293 306 329 326 335 350 361 351 347 351 357 362 363 357 361 0.00 0.00 0.00 0.00 0.00 0.00 
252 255 260 275 292 295 294 305 315 331 332 341 357 350 346 351 359 353 357 354 371 0.00 0.00 0.00 0.00 0.00 0.00 
256 260 262 271 282 302 304 297 322 332 330 331 348 345 341 346 348 350 348 348 0.00 0.00 0.00 0.00 0.00 0.00 0.00 
257 264 268 271 281 289 294 301 325 327 324 342 347 339 333 343 348 349 344 0.00 0.00 0.00 0.00 0.00 0.00 0.00 0.00 
259 267 279 286 295 304 298 313 326 322 328 333 341 327 329 333 340 345 347 0.00 0.00 0.00 0.00 0.00 0.00 0.00 0.00 
262 273 284 294 297 298 306 300 306 321 324 336 339 322 323 336 343 347 348 0.00 0.00 0.00 0.00 0.00 0.00 0.00 0.00 
270 285 286 291 297 303 300 308 316 305 309 323 336 317 327 328 334 334 0.00 0.00 0.00 0.00 0.00 0.00 0.00 0.00 0.00 
274 290 298 305 310 312 308 315 328 320 311 321 338 333 0.00 0.00 0.00 0.00 0.00 0.00 0.00 0.00 0.00 0.00 0.00 0.00 0.00 
280 295 304 313 311 304 309 324 330 330 331 320 330 321 308 0.00 0.00 0.00 0.00 0.00 0.00 0.00 0.00 0.00 0.00 0.00 0.00 
