2016_CCC_ARR_IFD/catchment_depth_270min_95021aep.txt.asc
ncols         27
nrows         23
xllcorner     150.975
yllcorner     -33.6
cellsize      0.025
NODATA_value  -9999
23.1 23.1 23.6 24.0 23.7 23.4 23.4 23.8 24.3 25.2 26.3 26.7 26.7 27.6 27.8 28.3 27.7 27.4 27.8 28.1 28.4 28.8 29.1 29.3 29.5 29.7 29.9 
23.5 23.6 23.7 24.1 24.2 24.1 23.9 24.3 24.9 25.9 26.9 27.7 27.6 27.7 28.4 27.5 27.5 27.7 28.1 28.4 28.7 29.0 29.3 29.5 29.8 30.0 30.2 
23.3 23.7 24.2 24.3 24.3 24.4 24.5 24.7 25.6 26.2 26.9 27.5 27.4 27.1 28.2 28.8 28.2 28.0 28.4 28.7 29.1 29.3 29.6 29.8 30.1 30.3 30.5 
23.8 23.9 24.4 23.9 24.1 24.3 25.1 25.1 25.4 26.2 26.9 27.0 27.4 27.6 28.3 27.9 28.1 28.4 28.8 29.1 29.5 29.7 29.9 30.1 30.3 30.6 30.9 
23.8 23.9 24.4 23.9 24.4 24.8 25.2 25.6 26.3 27.2 27.0 26.7 27.7 27.4 28.2 28.1 28.5 28.8 29.2 29.6 29.9 30.1 30.2 30.5 30.6 30.9 31.1 
23.6 24.4 24.3 24.0 24.9 24.9 25.0 25.5 26.6 27.5 27.1 27.3 27.5 27.8 28.3 28.5 28.9 29.3 29.7 30.0 30.3 30.5 30.6 30.7 31.0 31.2 31.2 
23.5 24.0 24.0 24.3 25.1 25.0 25.5 26.1 26.9 27.9 27.6 27.6 27.6 28.6 28.5 28.9 29.4 29.7 30.2 30.5 30.7 30.8 31.0 31.1 31.2 31.5 31.7 
23.5 24.4 24.8 25.3 25.7 25.2 26.0 26.8 27.6 28.3 27.8 27.6 28.1 28.5 29.0 29.3 29.9 30.3 30.7 30.9 31.0 31.2 31.3 31.3 31.4 31.5 0.00 
23.8 24.7 25.0 25.6 25.6 25.8 26.0 27.4 27.6 28.6 29.0 28.5 28.5 28.8 29.3 29.8 30.3 30.8 31.2 31.3 31.4 31.4 31.4 31.5 31.6 31.6 0.00 
24.0 24.3 25.1 25.5 26.0 26.0 26.1 27.0 27.4 28.9 29.2 29.2 29.7 29.3 29.6 30.1 30.7 31.3 31.7 31.7 31.7 31.6 31.6 31.7 0.00 0.00 0.00 
24.1 24.4 24.9 25.0 26.2 26.2 26.7 27.7 28.3 29.4 30.0 29.2 29.3 30.2 30.1 30.4 30.9 31.5 31.8 31.8 31.8 31.8 31.8 31.9 32.0 0.00 0.00 
24.0 24.4 25.0 25.7 26.6 26.5 26.6 28.0 29.1 29.2 30.3 30.4 29.7 30.0 30.3 30.6 31.0 31.4 31.7 31.8 31.8 31.9 31.9 0.00 0.00 0.00 0.00 
24.1 24.8 25.4 26.1 26.6 26.6 26.7 28.3 29.1 28.9 30.2 30.4 30.9 30.0 30.4 30.6 31.0 31.4 31.5 31.7 31.8 31.9 0.00 0.00 0.00 0.00 0.00 
24.2 24.8 25.2 26.1 26.4 26.7 27.1 28.3 29.0 29.2 30.0 30.0 31.1 30.7 30.6 30.7 31.1 31.5 31.6 31.6 31.8 31.9 0.00 0.00 0.00 0.00 0.00 
24.2 24.7 25.1 26.0 26.7 27.2 27.3 28.0 29.1 29.1 29.6 30.4 31.1 30.6 30.4 30.7 31.1 31.5 31.8 31.7 32.0 0.00 0.00 0.00 0.00 0.00 0.00 
24.6 24.8 25.3 26.1 27.0 27.3 27.5 28.1 28.7 29.5 29.7 30.2 31.1 30.7 30.3 30.7 31.4 31.2 31.6 31.7 32.6 0.00 0.00 0.00 0.00 0.00 0.00 
24.8 25.1 25.5 26.0 26.7 27.7 28.1 28.1 29.2 29.8 29.9 30.0 30.9 30.7 30.2 30.6 30.9 31.2 31.4 31.5 0.00 0.00 0.00 0.00 0.00 0.00 0.00 
24.9 25.3 25.8 26.2 26.8 27.5 27.9 28.5 29.6 29.9 30.0 30.8 31.1 30.6 30.3 30.8 31.2 31.4 31.4 0.00 0.00 0.00 0.00 0.00 0.00 0.00 0.00 
25.1 25.6 26.3 26.8 27.4 28.1 28.3 29.1 29.9 30.1 30.4 30.8 31.2 30.4 30.5 30.8 31.2 31.5 31.8 0.00 0.00 0.00 0.00 0.00 0.00 0.00 0.00 
25.4 25.9 26.6 27.2 27.7 28.1 28.8 29.0 29.6 30.4 30.7 31.2 31.4 30.6 30.7 31.4 31.8 32.0 32.2 0.00 0.00 0.00 0.00 0.00 0.00 0.00 0.00 
25.8 26.5 26.8 27.2 27.8 28.4 28.8 29.5 30.2 30.0 30.3 31.1 31.6 30.8 31.3 31.4 31.7 31.7 0.00 0.00 0.00 0.00 0.00 0.00 0.00 0.00 0.00 
26.0 26.8 27.3 27.8 28.3 28.8 29.2 29.9 30.6 30.9 30.8 31.3 32.0 32.0 0.00 0.00 0.00 0.00 0.00 0.00 0.00 0.00 0.00 0.00 0.00 0.00 0.00 
26.4 27.0 27.6 28.2 28.4 28.7 29.3 30.1 30.8 31.2 31.6 31.5 32.0 31.8 31.1 0.00 0.00 0.00 0.00 0.00 0.00 0.00 0.00 0.00 0.00 0.00 0.00 
