2016_CCC_ARR_IFD/catchment_depth_1440min_98168aep.txt.asc
ncols         27
nrows         23
xllcorner     150.975
yllcorner     -33.6
cellsize      0.025
NODATA_value  -9999
37.6 37.3 38.9 39.8 38.8 37.7 37.2 38.3 39.4 41.6 44.2 44.9 44.7 47.1 47.3 48.3 46.1 43.9 44.5 45.2 45.7 46.5 47.4 47.6 47.8 48.1 48.4 
38.9 38.9 39.2 40.3 40.1 39.7 38.8 39.4 40.9 43.4 46.0 48.1 47.3 47.1 49.0 45.7 44.7 44.4 44.8 45.4 46.1 46.8 47.3 47.7 48.1 48.4 48.8 
38.0 39.4 40.8 40.8 40.3 40.4 40.3 40.5 43.0 44.3 46.0 47.2 46.6 45.3 48.3 49.7 47.2 45.7 45.7 45.9 46.5 47.1 47.6 48.0 48.6 49.0 49.2 
39.7 39.8 41.3 39.3 39.8 40.1 42.1 41.7 42.2 44.0 45.7 45.7 46.4 46.6 48.3 46.5 46.6 45.9 46.3 46.6 47.3 47.8 48.2 48.7 49.1 49.6 50.4 
39.8 39.8 41.3 39.5 40.6 41.3 42.3 42.9 44.7 47.1 46.0 44.6 47.3 45.7 47.6 46.2 47.4 46.7 47.2 47.8 48.1 48.4 48.7 49.2 49.6 50.3 50.6 
39.1 41.3 40.9 39.5 41.9 41.5 41.4 42.5 45.5 47.8 46.0 46.2 46.2 46.5 47.6 46.4 47.5 48.1 48.7 48.4 48.8 49.2 49.5 49.8 50.4 51.1 50.9 
38.2 40.0 39.7 40.2 42.5 41.5 42.7 44.0 46.2 48.7 47.2 46.7 45.6 48.9 48.1 47.0 48.1 49.1 49.3 49.3 49.5 49.9 50.2 50.4 51.0 51.7 52.4 
38.0 41.0 42.2 43.1 44.0 41.8 43.8 46.1 47.8 49.6 47.6 46.2 47.1 48.0 49.2 49.1 48.8 49.2 49.8 50.0 50.1 50.6 50.9 50.8 51.2 51.5 0.00 
38.9 41.9 42.3 44.0 43.6 43.5 43.5 47.6 47.8 50.2 50.9 49.1 48.4 48.5 49.6 49.5 49.6 50.0 50.4 50.7 51.0 51.0 51.1 51.3 51.6 51.6 0.00 
39.7 40.2 42.6 43.2 44.4 43.7 43.7 45.9 46.9 50.7 51.3 51.0 51.9 50.1 49.8 50.6 50.1 50.7 51.2 51.6 51.6 51.5 51.7 51.9 0.00 0.00 0.00 
39.6 40.4 41.4 41.1 44.9 44.1 45.2 47.8 49.2 52.0 53.2 50.7 50.6 52.9 51.8 52.2 51.3 51.5 51.7 51.8 51.9 52.0 52.4 52.7 52.9 0.00 0.00 
38.7 39.8 41.7 43.4 45.8 44.7 44.6 48.4 51.1 51.2 53.8 53.8 51.6 52.1 52.4 52.7 52.8 52.4 52.1 52.2 52.3 52.5 52.8 0.00 0.00 0.00 0.00 
39.1 41.0 42.5 44.5 45.5 44.9 44.7 49.2 51.1 50.3 53.4 53.6 54.7 52.0 52.6 52.6 52.5 53.1 52.6 52.6 52.8 52.8 0.00 0.00 0.00 0.00 0.00 
39.3 40.6 41.6 44.2 44.5 44.9 45.7 48.8 50.4 50.7 52.8 52.6 55.1 53.9 53.6 53.3 53.8 54.4 53.7 53.1 53.4 53.1 0.00 0.00 0.00 0.00 0.00 
38.5 39.8 40.9 43.3 45.1 46.3 45.8 47.6 50.8 50.3 51.6 53.5 55.0 53.8 53.3 53.7 54.3 54.9 55.1 54.0 54.6 0.00 0.00 0.00 0.00 0.00 0.00 
39.9 40.2 40.9 43.2 45.7 46.2 46.1 47.7 49.2 51.3 51.6 52.9 54.9 54.1 53.6 54.2 55.2 54.2 54.7 54.1 56.4 0.00 0.00 0.00 0.00 0.00 0.00 
40.4 40.9 41.2 42.5 44.3 47.3 47.6 47.0 50.4 51.8 51.9 52.1 54.3 54.0 53.6 54.1 54.1 54.3 53.8 53.6 0.00 0.00 0.00 0.00 0.00 0.00 0.00 
40.5 41.5 42.1 42.6 44.2 45.7 46.5 47.8 51.1 51.6 51.5 53.8 54.5 53.7 52.9 54.1 54.6 54.5 53.7 0.00 0.00 0.00 0.00 0.00 0.00 0.00 0.00 
40.6 41.8 43.7 44.9 46.4 47.8 47.3 49.6 51.6 51.5 52.4 53.2 54.3 52.4 52.5 53.1 53.9 54.4 54.5 0.00 0.00 0.00 0.00 0.00 0.00 0.00 0.00 
41.0 42.7 44.5 46.0 46.8 47.1 48.7 48.3 49.5 51.8 52.4 53.8 54.4 52.1 52.1 53.9 54.8 55.2 55.2 0.00 0.00 0.00 0.00 0.00 0.00 0.00 0.00 
42.0 44.5 44.6 45.6 46.7 48.0 48.1 49.6 51.1 49.8 50.5 52.7 54.4 51.6 53.1 53.0 53.8 53.6 0.00 0.00 0.00 0.00 0.00 0.00 0.00 0.00 0.00 
42.5 45.1 46.4 47.7 48.7 49.2 49.2 50.7 52.7 52.2 51.2 52.7 54.8 54.3 0.00 0.00 0.00 0.00 0.00 0.00 0.00 0.00 0.00 0.00 0.00 0.00 0.00 
43.3 45.6 47.3 48.8 48.8 48.3 49.6 51.9 53.1 53.6 54.1 52.7 54.2 52.9 50.8 0.00 0.00 0.00 0.00 0.00 0.00 0.00 0.00 0.00 0.00 0.00 0.00 
