2016_CCC_ARR_IFD/catchment_depth_60min_05000aep.txt.asc
ncols         27
nrows         23
xllcorner     150.975
yllcorner     -33.6
cellsize      0.025
NODATA_value  -9999
47.7 47.6 48.4 49.0 48.8 48.6 48.9 49.8 50.8 52.4 53.9 54.7 55.3 56.3 57.0 57.7 58.3 58.7 59.5 60.3 61.0 61.8 62.5 63.1 63.7 64.3 64.8 
48.1 48.2 48.6 49.3 49.5 49.7 49.8 50.5 51.8 53.3 54.7 55.6 56.2 56.9 57.6 58.1 58.5 59.3 60.1 60.8 61.5 62.2 62.9 63.5 64.1 64.6 65.2 
47.9 48.5 49.3 49.6 49.7 50.1 50.6 51.3 52.9 54.0 55.1 56.0 56.6 57.2 58.2 59.0 59.6 60.1 60.8 61.4 62.0 62.6 63.3 63.9 64.5 65.0 65.6 
48.4 48.7 49.5 48.9 49.5 50.1 51.6 52.1 52.9 54.3 55.5 56.3 57.2 58.0 58.9 59.6 60.3 60.8 61.5 62.0 62.6 63.2 63.7 64.3 64.9 65.4 66.1 
48.5 48.7 49.6 49.0 49.9 50.8 51.9 52.8 54.2 55.6 56.1 56.7 58.0 58.7 59.7 60.4 61.2 61.7 62.2 62.8 63.2 63.7 64.2 64.8 65.3 65.9 66.4 
48.4 49.4 49.5 49.0 50.7 51.1 51.9 53.1 54.9 56.2 56.7 57.7 58.7 59.6 60.6 61.1 62.0 62.7 63.2 63.4 63.7 64.2 64.7 65.2 65.7 66.3 66.7 
48.4 49.0 49.1 49.6 51.2 51.5 52.7 54.0 55.5 56.9 57.6 58.5 59.3 60.6 61.5 61.9 62.8 63.5 64.0 64.2 64.4 64.8 65.3 65.7 66.1 66.7 67.2 
48.7 49.6 50.4 51.2 52.1 52.1 53.5 55.1 56.5 57.7 58.3 59.1 60.4 61.5 62.4 63.1 63.7 64.3 64.8 65.0 65.2 65.5 65.8 66.0 66.4 66.8 0.00 
49.0 50.1 50.7 51.9 52.3 52.9 53.8 56.0 57.0 58.4 59.4 60.2 61.2 62.2 63.2 63.8 64.5 65.2 65.6 65.9 66.0 66.0 66.2 66.4 66.7 67.0 0.00 
49.4 49.9 51.1 51.9 52.9 53.4 54.3 55.8 57.1 59.1 60.2 61.1 62.0 62.9 63.7 64.6 65.2 66.0 66.5 66.7 66.7 66.6 66.6 66.8 0.00 0.00 0.00 
49.7 50.3 51.0 51.7 53.4 53.9 55.1 56.8 58.2 59.8 60.8 61.5 62.4 63.4 64.4 65.2 65.9 66.6 67.0 67.0 67.0 67.0 67.1 67.2 67.3 0.00 0.00 
49.8 50.5 51.4 52.5 53.9 54.4 55.2 57.3 59.0 60.0 61.6 62.5 62.9 63.9 64.8 65.6 66.3 66.9 67.1 67.2 67.3 67.3 67.4 0.00 0.00 0.00 0.00 
50.1 50.9 51.9 53.1 54.0 54.7 55.4 57.7 59.2 59.8 61.7 62.5 63.4 64.1 65.0 65.8 66.4 67.1 67.2 67.3 67.5 67.6 0.00 0.00 0.00 0.00 0.00 
50.3 51.0 51.8 53.1 53.9 54.8 55.9 57.7 59.1 60.1 61.6 62.4 63.6 64.4 65.3 66.1 66.8 67.4 67.5 67.5 67.7 67.7 0.00 0.00 0.00 0.00 0.00 
50.4 51.1 51.9 53.1 54.3 55.4 55.9 57.3 59.2 59.9 61.2 62.6 63.7 64.5 65.3 66.2 66.9 67.5 67.8 67.8 68.1 0.00 0.00 0.00 0.00 0.00 0.00 
50.6 51.2 52.0 53.1 54.6 55.4 56.1 57.3 58.6 60.2 61.1 62.4 63.7 64.5 65.3 66.2 66.9 67.1 67.6 67.7 68.4 0.00 0.00 0.00 0.00 0.00 0.00 
50.8 51.4 52.2 53.1 54.2 55.9 56.6 56.9 59.0 60.3 61.0 61.8 63.4 64.3 64.7 65.7 66.4 67.0 67.0 67.2 0.00 0.00 0.00 0.00 0.00 0.00 0.00 
50.9 51.6 52.4 53.1 54.2 55.2 56.0 57.1 59.2 60.0 60.6 62.3 63.3 63.8 64.0 65.4 66.3 66.9 66.7 0.00 0.00 0.00 0.00 0.00 0.00 0.00 0.00 
51.2 51.9 53.0 54.0 55.0 56.1 56.2 57.8 59.2 59.6 60.6 61.7 62.9 62.7 63.5 64.5 65.6 66.4 66.8 0.00 0.00 0.00 0.00 0.00 0.00 0.00 0.00 
51.5 52.4 53.4 54.4 55.2 55.7 56.7 56.8 57.7 59.4 60.2 61.7 62.6 62.3 63.0 64.6 65.5 66.2 66.6 0.00 0.00 0.00 0.00 0.00 0.00 0.00 0.00 
51.9 53.1 53.6 54.3 55.1 56.0 56.2 57.1 58.2 58.1 59.1 60.8 62.3 61.8 63.2 63.8 64.7 65.2 0.00 0.00 0.00 0.00 0.00 0.00 0.00 0.00 0.00 
52.1 53.4 54.3 55.2 56.0 56.5 56.6 57.6 59.1 59.0 59.1 60.5 62.3 62.7 0.00 0.00 0.00 0.00 0.00 0.00 0.00 0.00 0.00 0.00 0.00 0.00 0.00 
52.4 53.7 54.7 55.7 55.9 55.8 56.6 58.2 59.2 59.8 60.5 60.4 61.8 61.9 61.6 0.00 0.00 0.00 0.00 0.00 0.00 0.00 0.00 0.00 0.00 0.00 0.00 
