2016_CCC_ARR_IFD/catchment_depth_1800min_00050aep.txt.asc
ncols         27
nrows         23
xllcorner     150.975
yllcorner     -33.6
cellsize      0.025
NODATA_value  -9999
380 381 399 411 406 398 397 414 432 459 488 500 506 529 537 550 549 548 562 575 583 595 606 607 607 608 608 
393 396 403 416 419 419 414 425 447 475 503 524 525 532 550 541 544 551 562 574 585 593 598 602 604 605 605 
386 402 418 422 421 427 430 437 466 485 505 521 523 523 549 564 559 559 568 577 584 589 593 597 602 603 604 
403 407 424 410 417 424 449 450 460 483 504 511 525 534 552 549 557 559 569 576 585 589 593 597 599 603 611 
405 408 425 412 426 437 451 462 484 510 509 504 533 528 550 546 562 562 571 580 585 588 589 594 597 603 605 
400 423 423 413 440 440 444 460 493 518 510 519 526 535 551 543 561 571 579 577 582 586 589 591 597 604 600 
392 412 412 421 447 441 458 474 501 528 522 523 517 556 553 544 560 574 579 579 581 585 587 589 595 603 610 
391 423 437 449 461 445 469 496 517 539 526 516 530 544 562 563 561 566 575 576 578 583 585 583 587 590 0.00 
400 431 439 459 458 461 465 512 518 547 559 545 541 544 560 560 562 567 571 576 579 578 578 579 582 583 0.00 
409 415 443 452 467 463 466 494 508 554 565 565 578 558 555 567 560 567 572 577 578 575 576 578 0.00 0.00 0.00 
408 418 430 430 472 467 482 513 533 568 583 558 557 587 575 579 568 568 570 572 573 573 576 578 580 0.00 0.00 
399 412 434 454 481 473 473 519 553 557 591 593 565 571 576 578 580 573 569 570 571 572 575 0.00 0.00 0.00 0.00 
404 425 443 466 478 474 472 526 551 541 582 585 599 563 570 570 569 575 569 569 570 571 0.00 0.00 0.00 0.00 0.00 
406 422 433 462 467 472 481 519 539 543 570 566 599 582 577 572 578 586 576 569 572 569 0.00 0.00 0.00 0.00 0.00 
399 413 426 453 473 487 480 501 540 533 548 573 592 574 566 571 579 586 587 574 581 0.00 0.00 0.00 0.00 0.00 0.00 
415 418 426 452 479 484 481 499 515 541 542 558 585 571 564 572 583 571 576 570 598 0.00 0.00 0.00 0.00 0.00 0.00 
422 427 429 443 462 496 497 486 527 543 540 540 569 564 558 564 565 567 561 560 0.00 0.00 0.00 0.00 0.00 0.00 0.00 
424 434 440 443 460 474 480 492 532 534 530 558 565 553 544 558 565 564 555 0.00 0.00 0.00 0.00 0.00 0.00 0.00 0.00 
426 439 458 470 485 499 487 512 534 526 534 543 555 532 535 542 551 557 559 0.00 0.00 0.00 0.00 0.00 0.00 0.00 0.00 
431 449 468 483 488 487 502 490 500 524 528 546 551 524 525 545 555 560 561 0.00 0.00 0.00 0.00 0.00 0.00 0.00 0.00 
445 470 470 478 487 497 491 503 514 497 503 525 546 515 530 530 539 538 0.00 0.00 0.00 0.00 0.00 0.00 0.00 0.00 0.00 
450 478 491 502 510 511 503 514 535 520 505 520 548 539 0.00 0.00 0.00 0.00 0.00 0.00 0.00 0.00 0.00 0.00 0.00 0.00 0.00 
461 485 501 515 510 497 505 528 537 537 538 518 535 519 497 0.00 0.00 0.00 0.00 0.00 0.00 0.00 0.00 0.00 0.00 0.00 0.00 
