2016_CCC_ARR_IFD/catchment_depth_2160min_10000aep.txt.asc
ncols         27
nrows         23
xllcorner     150.975
yllcorner     -33.6
cellsize      0.025
NODATA_value  -9999
150 149 157 161 157 152 150 156 162 173 186 190 190 201 203 207 200 190 194 197 199 203 207 207 207 207 207 
156 157 159 164 163 162 158 161 169 181 194 204 201 201 210 198 194 192 193 196 199 202 204 206 207 207 207 
153 160 166 167 165 166 165 167 179 186 195 201 199 194 208 214 205 199 198 197 200 202 203 205 207 208 208 
162 162 170 161 163 164 174 173 176 185 193 194 199 200 208 201 203 197 199 199 202 203 205 207 208 209 213 
163 163 170 162 167 171 176 179 188 199 195 189 203 196 206 200 206 200 202 204 205 205 206 207 209 211 212 
161 171 169 163 174 172 172 178 192 203 196 197 198 200 206 198 205 207 209 205 206 207 208 208 211 214 212 
158 166 164 167 178 173 179 185 196 208 202 200 194 212 207 199 205 210 210 208 208 209 209 210 212 215 218 
158 172 177 181 186 175 185 196 205 214 204 196 201 205 212 210 207 207 209 209 209 210 211 210 211 212 0.00 
163 177 179 187 185 184 184 205 205 217 222 212 207 207 212 210 209 209 210 211 211 210 210 210 211 211 0.00 
167 169 181 184 190 186 185 196 201 221 224 222 227 215 211 215 209 211 212 214 213 212 212 212 0.00 0.00 0.00 
168 171 176 174 193 188 193 207 214 229 235 220 218 231 223 223 215 214 213 214 213 213 214 215 215 0.00 0.00 
164 169 178 187 198 192 190 210 225 224 238 238 223 224 225 224 223 218 215 215 215 215 215 0.00 0.00 0.00 0.00 
167 176 183 193 197 193 191 215 225 218 236 236 241 222 224 222 220 222 218 216 216 216 0.00 0.00 0.00 0.00 0.00 
169 175 179 192 192 193 196 212 220 220 231 228 242 232 229 225 227 229 223 219 219 217 0.00 0.00 0.00 0.00 0.00 
166 172 176 188 196 201 196 205 222 217 223 233 240 230 226 227 229 231 231 224 226 0.00 0.00 0.00 0.00 0.00 0.00 
174 174 177 188 200 201 198 205 211 222 221 227 239 231 227 229 233 226 228 224 236 0.00 0.00 0.00 0.00 0.00 0.00 
178 179 179 184 192 207 206 200 218 224 222 221 233 229 226 228 227 227 223 221 0.00 0.00 0.00 0.00 0.00 0.00 0.00 
179 183 185 184 191 197 199 203 221 221 218 231 233 227 221 227 229 227 222 0.00 0.00 0.00 0.00 0.00 0.00 0.00 0.00 
179 185 193 198 204 209 203 214 223 218 221 225 230 219 219 221 224 226 226 0.00 0.00 0.00 0.00 0.00 0.00 0.00 0.00 
181 190 198 204 206 204 210 204 208 219 220 228 229 216 216 224 228 229 229 0.00 0.00 0.00 0.00 0.00 0.00 0.00 0.00 
188 200 199 202 205 209 205 211 216 207 209 219 228 213 220 219 222 221 0.00 0.00 0.00 0.00 0.00 0.00 0.00 0.00 0.00 
190 203 209 214 217 216 212 217 227 219 211 218 231 226 0.00 0.00 0.00 0.00 0.00 0.00 0.00 0.00 0.00 0.00 0.00 0.00 0.00 
195 206 214 220 217 210 214 224 228 228 228 218 226 218 207 0.00 0.00 0.00 0.00 0.00 0.00 0.00 0.00 0.00 0.00 0.00 0.00 
