2016_CCC_ARR_IFD/catchment_depth_3min_00200aep.txt.asc
ncols         27
nrows         23
xllcorner     150.975
yllcorner     -33.6
cellsize      0.025
NODATA_value  -9999
16.1 16.1 16.4 16.6 16.6 16.7 16.9 17.2 17.6 18.1 18.5 18.8 19.1 19.3 19.7 19.9 20.4 20.8 21.1 21.5 21.8 22.0 22.3 22.5 22.7 22.9 23.1 
16.2 16.3 16.4 16.7 16.8 17.0 17.2 17.5 17.9 18.4 18.7 18.9 19.3 19.6 19.9 20.4 20.6 21.1 21.5 21.8 22.1 22.3 22.5 22.7 22.9 23.1 23.3 
16.1 16.4 16.6 16.8 16.9 17.1 17.4 17.7 18.2 18.6 19.0 19.3 19.6 20.1 20.2 20.5 21.0 21.4 21.8 22.2 22.4 22.6 22.8 23.0 23.2 23.4 23.6 
16.3 16.4 16.7 16.6 16.9 17.2 17.7 18.0 18.4 18.8 19.2 19.6 20.0 20.4 20.6 21.2 21.5 21.8 22.2 22.4 22.7 22.9 23.1 23.2 23.4 23.6 23.8 
16.3 16.4 16.7 16.5 17.0 17.3 17.8 18.2 18.7 19.1 19.5 20.0 20.3 20.9 21.2 21.6 21.9 22.3 22.5 22.7 22.9 23.1 23.3 23.5 23.7 23.9 24.0 
16.2 16.6 16.6 16.5 17.2 17.4 17.8 18.3 19.0 19.4 19.9 20.4 20.9 21.4 21.7 22.1 22.4 22.7 22.9 23.0 23.2 23.4 23.5 23.7 23.9 24.1 24.2 
16.1 16.4 16.5 16.7 17.3 17.5 18.1 18.6 19.2 19.6 20.2 20.7 21.2 21.5 22.2 22.4 22.8 23.0 23.3 23.4 23.5 23.6 23.8 24.0 24.1 24.3 24.4 
16.2 16.6 16.9 17.2 17.6 17.7 18.3 18.9 19.5 19.9 20.5 21.0 21.6 22.2 22.5 22.9 23.1 23.4 23.6 23.7 23.8 23.9 24.1 24.1 24.3 24.4 0.00 
16.3 16.7 17.0 17.4 17.6 17.9 18.4 19.2 19.6 20.1 20.6 21.3 21.9 22.4 22.8 23.1 23.4 23.7 23.9 24.1 24.1 24.2 24.2 24.3 24.4 24.5 0.00 
16.4 16.6 17.0 17.4 17.8 18.1 18.5 19.2 19.7 20.4 20.9 21.4 21.8 22.6 22.9 23.4 23.6 24.0 24.3 24.3 24.3 24.4 24.4 24.5 0.00 0.00 0.00 
16.4 16.7 17.0 17.2 17.9 18.2 18.7 19.4 20.0 20.5 21.0 21.6 22.1 22.4 23.0 23.4 23.8 24.1 24.4 24.4 24.4 24.4 24.5 24.6 24.6 0.00 0.00 
16.4 16.6 17.0 17.5 18.1 18.3 18.7 19.5 20.1 20.7 21.2 21.7 22.1 22.6 23.1 23.5 23.9 24.1 24.2 24.4 24.4 24.5 24.6 0.00 0.00 0.00 0.00 
16.4 16.7 17.2 17.6 18.1 18.3 18.7 19.6 20.2 20.6 21.2 21.7 22.0 22.6 23.0 23.4 23.7 24.0 24.1 24.2 24.3 24.4 0.00 0.00 0.00 0.00 0.00 
16.4 16.7 17.1 17.6 17.9 18.3 18.7 19.5 20.1 20.5 21.1 21.6 22.0 22.5 22.9 23.3 23.7 24.0 24.1 24.1 24.2 24.3 0.00 0.00 0.00 0.00 0.00 
16.3 16.6 17.0 17.5 18.0 18.4 18.7 19.3 20.1 20.4 21.0 21.5 21.9 22.4 22.8 23.1 23.5 23.8 24.0 24.0 24.2 0.00 0.00 0.00 0.00 0.00 0.00 
16.4 16.6 17.0 17.5 18.0 18.4 18.6 19.2 19.7 20.4 20.8 21.3 21.8 22.2 22.6 23.0 23.3 23.5 23.8 23.8 24.1 0.00 0.00 0.00 0.00 0.00 0.00 
16.4 16.7 17.0 17.3 17.8 18.5 18.8 18.9 19.8 20.3 20.6 20.9 21.6 21.9 22.0 22.6 22.9 23.2 23.3 23.4 0.00 0.00 0.00 0.00 0.00 0.00 0.00 
16.4 16.7 17.0 17.3 17.7 18.1 18.4 18.8 19.7 20.0 20.2 21.0 21.4 21.6 21.6 22.3 22.7 23.0 23.0 0.00 0.00 0.00 0.00 0.00 0.00 0.00 0.00 
16.5 16.8 17.2 17.6 18.0 18.4 18.4 19.0 19.6 19.7 20.1 20.6 21.1 21.0 21.3 21.7 22.2 22.6 22.8 0.00 0.00 0.00 0.00 0.00 0.00 0.00 0.00 
16.5 16.9 17.3 17.7 18.0 18.1 18.6 18.5 18.8 19.5 19.8 20.5 20.9 20.6 20.9 21.6 22.1 22.4 22.6 0.00 0.00 0.00 0.00 0.00 0.00 0.00 0.00 
16.6 17.2 17.3 17.6 17.9 18.2 18.2 18.6 19.0 18.8 19.2 19.9 20.6 20.3 20.8 21.1 21.5 21.8 0.00 0.00 0.00 0.00 0.00 0.00 0.00 0.00 0.00 
16.7 17.3 17.6 17.9 18.2 18.4 18.4 18.8 19.4 19.2 19.1 19.7 20.5 20.6 0.00 0.00 0.00 0.00 0.00 0.00 0.00 0.00 0.00 0.00 0.00 0.00 0.00 
16.8 17.3 17.7 18.1 18.2 18.0 18.3 19.0 19.3 19.5 19.8 19.6 20.1 20.1 19.9 0.00 0.00 0.00 0.00 0.00 0.00 0.00 0.00 0.00 0.00 0.00 0.00 
