2016_CCC_ARR_IFD/catchment_depth_120min_20000aep.txt.asc
ncols         27
nrows         23
xllcorner     150.975
yllcorner     -33.6
cellsize      0.025
NODATA_value  -9999
41.4 41.3 42.0 42.6 42.4 42.2 42.5 43.3 44.1 45.5 47.0 47.7 48.1 49.2 49.8 50.5 50.5 50.8 51.6 52.3 53.0 53.7 54.3 54.9 55.4 56.0 56.5 
41.8 41.9 42.2 42.9 43.1 43.2 43.3 44.0 45.0 46.4 47.8 48.8 49.1 49.6 50.5 50.3 50.5 51.3 52.1 52.8 53.4 54.1 54.7 55.2 55.8 56.3 56.8 
41.6 42.2 42.9 43.2 43.3 43.7 44.1 44.6 46.0 47.0 48.1 48.9 49.3 49.5 50.7 51.5 51.6 51.7 52.6 53.3 53.9 54.5 55.1 55.6 56.2 56.7 57.2 
42.1 42.4 43.2 42.7 43.2 43.8 45.0 45.3 46.0 47.2 48.3 48.9 49.6 50.2 51.2 51.3 51.8 52.5 53.3 53.9 54.5 55.0 55.6 56.1 56.6 57.1 57.6 
42.2 42.4 43.3 42.9 43.7 44.4 45.3 46.0 47.2 48.5 48.8 49.0 50.3 50.5 51.5 51.8 52.6 53.3 54.0 54.6 55.1 55.6 56.0 56.5 57.0 57.5 57.9 
42.1 43.0 43.2 43.0 44.4 44.7 45.3 46.2 47.8 49.1 49.2 49.9 50.5 51.2 52.1 52.7 53.4 54.0 54.7 55.3 55.7 56.1 56.5 56.9 57.4 57.8 58.2 
42.2 42.8 43.0 43.5 44.8 45.0 46.0 47.0 48.4 49.8 50.0 50.5 51.0 52.3 52.8 53.6 54.3 54.9 55.5 56.0 56.4 56.7 57.0 57.4 57.7 58.2 58.7 
42.4 43.3 44.0 44.8 45.6 45.5 46.7 48.1 49.3 50.5 50.5 50.9 51.8 52.7 53.6 54.3 55.2 56.0 56.5 56.9 57.1 57.3 57.5 57.7 58.0 58.4 0.00 
42.7 43.7 44.3 45.3 45.7 46.3 47.0 49.0 49.7 51.1 52.0 52.1 52.6 53.4 54.3 55.2 56.1 56.9 57.5 57.7 57.8 57.8 57.9 58.0 58.3 58.6 0.00 
43.0 43.5 44.6 45.3 46.3 46.7 47.3 48.7 49.7 51.7 52.6 53.1 53.9 54.1 54.9 55.8 56.9 57.8 58.4 58.5 58.4 58.3 58.3 58.3 0.00 0.00 0.00 
43.2 43.8 44.5 45.1 46.7 47.1 48.1 49.6 50.8 52.5 53.4 53.3 53.9 55.1 55.5 56.3 57.4 58.3 58.9 58.9 58.8 58.7 58.7 58.7 58.8 0.00 0.00 
43.4 44.0 44.8 45.9 47.2 47.5 48.2 50.1 51.8 52.5 54.2 54.7 54.4 55.2 56.0 56.8 57.6 58.4 58.8 59.0 59.0 59.0 59.0 0.00 0.00 0.00 0.00 
43.6 44.3 45.2 46.4 47.3 47.8 48.4 50.5 51.9 52.2 54.1 54.7 55.6 55.4 56.3 57.1 57.8 58.5 58.8 59.0 59.1 59.2 0.00 0.00 0.00 0.00 0.00 
43.7 44.4 45.2 46.4 47.2 47.9 48.9 50.5 51.8 52.5 53.9 54.4 55.8 56.0 56.6 57.3 58.0 58.6 58.9 59.0 59.3 59.3 0.00 0.00 0.00 0.00 0.00 
44.0 44.6 45.3 46.3 47.5 48.5 49.0 50.2 52.0 52.5 53.5 54.8 55.9 56.1 56.6 57.4 58.1 58.7 59.1 59.2 59.6 0.00 0.00 0.00 0.00 0.00 0.00 
44.0 44.7 45.5 46.5 47.8 48.6 49.3 50.4 51.5 52.9 53.6 54.6 55.9 56.2 56.6 57.4 58.3 58.5 59.0 59.2 60.0 0.00 0.00 0.00 0.00 0.00 0.00 
44.1 44.7 45.7 46.6 47.6 49.1 49.8 50.2 52.0 53.1 53.7 54.3 55.7 56.2 56.3 57.2 57.8 58.4 58.6 58.9 0.00 0.00 0.00 0.00 0.00 0.00 0.00 
44.3 44.9 45.9 46.8 47.7 48.7 49.6 50.5 52.3 53.0 53.5 55.0 55.8 55.9 56.0 57.1 58.0 58.5 58.5 0.00 0.00 0.00 0.00 0.00 0.00 0.00 0.00 
44.8 45.4 46.4 47.4 48.4 49.5 49.9 51.2 52.5 53.0 53.8 54.7 55.7 55.3 55.9 56.7 57.6 58.3 58.7 0.00 0.00 0.00 0.00 0.00 0.00 0.00 0.00 
45.2 46.0 46.9 48.0 48.7 49.4 50.4 50.7 51.7 53.1 53.8 55.0 55.7 55.2 55.7 57.0 57.9 58.5 58.9 0.00 0.00 0.00 0.00 0.00 0.00 0.00 0.00 
45.7 46.7 47.3 48.0 48.9 49.8 50.2 51.3 52.3 52.2 53.0 54.4 55.7 55.0 56.2 56.6 57.4 57.8 0.00 0.00 0.00 0.00 0.00 0.00 0.00 0.00 0.00 
46.0 47.2 48.0 48.9 49.7 50.4 50.7 51.7 53.0 53.2 53.3 54.5 55.9 56.2 0.00 0.00 0.00 0.00 0.00 0.00 0.00 0.00 0.00 0.00 0.00 0.00 0.00 
46.5 47.6 48.5 49.5 49.9 50.0 50.9 52.3 53.2 53.9 54.6 54.5 55.7 55.7 55.2 0.00 0.00 0.00 0.00 0.00 0.00 0.00 0.00 0.00 0.00 0.00 0.00 
