2016_CCC_ARR_IFD/catchment_depth_2880min_39347aep.txt.asc
ncols         27
nrows         23
xllcorner     150.975
yllcorner     -33.6
cellsize      0.025
NODATA_value  -9999
111 110 116 119 115 111 109 113 117 125 135 137 136 145 145 149 141 131 133 135 135 138 141 140 140 140 140 
116 116 117 121 120 118 115 117 123 132 141 149 146 145 151 140 136 133 133 135 137 138 140 140 141 141 141 
113 118 123 123 121 121 121 121 131 136 142 146 143 139 149 154 145 140 137 136 137 139 139 140 142 142 142 
120 120 126 118 119 120 128 126 127 134 141 141 143 144 150 143 143 138 138 138 140 141 141 142 143 144 147 
120 120 126 118 122 125 128 130 137 146 142 136 146 140 147 142 146 141 141 142 142 142 142 144 144 146 147 
118 126 124 118 127 125 125 129 140 149 142 142 142 143 147 140 145 146 147 143 144 144 145 145 147 149 147 
114 121 119 121 130 125 130 134 143 153 146 144 138 152 148 141 145 149 148 146 146 146 147 147 148 151 153 
114 125 129 132 136 126 134 143 149 156 147 141 144 147 152 150 146 146 148 147 147 148 148 147 148 149 0.00 
118 129 130 136 134 133 133 149 149 158 161 152 148 147 152 149 148 148 148 149 149 148 148 149 149 149 0.00 
121 122 131 133 137 134 133 142 145 160 162 160 163 154 151 153 149 149 150 151 151 150 150 151 0.00 0.00 0.00 
120 123 126 124 139 135 139 149 154 165 170 158 156 166 160 160 153 152 151 151 151 151 152 153 153 0.00 0.00 
117 121 128 134 143 137 136 151 162 161 172 171 160 161 161 161 160 156 153 153 153 153 154 0.00 0.00 0.00 0.00 
119 126 131 139 141 138 136 154 162 157 170 169 173 159 161 159 158 159 156 155 155 155 0.00 0.00 0.00 0.00 0.00 
120 124 127 137 137 138 140 152 158 158 166 164 174 167 165 162 163 165 160 157 157 156 0.00 0.00 0.00 0.00 0.00 
117 121 125 134 140 143 139 146 159 155 160 167 173 166 163 164 165 167 167 161 163 0.00 0.00 0.00 0.00 0.00 0.00 
123 123 124 133 142 142 140 146 151 159 159 163 172 167 164 166 169 164 165 161 171 0.00 0.00 0.00 0.00 0.00 0.00 
125 126 125 129 135 147 146 142 155 160 159 159 168 166 165 165 164 164 161 160 0.00 0.00 0.00 0.00 0.00 0.00 0.00 
125 128 129 129 134 139 140 144 157 158 156 166 168 164 161 165 166 165 161 0.00 0.00 0.00 0.00 0.00 0.00 0.00 0.00 
125 129 136 139 143 148 143 151 159 156 158 161 165 158 159 160 163 164 164 0.00 0.00 0.00 0.00 0.00 0.00 0.00 0.00 
126 132 138 143 145 144 148 144 147 156 157 163 165 156 156 163 165 166 166 0.00 0.00 0.00 0.00 0.00 0.00 0.00 0.00 
130 139 138 141 144 147 145 149 153 147 150 157 164 154 159 159 161 160 0.00 0.00 0.00 0.00 0.00 0.00 0.00 0.00 0.00 
131 141 146 150 152 152 150 154 162 156 151 157 166 163 0.00 0.00 0.00 0.00 0.00 0.00 0.00 0.00 0.00 0.00 0.00 0.00 0.00 
134 143 149 154 152 148 151 159 163 163 164 157 163 158 150 0.00 0.00 0.00 0.00 0.00 0.00 0.00 0.00 0.00 0.00 0.00 0.00 
