2016_CCC_ARR_IFD/catchment_depth_7200min_05000aep.txt.asc
ncols         27
nrows         23
xllcorner     150.975
yllcorner     -33.6
cellsize      0.025
NODATA_value  -9999
255 251 264 271 263 252 248 258 268 287 310 317 316 336 339 348 334 317 323 330 333 341 348 348 348 348 347 
267 266 268 276 275 270 263 268 281 302 325 344 337 337 352 331 325 321 323 328 334 339 343 345 346 346 346 
261 272 283 282 277 277 276 277 298 310 325 336 332 325 348 360 344 336 331 330 334 338 341 343 347 347 347 
277 277 289 271 273 275 292 289 293 308 322 324 332 335 349 338 341 332 334 334 339 341 343 346 347 349 356 
279 278 290 273 281 287 294 299 314 333 326 317 339 329 346 337 347 337 339 343 343 343 344 346 348 353 353 
275 293 288 275 294 290 289 298 321 339 328 331 333 336 346 333 345 350 352 343 344 346 347 347 352 356 352 
269 283 279 283 301 292 302 312 329 349 339 336 327 356 349 335 345 354 353 349 348 349 350 350 354 359 364 
270 294 302 309 315 296 313 331 344 359 344 332 340 347 359 355 348 348 352 350 349 351 352 349 351 353 0.00 
280 304 306 319 314 313 312 346 347 366 373 358 351 350 360 355 352 352 352 353 353 351 351 350 351 351 0.00 
289 291 311 314 323 316 315 334 342 375 380 376 384 365 359 365 353 354 355 358 357 354 353 353 0.00 0.00 0.00 
289 295 302 297 329 321 330 352 364 389 398 374 371 391 379 379 364 360 358 358 357 356 358 358 358 0.00 0.00 
283 291 306 320 339 328 325 359 383 382 406 405 381 382 384 383 380 370 363 362 361 360 360 0.00 0.00 0.00 0.00 
288 304 316 332 338 331 326 367 383 373 402 402 411 381 384 381 376 378 369 366 365 363 0.00 0.00 0.00 0.00 0.00 
292 302 309 330 331 331 336 364 377 377 395 391 413 398 393 388 389 392 380 371 371 366 0.00 0.00 0.00 0.00 0.00 
286 296 304 324 337 345 336 351 380 372 382 399 410 396 392 393 395 397 394 381 383 0.00 0.00 0.00 0.00 0.00 0.00 
301 301 304 324 344 344 339 351 362 381 381 390 408 398 398 398 402 390 390 382 401 0.00 0.00 0.00 0.00 0.00 0.00 
308 309 307 316 330 355 354 342 373 383 380 382 399 397 399 398 393 391 382 377 0.00 0.00 0.00 0.00 0.00 0.00 0.00 
310 316 318 316 328 337 340 347 377 378 374 394 399 393 387 395 395 391 381 0.00 0.00 0.00 0.00 0.00 0.00 0.00 0.00 
310 319 334 340 350 359 345 364 381 372 378 384 393 379 380 383 387 388 387 0.00 0.00 0.00 0.00 0.00 0.00 0.00 0.00 
314 328 341 352 353 348 358 346 352 371 373 387 391 371 372 385 390 392 390 0.00 0.00 0.00 0.00 0.00 0.00 0.00 0.00 
324 345 342 347 351 357 349 357 364 350 355 372 387 364 375 374 379 376 0.00 0.00 0.00 0.00 0.00 0.00 0.00 0.00 0.00 
329 351 360 368 372 370 360 368 384 368 357 368 390 383 0.00 0.00 0.00 0.00 0.00 0.00 0.00 0.00 0.00 0.00 0.00 0.00 0.00 
338 357 369 380 372 358 363 381 387 385 385 368 380 368 351 0.00 0.00 0.00 0.00 0.00 0.00 0.00 0.00 0.00 0.00 0.00 0.00 
