2016_CCC_ARR_IFD/catchment_depth_1080min_98168aep.txt.asc
ncols         27
nrows         23
xllcorner     150.975
yllcorner     -33.6
cellsize      0.025
NODATA_value  -9999
33.7 33.4 34.8 35.6 34.8 33.9 33.6 34.5 35.5 37.3 39.5 40.1 40.0 42.0 42.2 43.1 41.4 39.8 40.4 41.0 41.4 42.1 42.8 43.0 43.2 43.5 43.8 
34.7 34.7 35.1 35.9 35.9 35.6 34.9 35.4 36.7 38.8 40.9 42.8 42.1 42.0 43.6 41.1 40.4 40.2 40.6 41.2 41.8 42.4 42.9 43.2 43.6 43.8 44.1 
34.0 35.2 36.4 36.4 36.0 36.2 36.1 36.3 38.4 39.6 41.0 42.0 41.6 40.6 43.1 44.3 42.3 41.3 41.4 41.7 42.2 42.7 43.1 43.5 44.0 44.3 44.6 
35.4 35.5 36.8 35.2 35.6 35.9 37.6 37.4 37.8 39.3 40.8 40.8 41.5 41.7 43.1 41.7 41.9 41.5 42.0 42.3 42.9 43.3 43.7 44.1 44.4 44.9 45.6 
35.5 35.5 36.8 35.3 36.3 36.9 37.8 38.3 39.9 41.8 41.0 40.0 42.2 41.0 42.6 41.6 42.6 42.3 42.7 43.3 43.7 43.9 44.2 44.6 45.0 45.5 45.8 
35.0 36.7 36.5 35.4 37.4 37.1 37.1 38.1 40.5 42.4 41.1 41.3 41.4 41.7 42.7 41.9 42.9 43.4 43.9 43.9 44.2 44.6 44.9 45.1 45.6 46.2 46.0 
34.3 35.7 35.5 36.0 37.9 37.2 38.2 39.3 41.1 43.2 42.0 41.8 41.1 43.7 43.1 42.5 43.4 44.3 44.6 44.7 44.9 45.2 45.5 45.7 46.2 46.8 47.3 
34.1 36.6 37.5 38.3 39.1 37.5 39.2 41.1 42.5 44.0 42.5 41.5 42.3 43.0 44.1 44.1 44.2 44.6 45.1 45.3 45.5 45.9 46.1 46.0 46.3 46.6 0.00 
34.9 37.3 37.7 39.1 38.8 38.8 39.0 42.3 42.5 44.5 45.2 43.8 43.3 43.5 44.5 44.6 44.9 45.4 45.7 46.0 46.2 46.2 46.3 46.5 46.7 46.8 0.00 
35.5 35.9 38.0 38.5 39.5 39.1 39.1 41.0 41.9 45.0 45.5 45.3 46.2 44.8 44.7 45.5 45.4 46.0 46.5 46.8 46.8 46.7 46.8 47.0 0.00 0.00 0.00 
35.4 36.1 37.0 36.9 39.9 39.4 40.4 42.5 43.8 46.1 47.1 45.2 45.1 47.1 46.3 46.7 46.3 46.6 46.9 47.0 47.0 47.1 47.4 47.7 47.8 0.00 0.00 
34.7 35.7 37.3 38.8 40.7 39.9 40.0 43.1 45.4 45.5 47.6 47.7 46.0 46.5 46.9 47.1 47.4 47.3 47.1 47.2 47.3 47.4 47.7 0.00 0.00 0.00 0.00 
35.1 36.6 38.0 39.7 40.5 40.2 40.0 43.7 45.4 44.8 47.4 47.6 48.6 46.4 47.0 47.1 47.2 47.7 47.4 47.5 47.6 47.7 0.00 0.00 0.00 0.00 0.00 
35.2 36.4 37.3 39.4 39.8 40.2 40.9 43.5 44.9 45.2 46.9 46.8 48.9 47.9 47.8 47.6 48.1 48.7 48.2 47.8 48.1 47.9 0.00 0.00 0.00 0.00 0.00 
34.7 35.8 36.8 38.8 40.3 41.4 41.0 42.6 45.2 44.9 46.0 47.6 48.9 47.9 47.5 47.9 48.5 49.1 49.3 48.5 49.0 0.00 0.00 0.00 0.00 0.00 0.00 
35.8 36.1 36.8 38.8 40.9 41.3 41.4 42.7 44.0 45.8 46.1 47.1 48.8 48.2 47.7 48.3 49.2 48.4 48.9 48.5 50.5 0.00 0.00 0.00 0.00 0.00 0.00 
36.3 36.7 37.1 38.3 39.8 42.2 42.6 42.2 45.0 46.2 46.3 46.5 48.4 48.1 47.6 48.1 48.2 48.5 48.1 48.1 0.00 0.00 0.00 0.00 0.00 0.00 0.00 
36.4 37.2 37.9 38.4 39.8 41.1 41.8 42.9 45.6 46.2 46.1 48.0 48.6 47.9 47.1 48.1 48.7 48.6 48.0 0.00 0.00 0.00 0.00 0.00 0.00 0.00 0.00 
36.6 37.6 39.2 40.2 41.5 42.8 42.6 44.5 46.1 46.1 46.9 47.6 48.4 46.8 46.9 47.4 48.1 48.6 48.7 0.00 0.00 0.00 0.00 0.00 0.00 0.00 0.00 
36.9 38.4 39.8 41.2 41.9 42.3 43.7 43.5 44.6 46.5 47.0 48.2 48.6 46.6 46.6 48.2 48.9 49.3 49.3 0.00 0.00 0.00 0.00 0.00 0.00 0.00 0.00 
37.8 39.8 40.0 40.9 41.9 43.1 43.3 44.6 45.9 44.9 45.5 47.3 48.6 46.4 47.6 47.5 48.2 48.0 0.00 0.00 0.00 0.00 0.00 0.00 0.00 0.00 0.00 
38.2 40.3 41.5 42.6 43.5 44.0 44.2 45.5 47.1 47.0 46.2 47.3 49.1 48.7 0.00 0.00 0.00 0.00 0.00 0.00 0.00 0.00 0.00 0.00 0.00 0.00 0.00 
39.0 40.8 42.2 43.5 43.5 43.3 44.5 46.4 47.5 47.9 48.4 47.4 48.6 47.6 45.8 0.00 0.00 0.00 0.00 0.00 0.00 0.00 0.00 0.00 0.00 0.00 0.00 
