2016_CCC_ARR_IFD/catchment_depth_7200min_63212aep.txt.asc
ncols         27
nrows         23
xllcorner     150.975
yllcorner     -33.6
cellsize      0.025
NODATA_value  -9999
114 112 119 122 118 113 110 114 118 127 138 140 138 147 148 151 141 128 130 132 133 136 138 138 138 138 139 
119 119 120 124 123 121 116 118 124 134 145 153 149 147 154 140 134 130 130 132 134 136 137 138 139 139 140 
116 121 127 126 124 124 122 123 133 138 145 149 146 140 151 156 145 138 135 133 135 136 137 138 140 140 141 
123 123 129 120 121 122 130 128 129 136 143 142 145 145 151 142 142 136 136 136 138 138 139 140 141 142 145 
123 122 129 120 124 126 130 132 140 149 144 136 148 140 148 141 145 139 139 140 140 140 140 141 142 145 145 
120 129 127 119 129 127 125 130 143 152 143 143 142 143 147 138 144 145 145 141 141 142 142 143 145 147 146 
116 123 121 122 132 126 131 136 145 156 148 144 138 153 147 139 143 147 146 144 143 144 144 145 146 149 152 
115 127 131 135 138 127 135 145 152 159 149 140 144 146 152 149 145 144 146 145 144 146 146 145 146 147 0.00 
119 131 132 139 135 134 133 151 151 161 163 153 148 147 152 149 146 146 146 147 147 146 146 146 147 147 0.00 
122 123 133 135 139 135 133 142 146 162 164 161 164 154 150 153 147 148 148 149 149 148 148 148 0.00 0.00 0.00 
121 124 127 125 140 136 139 150 155 167 172 159 157 167 160 160 152 151 150 150 150 150 151 151 151 0.00 0.00 
117 121 128 135 144 138 136 152 163 162 173 172 161 161 162 161 160 155 152 152 152 152 152 0.00 0.00 0.00 0.00 
119 126 132 139 142 138 136 155 162 157 170 170 174 160 161 160 158 159 155 154 154 154 0.00 0.00 0.00 0.00 0.00 
120 125 127 137 137 137 140 152 158 158 167 165 175 168 166 163 164 166 161 157 157 155 0.00 0.00 0.00 0.00 0.00 
116 121 124 133 140 143 139 146 159 156 160 168 174 167 165 166 167 168 167 162 163 0.00 0.00 0.00 0.00 0.00 0.00 
122 122 124 132 142 142 140 145 150 159 159 164 172 168 167 168 170 165 166 162 171 0.00 0.00 0.00 0.00 0.00 0.00 
125 125 124 128 135 146 146 141 155 160 159 160 169 167 168 168 167 166 163 161 0.00 0.00 0.00 0.00 0.00 0.00 0.00 
125 128 128 128 133 138 139 143 157 158 156 166 169 166 163 167 168 167 163 0.00 0.00 0.00 0.00 0.00 0.00 0.00 0.00 
124 128 135 138 143 147 142 151 159 155 158 162 166 160 161 163 165 166 166 0.00 0.00 0.00 0.00 0.00 0.00 0.00 0.00 
124 131 137 142 144 142 147 143 146 155 157 164 166 158 158 165 167 168 168 0.00 0.00 0.00 0.00 0.00 0.00 0.00 0.00 
128 138 137 140 142 146 144 148 152 147 149 157 165 155 161 161 163 162 0.00 0.00 0.00 0.00 0.00 0.00 0.00 0.00 0.00 
130 140 144 148 151 151 148 153 161 155 151 157 167 164 0.00 0.00 0.00 0.00 0.00 0.00 0.00 0.00 0.00 0.00 0.00 0.00 0.00 
133 141 148 153 151 147 150 159 163 163 164 158 164 159 152 0.00 0.00 0.00 0.00 0.00 0.00 0.00 0.00 0.00 0.00 0.00 0.00 
