2016_CCC_ARR_IFD/catchment_depth_1800min_99999aep.txt.asc
ncols         27
nrows         23
xllcorner     150.975
yllcorner     -33.6
cellsize      0.025
NODATA_value  -9999
27.3 27.0 28.3 28.9 28.1 27.2 26.7 27.5 28.3 29.9 31.9 32.4 32.1 34.0 34.1 34.8 32.9 31.0 31.5 32.1 32.5 33.2 33.9 34.1 34.4 34.7 35.0 
28.3 28.2 28.5 29.2 29.1 28.7 27.9 28.3 29.4 31.2 33.2 34.9 34.1 33.9 35.4 32.5 31.5 31.3 31.7 32.2 32.8 33.4 33.8 34.2 34.6 34.9 35.2 
27.6 28.6 29.7 29.6 29.2 29.2 29.0 29.1 30.9 31.9 33.2 34.1 33.4 32.3 34.7 35.8 33.5 32.1 32.3 32.5 33.1 33.6 34.0 34.4 35.0 35.3 35.6 
28.8 28.9 30.0 28.4 28.7 28.8 30.4 30.0 30.2 31.6 32.8 32.7 33.2 33.2 34.6 32.9 32.8 32.3 32.7 33.1 33.6 34.0 34.5 34.9 35.3 35.7 36.5 
28.9 28.8 29.9 28.4 29.2 29.7 30.4 30.8 32.1 33.9 33.0 31.7 33.8 32.3 33.8 32.5 33.4 32.9 33.3 33.9 34.2 34.5 34.8 35.3 35.7 36.3 36.6 
28.3 29.9 29.6 28.4 30.2 29.8 29.6 30.4 32.6 34.4 32.9 32.9 32.8 32.9 33.7 32.7 33.5 34.0 34.4 34.3 34.7 35.1 35.4 35.7 36.2 36.8 36.7 
27.5 28.9 28.5 28.9 30.6 29.7 30.6 31.5 33.1 35.1 33.7 33.2 32.3 34.8 34.0 33.2 33.9 34.7 34.9 35.0 35.2 35.6 35.9 36.2 36.7 37.4 37.9 
27.3 29.6 30.4 31.1 31.7 29.9 31.4 33.1 34.3 35.7 33.9 32.8 33.4 34.0 34.9 34.7 34.5 34.8 35.3 35.5 35.7 36.1 36.5 36.5 36.9 37.2 0.00 
28.0 30.2 30.5 31.7 31.3 31.1 31.1 34.2 34.2 36.0 36.5 34.9 34.3 34.3 35.2 35.0 35.1 35.4 35.7 36.0 36.4 36.4 36.7 36.9 37.2 37.3 0.00 
28.6 28.8 30.7 31.0 31.9 31.3 31.1 32.8 33.4 36.3 36.7 36.4 37.1 35.5 35.3 35.9 35.5 35.9 36.3 36.7 36.9 36.9 37.1 37.5 0.00 0.00 0.00 
28.4 28.9 29.7 29.3 32.2 31.5 32.3 34.1 35.2 37.3 38.1 36.1 35.9 37.7 36.8 37.1 36.4 36.5 36.7 36.9 37.1 37.3 37.7 38.1 38.3 0.00 0.00 
27.6 28.4 29.8 31.1 32.8 31.9 31.7 34.6 36.6 36.5 38.5 38.4 36.7 37.0 37.3 37.5 37.6 37.3 37.1 37.3 37.4 37.7 38.0 0.00 0.00 0.00 0.00 
27.9 29.3 30.4 31.9 32.5 32.0 31.7 35.1 36.5 35.8 38.1 38.2 39.1 37.0 37.4 37.5 37.4 37.9 37.6 37.6 37.8 38.0 0.00 0.00 0.00 0.00 0.00 
28.0 29.0 29.6 31.5 31.7 31.9 32.4 34.8 35.9 36.1 37.6 37.5 39.3 38.4 38.2 38.1 38.5 38.9 38.4 38.0 38.3 38.2 0.00 0.00 0.00 0.00 0.00 
27.3 28.3 29.1 30.8 32.1 32.9 32.4 33.8 36.1 35.8 36.7 38.1 39.2 38.3 38.1 38.4 38.9 39.4 39.5 38.8 39.3 0.00 0.00 0.00 0.00 0.00 0.00 
28.3 28.5 29.0 30.7 32.5 32.8 32.6 33.8 34.9 36.5 36.7 37.6 39.2 38.6 38.4 38.9 39.5 38.8 39.2 38.9 40.6 0.00 0.00 0.00 0.00 0.00 0.00 
28.7 29.0 29.1 30.1 31.4 33.6 33.8 33.2 35.7 36.8 36.8 37.0 38.7 38.5 38.4 38.8 38.8 39.0 38.6 38.5 0.00 0.00 0.00 0.00 0.00 0.00 0.00 
28.7 29.4 29.8 30.1 31.2 32.3 32.8 33.7 36.2 36.6 36.5 38.2 38.8 38.3 37.8 38.7 39.1 39.1 38.5 0.00 0.00 0.00 0.00 0.00 0.00 0.00 0.00 
28.7 29.6 31.0 31.8 32.8 33.9 33.4 35.1 36.6 36.3 37.0 37.7 38.5 37.3 37.5 38.0 38.6 39.0 39.1 0.00 0.00 0.00 0.00 0.00 0.00 0.00 0.00 
28.9 30.2 31.5 32.6 33.1 33.2 34.4 34.0 34.8 36.5 37.0 38.1 38.6 37.0 37.1 38.5 39.1 39.5 39.5 0.00 0.00 0.00 0.00 0.00 0.00 0.00 0.00 
29.6 31.5 31.5 32.2 33.0 33.9 33.9 34.9 35.9 35.0 35.6 37.2 38.5 36.6 37.7 37.8 38.4 38.3 0.00 0.00 0.00 0.00 0.00 0.00 0.00 0.00 0.00 
29.9 31.9 32.8 33.8 34.5 34.8 34.7 35.8 37.3 36.8 36.0 37.1 38.9 38.5 0.00 0.00 0.00 0.00 0.00 0.00 0.00 0.00 0.00 0.00 0.00 0.00 0.00 
30.5 32.2 33.5 34.6 34.5 34.1 35.0 36.7 37.6 37.9 38.3 37.2 38.4 37.5 36.0 0.00 0.00 0.00 0.00 0.00 0.00 0.00 0.00 0.00 0.00 0.00 0.00 
