2016_CCC_ARR_IFD/catchment_depth_270min_20000aep.txt.asc
ncols         27
nrows         23
xllcorner     150.975
yllcorner     -33.6
cellsize      0.025
NODATA_value  -9999
53.3 53.4 54.7 55.7 55.4 55.1 55.4 56.7 58.0 60.3 62.8 63.8 64.3 66.3 67.1 68.2 67.8 67.4 68.5 69.6 70.5 71.6 72.7 73.3 73.9 74.6 75.3 
54.2 54.5 55.1 56.2 56.6 56.8 56.8 57.8 59.5 61.9 64.2 65.9 66.2 66.8 68.4 67.3 67.3 68.2 69.2 70.2 71.2 72.2 73.0 73.8 74.5 75.1 75.8 
53.8 55.0 56.3 56.8 57.0 57.6 58.1 58.9 61.3 62.9 64.7 66.0 66.3 66.3 68.6 69.9 69.3 68.9 70.1 71.0 71.9 72.8 73.5 74.3 75.1 75.7 76.4 
54.9 55.4 56.9 56.0 56.8 57.7 59.8 60.1 61.2 63.1 64.9 65.6 66.8 67.6 69.2 68.7 69.3 70.0 71.1 71.9 72.8 73.6 74.3 75.0 75.7 76.4 77.3 
55.1 55.5 57.0 56.3 57.6 58.8 60.2 61.3 63.3 65.5 65.6 65.5 67.9 67.6 69.4 69.2 70.5 71.2 72.2 73.1 73.8 74.4 75.0 75.7 76.3 77.1 77.7 
54.9 56.7 57.0 56.5 58.8 59.2 60.0 61.5 64.3 66.5 66.2 67.0 67.8 68.8 70.1 70.5 71.5 72.5 73.4 74.1 74.7 75.3 75.9 76.4 77.0 77.8 78.1 
54.7 56.1 56.4 57.3 59.6 59.6 61.2 62.9 65.2 67.6 67.5 68.0 68.2 70.8 71.1 71.7 72.9 73.9 74.8 75.4 75.8 76.3 76.7 77.1 77.7 78.4 79.1 
55.0 57.0 58.3 59.6 60.9 60.3 62.4 64.8 66.8 68.7 68.3 68.2 69.7 71.0 72.4 73.2 74.3 75.3 76.2 76.6 76.9 77.2 77.5 77.6 78.0 78.5 0.00 
55.6 57.7 58.7 60.5 61.0 61.7 62.6 66.3 67.3 69.7 71.0 70.6 70.9 71.9 73.4 74.4 75.6 76.8 77.6 77.9 78.0 77.9 78.0 78.1 78.4 78.7 0.00 
56.2 57.1 59.2 60.3 61.9 62.2 63.1 65.5 67.0 70.7 71.9 72.4 73.7 73.3 74.2 75.5 76.7 78.1 79.0 79.1 78.9 78.7 78.6 78.7 0.00 0.00 0.00 
56.4 57.4 58.7 59.4 62.5 62.8 64.4 67.1 69.1 72.0 73.6 72.5 73.1 75.4 75.5 76.5 77.6 78.9 79.7 79.6 79.3 79.2 79.2 79.3 79.4 0.00 0.00 
56.3 57.5 59.1 61.0 63.3 63.5 64.3 67.9 70.8 71.7 74.6 75.3 74.1 75.2 76.2 77.2 78.2 79.1 79.5 79.6 79.6 79.6 79.7 0.00 0.00 0.00 0.00 
56.7 58.2 59.9 61.9 63.4 63.9 64.6 68.6 71.0 71.1 74.4 75.2 76.6 75.2 76.4 77.3 78.2 79.2 79.4 79.6 79.8 79.8 0.00 0.00 0.00 0.00 0.00 
56.9 58.2 59.5 61.9 62.9 64.1 65.5 68.5 70.6 71.5 73.9 74.4 76.9 76.6 77.1 77.6 78.7 79.6 79.7 79.6 80.0 79.9 0.00 0.00 0.00 0.00 0.00 
57.0 58.2 59.5 61.5 63.5 65.2 65.7 67.7 70.9 71.3 72.9 75.1 76.9 76.5 76.6 77.6 78.8 79.8 80.3 80.0 80.7 0.00 0.00 0.00 0.00 0.00 0.00 
57.5 58.5 59.7 61.7 64.1 65.3 66.0 67.9 69.7 72.1 72.9 74.5 76.8 76.6 76.5 77.7 79.2 79.0 79.8 79.8 81.7 0.00 0.00 0.00 0.00 0.00 0.00 
57.7 58.7 60.1 61.6 63.4 66.2 67.2 67.4 70.7 72.5 73.1 73.6 76.2 76.3 75.9 77.2 78.0 78.8 78.8 79.2 0.00 0.00 0.00 0.00 0.00 0.00 0.00 
58.0 59.1 60.6 61.9 63.6 65.3 66.5 68.1 71.3 72.3 72.7 75.2 76.3 75.8 75.3 77.1 78.3 78.8 78.5 0.00 0.00 0.00 0.00 0.00 0.00 0.00 0.00 
58.8 59.9 61.8 63.3 65.1 66.9 67.2 69.6 71.7 72.1 73.4 74.5 75.9 74.4 75.0 76.1 77.4 78.5 79.1 0.00 0.00 0.00 0.00 0.00 0.00 0.00 0.00 
59.5 60.9 62.7 64.4 65.6 66.6 68.3 68.5 70.0 72.4 73.3 75.1 76.0 74.1 74.6 76.9 78.2 79.0 79.4 0.00 0.00 0.00 0.00 0.00 0.00 0.00 0.00 
60.4 62.4 63.2 64.5 65.8 67.4 67.9 69.6 71.3 70.5 71.5 73.9 75.9 73.7 75.6 75.9 77.1 77.4 0.00 0.00 0.00 0.00 0.00 0.00 0.00 0.00 0.00 
61.0 63.3 64.7 66.2 67.5 68.4 68.8 70.5 72.6 72.6 72.0 73.8 76.3 76.2 0.00 0.00 0.00 0.00 0.00 0.00 0.00 0.00 0.00 0.00 0.00 0.00 0.00 
61.9 64.0 65.7 67.3 67.7 67.6 69.0 71.4 72.9 73.7 74.6 73.8 75.6 75.0 73.4 0.00 0.00 0.00 0.00 0.00 0.00 0.00 0.00 0.00 0.00 0.00 0.00 
