2016_CCC_ARR_IFD/catchment_depth_15min_99999aep.txt.asc
ncols         27
nrows         23
xllcorner     150.975
yllcorner     -33.6
cellsize      0.025
NODATA_value  -9999
4.43 4.43 4.50 4.55 4.52 4.49 4.50 4.57 4.65 4.77 4.92 4.99 5.02 5.15 5.21 5.28 5.28 5.33 5.41 5.50 5.58 5.66 5.74 5.82 5.89 5.96 6.03 
4.50 4.51 4.53 4.59 4.60 4.61 4.59 4.65 4.74 4.88 5.03 5.15 5.15 5.19 5.30 5.25 5.31 5.38 5.47 5.55 5.63 5.71 5.79 5.86 5.94 6.01 6.07 
4.49 4.55 4.62 4.64 4.64 4.67 4.68 4.72 4.86 4.95 5.06 5.15 5.16 5.17 5.32 5.41 5.40 5.45 5.52 5.60 5.68 5.76 5.84 5.91 5.98 6.05 6.12 
4.56 4.58 4.66 4.61 4.65 4.68 4.79 4.80 4.86 4.97 5.08 5.12 5.20 5.25 5.36 5.36 5.43 5.50 5.58 5.66 5.74 5.82 5.89 5.96 6.03 6.10 6.18 
4.58 4.60 4.68 4.64 4.71 4.76 4.83 4.88 5.00 5.13 5.12 5.11 5.26 5.25 5.38 5.40 5.49 5.55 5.64 5.72 5.80 5.87 5.94 6.01 6.08 6.15 6.22 
4.58 4.68 4.69 4.68 4.78 4.79 4.82 4.89 5.06 5.20 5.15 5.20 5.25 5.31 5.41 5.43 5.53 5.62 5.70 5.78 5.86 5.93 6.00 6.06 6.14 6.21 6.26 
4.57 4.65 4.67 4.72 4.83 4.82 4.89 4.98 5.12 5.27 5.23 5.24 5.23 5.44 5.44 5.48 5.58 5.67 5.75 5.83 5.91 5.98 6.05 6.12 6.19 6.26 6.32 
4.57 4.71 4.78 4.84 4.91 4.84 4.96 5.10 5.22 5.35 5.27 5.22 5.30 5.39 5.51 5.56 5.62 5.71 5.80 5.88 5.96 6.03 6.10 6.16 6.23 6.29 0.00 
4.62 4.76 4.80 4.90 4.91 4.93 4.96 5.20 5.24 5.40 5.48 5.39 5.37 5.42 5.53 5.59 5.67 5.76 5.85 5.93 6.01 6.07 6.14 6.20 6.27 6.33 0.00 
4.66 4.70 4.83 4.88 4.97 4.95 4.97 5.11 5.19 5.46 5.53 5.53 5.62 5.51 5.55 5.65 5.72 5.81 5.90 5.98 6.05 6.12 6.19 6.25 0.00 0.00 0.00 
4.66 4.71 4.78 4.79 5.00 4.98 5.06 5.23 5.35 5.56 5.66 5.51 5.51 5.72 5.67 5.73 5.77 5.86 5.94 6.02 6.09 6.16 6.24 6.31 6.37 0.00 0.00 
4.63 4.69 4.81 4.92 5.07 5.02 5.03 5.28 5.49 5.51 5.72 5.75 5.58 5.64 5.71 5.76 5.84 5.90 5.98 6.06 6.13 6.20 6.28 0.00 0.00 0.00 0.00 
4.65 4.77 4.87 5.00 5.07 5.04 5.04 5.34 5.49 5.44 5.70 5.73 5.84 5.63 5.71 5.77 5.85 5.95 6.02 6.09 6.17 6.24 0.00 0.00 0.00 0.00 0.00 
4.68 4.77 4.83 5.00 5.02 5.05 5.10 5.32 5.44 5.47 5.65 5.64 5.87 5.78 5.78 5.81 5.91 6.02 6.07 6.14 6.22 6.29 0.00 0.00 0.00 0.00 0.00 
4.64 4.73 4.80 4.97 5.08 5.15 5.11 5.24 5.48 5.44 5.54 5.72 5.86 5.77 5.76 5.84 5.95 6.06 6.15 6.20 6.29 0.00 0.00 0.00 0.00 0.00 0.00 
4.78 4.78 4.83 4.98 5.14 5.16 5.15 5.25 5.35 5.52 5.54 5.66 5.86 5.80 5.78 5.89 6.03 6.07 6.17 6.24 6.39 0.00 0.00 0.00 0.00 0.00 0.00 
4.85 4.89 4.87 4.95 5.06 5.25 5.26 5.23 5.45 5.56 5.57 5.61 5.81 5.81 5.83 5.93 6.02 6.12 6.19 6.27 0.00 0.00 0.00 0.00 0.00 0.00 0.00 
4.89 4.96 4.97 4.98 5.07 5.15 5.21 5.28 5.52 5.55 5.56 5.77 5.86 5.83 5.88 5.99 6.10 6.18 6.24 0.00 0.00 0.00 0.00 0.00 0.00 0.00 0.00 
4.90 4.98 5.09 5.15 5.23 5.32 5.27 5.42 5.57 5.55 5.64 5.75 5.88 5.86 5.94 6.04 6.14 6.24 6.33 0.00 0.00 0.00 0.00 0.00 0.00 0.00 0.00 
4.95 5.05 5.15 5.24 5.28 5.29 5.38 5.38 5.45 5.60 5.68 5.85 5.95 5.93 6.01 6.15 6.26 6.35 6.43 0.00 0.00 0.00 0.00 0.00 0.00 0.00 0.00 
5.04 5.17 5.19 5.24 5.31 5.38 5.40 5.47 5.56 5.60 5.70 5.85 6.02 6.00 6.13 6.21 6.31 6.38 0.00 0.00 0.00 0.00 0.00 0.00 0.00 0.00 0.00 
5.10 5.23 5.31 5.39 5.45 5.50 5.51 5.60 5.76 5.74 5.79 5.94 6.14 6.20 0.00 0.00 0.00 0.00 0.00 0.00 0.00 0.00 0.00 0.00 0.00 0.00 0.00 
5.19 5.30 5.39 5.48 5.50 5.51 5.60 5.74 5.85 5.93 6.03 6.06 6.21 6.26 6.28 0.00 0.00 0.00 0.00 0.00 0.00 0.00 0.00 0.00 0.00 0.00 0.00 
