2016_CCC_ARR_IFD/catchment_depth_15min_98168aep.txt.asc
ncols         27
nrows         23
xllcorner     150.975
yllcorner     -33.6
cellsize      0.025
NODATA_value  -9999
6.79 6.76 6.84 6.89 6.84 6.79 6.79 6.88 6.97 7.13 7.32 7.40 7.43 7.60 7.66 7.76 7.75 7.84 7.94 8.04 8.14 8.23 8.33 8.42 8.51 8.60 8.69 
6.86 6.86 6.89 6.94 6.95 6.95 6.93 6.99 7.10 7.27 7.45 7.60 7.61 7.65 7.78 7.73 7.81 7.91 8.01 8.11 8.21 8.31 8.40 8.49 8.58 8.66 8.74 
6.86 6.92 6.99 7.01 7.00 7.03 7.05 7.09 7.26 7.37 7.50 7.61 7.63 7.63 7.81 7.93 7.92 7.99 8.09 8.18 8.28 8.37 8.46 8.55 8.64 8.72 8.80 
6.95 6.97 7.05 6.99 7.03 7.07 7.19 7.20 7.27 7.40 7.53 7.58 7.67 7.74 7.87 7.88 7.97 8.06 8.16 8.26 8.36 8.45 8.54 8.62 8.70 8.79 8.87 
6.98 7.00 7.08 7.04 7.11 7.17 7.24 7.31 7.44 7.60 7.60 7.58 7.77 7.76 7.90 7.94 8.05 8.13 8.24 8.34 8.44 8.52 8.60 8.69 8.77 8.85 8.93 
6.99 7.09 7.11 7.10 7.21 7.22 7.25 7.33 7.53 7.69 7.64 7.70 7.76 7.83 7.95 7.99 8.11 8.21 8.32 8.42 8.51 8.60 8.68 8.75 8.84 8.92 8.98 
6.98 7.07 7.10 7.15 7.27 7.26 7.35 7.45 7.61 7.79 7.75 7.76 7.75 7.99 8.00 8.05 8.17 8.29 8.39 8.49 8.58 8.67 8.74 8.82 8.90 8.98 9.06 
7.00 7.14 7.22 7.29 7.37 7.30 7.44 7.60 7.74 7.89 7.80 7.74 7.84 7.94 8.09 8.15 8.24 8.34 8.45 8.55 8.64 8.73 8.81 8.87 8.95 9.03 0.00 
7.05 7.20 7.25 7.37 7.38 7.41 7.44 7.73 7.77 7.97 8.06 7.96 7.92 7.98 8.12 8.20 8.30 8.41 8.51 8.61 8.70 8.78 8.85 8.93 9.01 9.08 0.00 
7.09 7.14 7.29 7.35 7.45 7.44 7.46 7.63 7.72 8.05 8.13 8.13 8.24 8.09 8.15 8.27 8.35 8.47 8.58 8.68 8.76 8.83 8.91 8.99 0.00 0.00 0.00 
7.10 7.16 7.24 7.25 7.50 7.47 7.57 7.78 7.92 8.17 8.29 8.10 8.10 8.35 8.28 8.36 8.42 8.53 8.63 8.72 8.80 8.88 8.97 9.05 9.13 0.00 0.00 
7.08 7.15 7.27 7.40 7.57 7.52 7.54 7.84 8.09 8.11 8.38 8.40 8.19 8.26 8.33 8.40 8.49 8.58 8.67 8.76 8.85 8.93 9.02 0.00 0.00 0.00 0.00 
7.11 7.23 7.34 7.49 7.57 7.55 7.55 7.91 8.09 8.02 8.35 8.38 8.51 8.24 8.33 8.41 8.50 8.62 8.71 8.80 8.89 8.98 0.00 0.00 0.00 0.00 0.00 
7.13 7.23 7.30 7.48 7.52 7.55 7.62 7.88 8.03 8.06 8.28 8.26 8.55 8.42 8.42 8.46 8.58 8.70 8.77 8.85 8.95 9.03 0.00 0.00 0.00 0.00 0.00 
7.12 7.20 7.28 7.45 7.58 7.68 7.63 7.78 8.07 8.01 8.14 8.36 8.53 8.40 8.39 8.49 8.62 8.76 8.86 8.92 9.03 0.00 0.00 0.00 0.00 0.00 0.00 
7.23 7.25 7.31 7.47 7.65 7.68 7.67 7.79 7.91 8.11 8.13 8.27 8.53 8.44 8.41 8.54 8.72 8.76 8.88 8.96 9.15 0.00 0.00 0.00 0.00 0.00 0.00 
7.30 7.34 7.35 7.44 7.56 7.78 7.80 7.76 8.02 8.16 8.16 8.20 8.46 8.45 8.47 8.58 8.70 8.82 8.91 9.00 0.00 0.00 0.00 0.00 0.00 0.00 0.00 
7.34 7.41 7.44 7.48 7.58 7.67 7.73 7.82 8.10 8.14 8.15 8.41 8.51 8.47 8.53 8.66 8.79 8.89 8.97 0.00 0.00 0.00 0.00 0.00 0.00 0.00 0.00 
7.37 7.45 7.58 7.65 7.75 7.86 7.80 7.97 8.17 8.13 8.24 8.37 8.53 8.50 8.61 8.72 8.85 8.97 9.07 0.00 0.00 0.00 0.00 0.00 0.00 0.00 0.00 
7.44 7.54 7.65 7.76 7.81 7.82 7.93 7.92 8.01 8.18 8.28 8.49 8.61 8.58 8.69 8.86 8.99 9.10 9.19 0.00 0.00 0.00 0.00 0.00 0.00 0.00 0.00 
7.53 7.67 7.70 7.77 7.84 7.93 7.94 8.03 8.13 8.18 8.30 8.48 8.70 8.68 8.83 8.93 9.06 9.14 0.00 0.00 0.00 0.00 0.00 0.00 0.00 0.00 0.00 
7.61 7.75 7.84 7.93 8.01 8.06 8.07 8.18 8.38 8.35 8.41 8.60 8.85 8.92 0.00 0.00 0.00 0.00 0.00 0.00 0.00 0.00 0.00 0.00 0.00 0.00 0.00 
7.70 7.83 7.94 8.05 8.07 8.08 8.18 8.36 8.50 8.60 8.72 8.75 8.94 8.99 9.02 0.00 0.00 0.00 0.00 0.00 0.00 0.00 0.00 0.00 0.00 0.00 0.00 
