2016_CCC_ARR_IFD/catchment_depth_25min_18127aep.txt.asc
ncols         27
nrows         23
xllcorner     150.975
yllcorner     -33.6
cellsize      0.025
NODATA_value  -9999
25.6 25.4 25.7 25.9 25.7 25.5 25.6 26.0 26.4 27.0 27.8 28.1 28.3 28.8 29.0 29.3 29.5 29.7 30.0 30.3 30.6 30.9 31.2 31.5 31.7 32.0 32.2 
25.8 25.7 25.8 26.0 26.1 26.0 26.0 26.3 26.8 27.5 28.1 28.6 28.7 28.9 29.3 29.4 29.7 29.9 30.2 30.5 30.8 31.1 31.3 31.6 31.8 32.1 32.3 
25.6 25.8 26.1 26.2 26.1 26.2 26.4 26.6 27.3 27.7 28.2 28.6 28.7 28.9 29.4 29.8 29.9 30.3 30.4 30.6 30.9 31.2 31.4 31.7 32.0 32.2 32.5 
25.9 25.9 26.3 25.9 26.0 26.2 26.8 26.9 27.2 27.7 28.3 28.5 28.9 29.2 29.6 29.8 30.2 30.4 30.6 30.8 31.1 31.3 31.6 31.8 32.1 32.3 32.6 
25.9 25.9 26.3 25.9 26.2 26.5 26.9 27.2 27.8 28.4 28.4 28.5 29.1 29.3 29.8 30.0 30.4 30.6 30.8 31.1 31.3 31.5 31.7 31.9 32.2 32.5 32.7 
25.9 26.3 26.2 26.0 26.6 26.6 26.8 27.2 28.0 28.6 28.6 28.9 29.2 29.5 29.9 30.1 30.5 30.8 31.1 31.2 31.4 31.6 31.8 32.1 32.3 32.6 32.8 
25.9 26.1 26.1 26.2 26.8 26.8 27.2 27.6 28.2 28.9 28.9 29.1 29.3 29.9 30.2 30.3 30.7 31.0 31.3 31.4 31.6 31.8 32.0 32.2 32.4 32.7 32.9 
26.1 26.4 26.6 26.9 27.2 27.0 27.5 28.1 28.6 29.2 29.1 29.2 29.6 30.0 30.4 30.7 30.9 31.2 31.4 31.6 31.8 31.9 32.1 32.3 32.5 32.7 0.00 
26.3 26.6 26.8 27.2 27.2 27.4 27.6 28.5 28.8 29.4 29.7 29.7 29.9 30.2 30.6 30.9 31.1 31.4 31.6 31.8 32.0 32.1 32.2 32.4 32.6 32.8 0.00 
26.5 26.6 27.0 27.2 27.5 27.6 27.8 28.3 28.7 29.6 30.0 30.1 30.5 30.5 30.7 31.1 31.3 31.6 31.9 32.0 32.1 32.2 32.3 32.5 0.00 0.00 0.00 
26.6 26.8 27.0 27.1 27.7 27.8 28.2 28.8 29.3 30.0 30.4 30.2 30.4 31.0 31.1 31.3 31.6 31.8 32.0 32.2 32.3 32.4 32.5 32.6 32.8 0.00 0.00 
26.7 26.9 27.2 27.5 28.0 28.0 28.2 29.0 29.7 29.9 30.6 30.8 30.6 30.9 31.2 31.5 31.8 32.0 32.1 32.3 32.4 32.5 32.6 0.00 0.00 0.00 0.00 
26.9 27.1 27.4 27.8 28.1 28.2 28.4 29.2 29.8 29.8 30.6 30.9 31.2 31.0 31.3 31.6 31.8 32.1 32.2 32.4 32.5 32.7 0.00 0.00 0.00 0.00 0.00 
27.0 27.2 27.4 27.9 28.1 28.3 28.6 29.3 29.7 30.0 30.6 30.7 31.3 31.3 31.5 31.8 32.1 32.3 32.4 32.5 32.7 32.8 0.00 0.00 0.00 0.00 0.00 
27.1 27.3 27.5 27.9 28.3 28.6 28.7 29.1 29.9 29.9 30.4 30.9 31.4 31.4 31.6 31.9 32.2 32.5 32.7 32.7 32.9 0.00 0.00 0.00 0.00 0.00 0.00 
27.3 27.4 27.6 28.0 28.5 28.7 28.8 29.2 29.6 30.2 30.4 30.8 31.4 31.5 31.7 32.0 32.4 32.4 32.7 32.8 33.2 0.00 0.00 0.00 0.00 0.00 0.00 
27.4 27.6 27.8 28.0 28.4 28.9 29.1 29.1 29.9 30.3 30.5 30.7 31.3 31.5 31.7 32.0 32.3 32.5 32.6 32.8 0.00 0.00 0.00 0.00 0.00 0.00 0.00 
27.5 27.7 27.9 28.1 28.4 28.7 29.0 29.3 30.0 30.3 30.4 31.1 31.4 31.5 31.7 32.1 32.4 32.7 32.7 0.00 0.00 0.00 0.00 0.00 0.00 0.00 0.00 
27.7 27.9 28.2 28.5 28.8 29.2 29.1 29.6 30.2 30.2 30.6 31.0 31.4 31.4 31.7 32.0 32.4 32.7 32.9 0.00 0.00 0.00 0.00 0.00 0.00 0.00 0.00 
27.9 28.1 28.5 28.8 29.0 29.1 29.4 29.4 29.7 30.3 30.6 31.1 31.5 31.4 31.7 32.2 32.6 32.9 33.0 0.00 0.00 0.00 0.00 0.00 0.00 0.00 0.00 
28.1 28.5 28.6 28.8 29.0 29.3 29.3 29.6 30.0 30.0 30.4 31.0 31.6 31.5 32.0 32.2 32.6 32.7 0.00 0.00 0.00 0.00 0.00 0.00 0.00 0.00 0.00 
28.2 28.6 28.9 29.2 29.4 29.6 29.6 30.0 30.5 30.5 30.6 31.1 31.8 32.0 0.00 0.00 0.00 0.00 0.00 0.00 0.00 0.00 0.00 0.00 0.00 0.00 0.00 
28.4 28.8 29.1 29.4 29.5 29.5 29.8 30.3 30.7 31.0 31.3 31.3 31.8 32.0 31.9 0.00 0.00 0.00 0.00 0.00 0.00 0.00 0.00 0.00 0.00 0.00 0.00 
