2016_CCC_ARR_IFD/catchment_depth_1080min_95021aep.txt.asc
ncols         27
nrows         23
xllcorner     150.975
yllcorner     -33.6
cellsize      0.025
NODATA_value  -9999
38.8 38.5 40.1 40.9 40.1 39.1 38.7 39.8 40.9 43.0 45.6 46.3 46.2 48.5 48.8 49.8 47.9 46.0 46.7 47.4 47.8 48.6 49.4 49.6 49.8 50.1 50.4 
40.0 40.0 40.4 41.4 41.4 41.0 40.3 40.9 42.4 44.8 47.3 49.4 48.6 48.6 50.4 47.5 46.8 46.6 47.0 47.6 48.3 49.0 49.5 49.9 50.2 50.5 50.9 
39.2 40.5 41.9 42.0 41.6 41.7 41.7 42.0 44.4 45.7 47.4 48.6 48.1 47.0 49.8 51.2 49.0 47.8 48.0 48.2 48.8 49.3 49.8 50.2 50.8 51.1 51.4 
40.8 40.9 42.4 40.6 41.1 41.5 43.5 43.2 43.7 45.5 47.1 47.2 48.0 48.3 49.9 48.4 48.6 48.1 48.6 49.0 49.6 50.0 50.5 50.9 51.3 51.7 52.6 
40.9 40.9 42.4 40.8 41.9 42.6 43.6 44.3 46.1 48.4 47.5 46.3 48.9 47.5 49.4 48.3 49.4 49.0 49.5 50.1 50.5 50.8 51.0 51.5 51.9 52.5 52.8 
40.3 42.4 42.1 40.9 43.2 42.9 42.9 44.0 46.9 49.1 47.6 47.8 48.0 48.4 49.5 48.6 49.7 50.4 50.9 50.8 51.2 51.5 51.8 52.1 52.6 53.3 53.1 
39.5 41.2 41.0 41.6 43.8 43.0 44.2 45.5 47.6 50.1 48.7 48.4 47.6 50.7 50.0 49.3 50.4 51.3 51.7 51.8 52.0 52.3 52.6 52.8 53.3 54.0 54.6 
39.4 42.2 43.4 44.3 45.2 43.4 45.3 47.6 49.2 51.0 49.2 48.1 49.0 49.9 51.2 51.2 51.2 51.6 52.3 52.5 52.6 53.0 53.2 53.1 53.5 53.8 0.00 
40.3 43.1 43.6 45.2 44.9 45.0 45.1 49.0 49.2 51.6 52.4 50.8 50.2 50.5 51.6 51.7 52.0 52.5 52.9 53.3 53.5 53.4 53.5 53.7 53.9 54.0 0.00 
41.1 41.5 43.9 44.6 45.8 45.3 45.3 47.5 48.5 52.2 52.8 52.6 53.6 52.0 51.9 52.8 52.6 53.3 53.8 54.1 54.2 54.0 54.1 54.3 0.00 0.00 0.00 
41.0 41.8 42.8 42.7 46.2 45.6 46.8 49.3 50.8 53.5 54.7 52.5 52.4 54.6 53.8 54.2 53.7 54.0 54.3 54.4 54.4 54.4 54.8 55.1 55.2 0.00 0.00 
40.2 41.3 43.1 44.9 47.1 46.3 46.3 50.0 52.6 52.8 55.3 55.4 53.4 53.9 54.4 54.7 54.9 54.8 54.6 54.7 54.8 54.9 55.1 0.00 0.00 0.00 0.00 
40.6 42.4 44.0 46.0 47.0 46.6 46.4 50.7 52.7 52.0 55.0 55.3 56.4 53.8 54.5 54.6 54.7 55.3 54.9 54.9 55.1 55.2 0.00 0.00 0.00 0.00 0.00 
40.8 42.2 43.2 45.7 46.1 46.6 47.5 50.5 52.1 52.4 54.5 54.4 56.8 55.7 55.4 55.2 55.8 56.5 55.8 55.3 55.6 55.4 0.00 0.00 0.00 0.00 0.00 
40.2 41.5 42.7 45.0 46.7 48.0 47.6 49.4 52.5 52.2 53.4 55.3 56.7 55.6 55.1 55.5 56.2 56.9 57.1 56.1 56.7 0.00 0.00 0.00 0.00 0.00 0.00 
41.5 41.9 42.7 44.9 47.4 48.0 48.0 49.6 51.1 53.1 53.5 54.7 56.7 55.9 55.3 56.0 57.0 56.1 56.6 56.2 58.4 0.00 0.00 0.00 0.00 0.00 0.00 
42.1 42.6 43.0 44.4 46.2 49.0 49.5 49.0 52.3 53.7 53.8 54.0 56.1 55.8 55.2 55.7 55.9 56.2 55.7 55.6 0.00 0.00 0.00 0.00 0.00 0.00 0.00 
42.2 43.2 44.0 44.5 46.2 47.6 48.6 49.8 53.0 53.6 53.5 55.7 56.4 55.5 54.6 55.8 56.4 56.4 55.6 0.00 0.00 0.00 0.00 0.00 0.00 0.00 0.00 
42.4 43.6 45.5 46.7 48.2 49.7 49.4 51.6 53.6 53.5 54.4 55.2 56.2 54.2 54.4 55.0 55.7 56.3 56.5 0.00 0.00 0.00 0.00 0.00 0.00 0.00 0.00 
42.9 44.5 46.2 47.8 48.6 49.1 50.7 50.5 51.8 54.0 54.6 55.9 56.4 54.1 54.0 55.9 56.7 57.1 57.2 0.00 0.00 0.00 0.00 0.00 0.00 0.00 0.00 
43.9 46.2 46.5 47.5 48.6 50.0 50.3 51.8 53.3 52.1 52.8 54.9 56.4 53.8 55.1 55.1 55.8 55.6 0.00 0.00 0.00 0.00 0.00 0.00 0.00 0.00 0.00 
44.4 46.8 48.2 49.4 50.5 51.1 51.3 52.8 54.7 54.5 53.5 54.9 56.9 56.4 0.00 0.00 0.00 0.00 0.00 0.00 0.00 0.00 0.00 0.00 0.00 0.00 0.00 
45.3 47.4 49.0 50.5 50.6 50.3 51.6 53.9 55.1 55.6 56.2 55.0 56.4 55.2 53.1 0.00 0.00 0.00 0.00 0.00 0.00 0.00 0.00 0.00 0.00 0.00 0.00 
