2016_CCC_ARR_IFD/catchment_depth_4320min_99752aep.txt.asc
ncols         27
nrows         23
xllcorner     150.975
yllcorner     -33.6
cellsize      0.025
NODATA_value  -9999
42.0 41.5 43.8 44.8 43.2 41.3 40.1 41.6 42.9 45.8 49.5 50.1 49.4 52.7 52.7 53.9 49.8 45.6 46.3 47.2 47.7 48.9 50.1 50.3 50.6 51.1 51.5 
43.9 43.7 44.1 45.4 45.0 44.0 42.4 43.0 45.0 48.2 51.8 54.8 53.1 52.5 55.0 49.3 46.9 46.1 46.5 47.2 48.1 49.0 49.7 50.3 50.9 51.3 51.8 
42.4 44.3 46.2 46.0 45.0 44.9 44.4 44.3 47.8 49.5 51.7 53.2 51.7 49.3 53.5 55.5 50.8 47.9 47.5 47.6 48.4 49.2 49.8 50.5 51.3 51.8 52.2 
44.9 44.8 46.9 43.6 43.9 44.1 46.9 45.9 46.2 48.6 50.9 50.5 51.2 50.9 53.2 49.7 49.4 47.7 48.1 48.4 49.3 49.8 50.4 51.1 51.7 52.4 53.7 
44.9 44.6 46.6 43.5 44.9 45.6 46.8 47.3 49.9 53.1 51.0 48.2 52.1 49.0 51.7 48.8 50.3 48.6 49.0 49.8 50.1 50.5 50.9 51.6 52.2 53.2 53.7 
43.7 46.7 45.9 43.3 46.7 45.6 45.1 46.4 50.7 53.9 50.6 50.4 50.0 49.9 51.2 48.5 50.0 50.6 51.0 50.2 50.7 51.2 51.7 52.1 53.0 54.0 53.8 
42.2 44.6 43.7 44.2 47.4 45.5 46.9 48.3 51.4 55.1 52.1 50.8 48.5 53.5 51.5 49.1 50.3 51.6 51.6 51.3 51.5 52.0 52.4 52.8 53.7 54.8 55.8 
41.7 45.9 47.4 48.4 49.3 45.7 48.3 51.4 53.6 56.0 52.3 49.6 50.5 51.4 53.1 52.1 51.1 51.1 51.8 51.8 52.0 52.7 53.1 53.1 53.7 54.3 0.00 
43.0 47.0 47.4 49.6 48.5 47.9 47.6 53.4 53.1 56.4 57.2 53.8 52.2 51.8 53.2 52.3 51.9 52.0 52.2 52.6 53.0 53.1 53.4 53.7 54.2 54.3 0.00 
44.1 44.3 47.7 48.1 49.5 48.1 47.6 50.5 51.5 56.8 57.3 56.4 57.5 54.1 53.0 53.9 52.4 52.7 53.0 53.7 53.8 53.8 54.0 54.5 0.00 0.00 0.00 
43.7 44.5 45.6 44.8 49.9 48.4 49.6 52.9 54.6 58.5 59.9 55.7 55.1 58.3 56.2 56.2 54.2 53.8 53.7 54.0 54.2 54.4 55.0 55.6 55.8 0.00 0.00 
42.2 43.4 45.9 48.0 51.0 49.1 48.5 53.7 57.3 56.9 60.3 60.0 56.5 56.8 57.0 56.9 56.6 55.4 54.7 54.8 55.0 55.2 55.6 0.00 0.00 0.00 0.00 
42.6 45.0 47.0 49.5 50.4 49.1 48.3 54.5 56.9 55.3 59.6 59.5 60.9 56.5 57.1 56.8 56.3 56.8 55.8 55.6 55.8 55.9 0.00 0.00 0.00 0.00 0.00 
42.8 44.4 45.4 48.7 48.7 48.8 49.6 53.7 55.7 55.7 58.4 57.9 61.3 59.2 58.6 58.1 58.5 59.0 57.6 56.6 56.9 56.5 0.00 0.00 0.00 0.00 0.00 
41.5 43.0 44.2 47.3 49.4 50.7 49.4 51.6 56.0 54.9 56.5 59.0 60.9 59.1 58.6 58.9 59.4 60.0 59.9 58.2 58.9 0.00 0.00 0.00 0.00 0.00 0.00 
43.3 43.4 44.0 46.9 50.1 50.2 49.6 51.5 53.2 56.1 56.3 57.9 60.6 59.5 59.5 59.9 60.7 59.2 59.6 58.6 61.6 0.00 0.00 0.00 0.00 0.00 0.00 
44.0 44.3 44.1 45.5 47.7 51.6 51.5 50.1 54.7 56.5 56.4 56.7 59.6 59.4 59.8 60.0 59.7 59.6 58.6 58.1 0.00 0.00 0.00 0.00 0.00 0.00 0.00 
43.9 44.9 45.3 45.3 47.2 48.8 49.5 50.8 55.5 55.8 55.6 58.7 59.6 59.1 58.4 59.8 60.2 59.9 58.6 0.00 0.00 0.00 0.00 0.00 0.00 0.00 0.00 
43.5 45.0 47.3 48.5 50.2 51.8 50.3 53.2 56.0 55.1 56.3 57.6 59.1 57.2 57.6 58.4 59.2 59.7 59.6 0.00 0.00 0.00 0.00 0.00 0.00 0.00 0.00 
43.7 45.9 48.1 49.9 50.4 50.2 52.0 50.8 52.1 55.1 55.9 58.2 59.0 56.5 56.7 59.0 60.0 60.4 60.4 0.00 0.00 0.00 0.00 0.00 0.00 0.00 0.00 
44.9 48.2 47.9 49.0 50.0 51.4 50.8 52.4 53.9 52.4 53.4 56.3 58.8 55.7 57.5 57.6 58.6 58.4 0.00 0.00 0.00 0.00 0.00 0.00 0.00 0.00 0.00 
45.2 48.7 50.3 51.8 52.9 53.2 52.4 54.0 56.9 55.2 54.0 56.1 59.4 58.7 0.00 0.00 0.00 0.00 0.00 0.00 0.00 0.00 0.00 0.00 0.00 0.00 0.00 
46.1 49.1 51.3 53.3 52.8 51.6 53.0 56.0 57.5 57.8 58.3 56.2 58.4 56.8 54.5 0.00 0.00 0.00 0.00 0.00 0.00 0.00 0.00 0.00 0.00 0.00 0.00 
