2016_CCC_ARR_IFD/catchment_depth_3min_50000aep.txt.asc
ncols         27
nrows         23
xllcorner     150.975
yllcorner     -33.6
cellsize      0.025
NODATA_value  -9999
4.77 4.75 4.78 4.81 4.78 4.75 4.75 4.81 4.87 4.97 5.09 5.14 5.16 5.26 5.29 5.34 5.34 5.41 5.47 5.53 5.59 5.64 5.69 5.74 5.80 5.85 5.89 
4.80 4.79 4.80 4.83 4.84 4.83 4.83 4.87 4.94 5.05 5.16 5.24 5.25 5.28 5.35 5.32 5.37 5.46 5.53 5.59 5.64 5.69 5.74 5.79 5.84 5.88 5.93 
4.79 4.81 4.85 4.86 4.86 4.88 4.89 4.92 5.03 5.10 5.18 5.24 5.26 5.26 5.36 5.42 5.43 5.47 5.57 5.64 5.69 5.74 5.79 5.83 5.87 5.92 5.96 
4.82 4.83 4.87 4.84 4.86 4.89 4.97 4.98 5.03 5.11 5.19 5.23 5.28 5.32 5.40 5.41 5.46 5.56 5.63 5.69 5.74 5.79 5.83 5.87 5.91 5.95 5.99 
4.84 4.84 4.89 4.86 4.90 4.94 5.00 5.04 5.13 5.22 5.23 5.23 5.33 5.34 5.42 5.46 5.51 5.62 5.68 5.74 5.79 5.84 5.88 5.91 5.95 5.98 6.02 
4.84 4.89 4.90 4.89 4.96 4.98 5.01 5.07 5.17 5.27 5.26 5.30 5.34 5.40 5.46 5.55 5.59 5.65 5.71 5.81 5.85 5.89 5.92 5.95 5.98 6.01 6.05 
4.86 4.89 4.90 4.93 5.00 5.01 5.07 5.13 5.22 5.32 5.32 5.34 5.40 5.47 5.51 5.63 5.68 5.72 5.79 5.86 5.91 5.94 5.96 5.99 6.02 6.04 6.08 
4.89 4.92 4.96 5.01 5.06 5.05 5.12 5.21 5.29 5.38 5.36 5.38 5.44 5.50 5.56 5.64 5.75 5.83 5.88 5.93 5.96 5.98 6.00 6.02 6.05 6.08 0.00 
4.91 4.96 4.99 5.05 5.08 5.11 5.15 5.28 5.32 5.42 5.48 5.46 5.49 5.56 5.62 5.72 5.82 5.90 5.96 6.00 6.01 6.03 6.04 6.05 6.07 6.10 0.00 
4.93 4.96 5.02 5.06 5.12 5.15 5.19 5.27 5.33 5.48 5.53 5.55 5.61 5.60 5.69 5.76 5.89 5.98 6.04 6.05 6.06 6.06 6.07 6.08 0.00 0.00 0.00 
4.96 4.99 5.03 5.07 5.16 5.18 5.24 5.34 5.42 5.54 5.61 5.56 5.60 5.69 5.72 5.78 5.91 6.01 6.08 6.08 6.09 6.09 6.10 6.10 6.12 0.00 0.00 
4.99 5.02 5.06 5.12 5.20 5.22 5.26 5.38 5.50 5.54 5.66 5.69 5.65 5.70 5.76 5.82 5.90 6.00 6.07 6.09 6.11 6.12 6.12 0.00 0.00 0.00 0.00 
5.00 5.04 5.09 5.16 5.22 5.25 5.29 5.42 5.52 5.52 5.66 5.70 5.76 5.72 5.79 5.86 5.94 6.00 6.06 6.09 6.12 6.13 0.00 0.00 0.00 0.00 0.00 
5.02 5.06 5.10 5.17 5.22 5.27 5.33 5.43 5.51 5.55 5.65 5.68 5.79 5.78 5.82 5.87 5.94 5.99 6.05 6.10 6.13 6.15 0.00 0.00 0.00 0.00 0.00 
5.06 5.08 5.13 5.18 5.25 5.32 5.35 5.42 5.54 5.56 5.63 5.72 5.80 5.79 5.82 5.88 5.95 6.01 6.06 6.10 6.14 0.00 0.00 0.00 0.00 0.00 0.00 
5.05 5.10 5.15 5.20 5.28 5.33 5.38 5.45 5.51 5.60 5.64 5.71 5.82 5.82 5.82 5.89 5.97 6.01 6.07 6.11 6.17 0.00 0.00 0.00 0.00 0.00 0.00 
5.06 5.10 5.18 5.23 5.28 5.38 5.42 5.46 5.56 5.64 5.67 5.71 5.81 5.83 5.84 5.90 5.97 6.03 6.08 6.12 0.00 0.00 0.00 0.00 0.00 0.00 0.00 
5.08 5.12 5.19 5.26 5.31 5.37 5.43 5.49 5.60 5.65 5.68 5.79 5.84 5.84 5.87 5.94 6.00 6.05 6.10 0.00 0.00 0.00 0.00 0.00 0.00 0.00 0.00 
5.14 5.16 5.23 5.29 5.36 5.43 5.47 5.55 5.64 5.67 5.73 5.79 5.86 5.86 5.91 5.96 6.03 6.08 6.13 0.00 0.00 0.00 0.00 0.00 0.00 0.00 0.00 
5.18 5.21 5.27 5.33 5.39 5.44 5.51 5.55 5.62 5.70 5.76 5.85 5.91 5.90 5.95 6.03 6.09 6.14 6.18 0.00 0.00 0.00 0.00 0.00 0.00 0.00 0.00 
5.21 5.26 5.30 5.36 5.42 5.48 5.53 5.60 5.67 5.71 5.77 5.86 5.95 5.94 6.02 6.06 6.12 6.15 0.00 0.00 0.00 0.00 0.00 0.00 0.00 0.00 0.00 
5.24 5.30 5.35 5.41 5.47 5.53 5.58 5.65 5.75 5.78 5.82 5.91 6.01 6.05 0.00 0.00 0.00 0.00 0.00 0.00 0.00 0.00 0.00 0.00 0.00 0.00 0.00 
5.28 5.33 5.39 5.46 5.50 5.54 5.62 5.71 5.79 5.86 5.93 5.97 6.05 6.09 6.08 0.00 0.00 0.00 0.00 0.00 0.00 0.00 0.00 0.00 0.00 0.00 0.00 
