2016_CCC_ARR_IFD/catchment_depth_15min_01000aep.txt.asc
ncols         27
nrows         23
xllcorner     150.975
yllcorner     -33.6
cellsize      0.025
NODATA_value  -9999
39.3 39.1 39.9 40.4 40.1 39.8 40.0 40.8 41.7 43.1 44.3 44.9 45.4 46.2 46.7 47.2 47.9 48.2 48.8 49.3 49.7 50.3 50.9 51.2 51.5 51.8 52.2 
39.6 39.6 39.9 40.5 40.6 40.6 40.6 41.3 42.3 43.7 44.8 45.5 46.0 46.5 47.0 47.7 48.2 48.6 49.0 49.5 50.0 50.5 50.9 51.3 51.7 52.0 52.4 
39.1 39.7 40.5 40.6 40.5 40.8 41.1 41.7 43.1 44.1 45.0 45.7 46.2 46.7 47.5 48.0 48.8 49.5 49.6 49.8 50.2 50.7 51.1 51.5 51.9 52.3 52.6 
39.7 39.8 40.6 39.6 40.0 40.5 41.9 42.2 42.9 44.1 45.2 45.8 46.5 47.3 47.9 48.7 49.4 49.6 49.9 50.1 50.6 51.0 51.4 51.8 52.1 52.6 53.0 
39.7 39.6 40.5 39.4 40.2 41.0 41.9 42.7 43.9 45.1 45.5 46.0 47.0 47.8 48.5 49.3 49.9 50.0 50.3 50.7 50.9 51.2 51.6 52.0 52.4 52.8 53.2 
39.4 40.3 40.1 39.2 40.9 41.0 41.6 42.7 44.3 45.4 45.8 46.6 47.5 48.4 49.1 49.4 50.3 50.8 51.1 50.9 51.1 51.5 51.9 52.2 52.7 53.1 53.3 
39.2 39.7 39.5 39.7 41.3 41.2 42.3 43.3 44.7 45.9 46.4 47.2 48.0 48.8 49.7 49.7 50.5 51.2 51.4 51.3 51.4 51.8 52.2 52.5 53.0 53.4 53.8 
39.5 40.3 40.9 41.5 42.1 41.7 42.9 44.3 45.4 46.3 46.8 47.7 48.8 49.7 50.2 50.8 50.8 51.1 51.5 51.6 51.8 52.2 52.5 52.7 53.1 53.4 0.00 
39.9 40.9 41.2 42.1 42.1 42.5 43.1 45.0 45.6 46.7 47.5 48.3 49.4 50.1 50.8 51.0 51.1 51.5 51.7 52.0 52.3 52.4 52.6 52.9 53.2 53.4 0.00 
40.4 40.6 41.6 42.0 42.7 42.9 43.6 44.8 45.7 47.2 47.9 48.7 49.4 50.6 50.9 51.5 51.3 51.7 52.1 52.4 52.6 52.7 52.9 53.2 0.00 0.00 0.00 
40.6 41.0 41.5 41.8 43.2 43.4 44.2 45.5 46.5 47.6 48.3 49.1 50.0 50.5 51.4 51.9 51.8 52.0 52.3 52.5 52.7 52.9 53.2 53.5 53.7 0.00 0.00 
40.7 41.2 41.9 42.7 43.7 43.8 44.4 45.9 47.1 47.8 48.8 49.4 50.1 50.9 51.5 52.0 52.4 52.4 52.4 52.6 52.8 53.0 53.3 0.00 0.00 0.00 0.00 
41.1 41.8 42.5 43.3 43.9 44.2 44.6 46.3 47.2 47.8 48.9 49.6 50.2 50.9 51.6 51.9 52.1 52.6 52.5 52.7 52.9 53.1 0.00 0.00 0.00 0.00 0.00 
41.4 42.0 42.5 43.5 43.9 44.4 45.0 46.3 47.3 48.0 48.9 49.6 50.3 51.1 51.7 52.1 52.6 53.0 52.9 52.8 53.1 53.1 0.00 0.00 0.00 0.00 0.00 
41.3 41.9 42.4 43.4 44.2 44.9 45.1 46.1 47.4 47.9 48.8 49.7 50.4 51.1 51.6 52.1 52.6 53.0 53.2 53.0 53.4 0.00 0.00 0.00 0.00 0.00 0.00 
42.0 42.2 42.5 43.6 44.6 45.0 45.2 46.1 47.0 48.1 48.7 49.6 50.4 51.0 51.6 52.1 52.6 52.6 52.9 52.9 53.6 0.00 0.00 0.00 0.00 0.00 0.00 
42.4 42.7 42.7 43.3 44.1 45.3 45.7 45.7 47.2 48.1 48.6 49.1 50.3 50.8 51.0 51.7 52.1 52.4 52.4 52.5 0.00 0.00 0.00 0.00 0.00 0.00 0.00 
42.6 43.1 43.2 43.2 44.0 44.7 45.1 45.8 47.3 47.9 48.2 49.4 50.1 50.4 50.4 51.4 52.0 52.3 52.1 0.00 0.00 0.00 0.00 0.00 0.00 0.00 0.00 
42.3 43.0 43.7 44.2 44.8 45.4 45.2 46.3 47.4 47.5 48.2 49.0 49.8 49.5 50.0 50.7 51.4 51.9 52.1 0.00 0.00 0.00 0.00 0.00 0.00 0.00 0.00 
42.2 43.1 43.8 44.4 44.8 44.9 45.6 45.4 46.1 47.3 47.9 48.9 49.5 49.1 49.6 50.7 51.3 51.7 52.0 0.00 0.00 0.00 0.00 0.00 0.00 0.00 0.00 
42.5 43.5 43.6 44.0 44.5 45.0 45.0 45.7 46.4 46.3 46.9 48.2 49.2 48.7 49.7 50.0 50.6 50.8 0.00 0.00 0.00 0.00 0.00 0.00 0.00 0.00 0.00 
42.4 43.5 44.0 44.6 45.0 45.3 45.2 45.9 47.0 46.9 46.9 47.9 49.1 49.4 0.00 0.00 0.00 0.00 0.00 0.00 0.00 0.00 0.00 0.00 0.00 0.00 0.00 
42.4 43.4 44.0 44.7 44.7 44.5 45.1 46.2 46.9 47.3 47.8 47.7 48.6 48.7 48.4 0.00 0.00 0.00 0.00 0.00 0.00 0.00 0.00 0.00 0.00 0.00 0.00 
