2016_CCC_ARR_IFD/catchment_depth_3min_10000aep.txt.asc
ncols         27
nrows         23
xllcorner     150.975
yllcorner     -33.6
cellsize      0.025
NODATA_value  -9999
7.87 7.84 7.93 8.01 7.97 7.93 7.98 8.10 8.24 8.45 8.68 8.79 8.87 9.02 9.11 9.22 9.29 9.38 9.50 9.62 9.73 9.84 9.94 10.0 10.1 10.2 10.3 
7.92 7.92 7.96 8.04 8.07 8.09 8.10 8.21 8.37 8.59 8.79 8.92 8.99 9.09 9.20 9.26 9.33 9.47 9.59 9.70 9.81 9.91 10.0 10.1 10.2 10.3 10.4 
7.88 7.95 8.05 8.08 8.09 8.16 8.22 8.31 8.52 8.68 8.84 8.97 9.05 9.12 9.28 9.38 9.47 9.56 9.69 9.79 9.89 9.98 10.1 10.2 10.2 10.3 10.4 
7.95 7.98 8.09 8.00 8.07 8.16 8.35 8.42 8.54 8.72 8.89 8.99 9.12 9.24 9.37 9.46 9.57 9.69 9.79 9.88 9.97 10.1 10.1 10.2 10.3 10.4 10.5 
7.96 7.98 8.10 8.01 8.14 8.25 8.39 8.52 8.71 8.89 8.97 9.06 9.23 9.34 9.47 9.58 9.69 9.81 9.91 9.99 10.1 10.1 10.2 10.3 10.4 10.4 10.5 
7.95 8.07 8.08 8.02 8.24 8.30 8.41 8.57 8.80 8.98 9.06 9.19 9.33 9.47 9.60 9.73 9.84 9.94 10.0 10.1 10.1 10.2 10.3 10.4 10.4 10.5 10.6 
7.97 8.03 8.05 8.11 8.32 8.36 8.52 8.69 8.90 9.09 9.18 9.31 9.45 9.60 9.74 9.87 9.98 10.1 10.2 10.2 10.3 10.3 10.4 10.4 10.5 10.6 10.6 
8.03 8.11 8.21 8.32 8.44 8.45 8.63 8.85 9.03 9.20 9.29 9.42 9.58 9.74 9.86 10.0 10.1 10.2 10.3 10.4 10.4 10.4 10.5 10.5 10.5 10.6 0.00 
8.05 8.17 8.27 8.42 8.47 8.57 8.70 8.98 9.11 9.30 9.45 9.55 9.70 9.85 9.99 10.1 10.3 10.4 10.5 10.5 10.5 10.5 10.5 10.5 10.6 10.6 0.00 
8.10 8.17 8.31 8.43 8.57 8.65 8.78 8.97 9.15 9.41 9.56 9.68 9.82 9.95 10.1 10.2 10.4 10.5 10.6 10.6 10.6 10.6 10.6 10.6 0.00 0.00 0.00 
8.15 8.23 8.32 8.44 8.64 8.72 8.88 9.11 9.30 9.52 9.67 9.75 9.89 10.0 10.2 10.3 10.5 10.6 10.7 10.7 10.7 10.7 10.6 10.6 10.7 0.00 0.00 
8.19 8.27 8.38 8.52 8.70 8.79 8.92 9.18 9.40 9.56 9.77 9.90 9.96 10.1 10.2 10.4 10.5 10.6 10.7 10.7 10.7 10.7 10.7 0.00 0.00 0.00 0.00 
8.23 8.32 8.44 8.60 8.74 8.85 8.97 9.25 9.46 9.55 9.80 9.93 10.1 10.2 10.3 10.4 10.6 10.7 10.7 10.7 10.7 10.7 0.00 0.00 0.00 0.00 0.00 
8.26 8.35 8.46 8.62 8.74 8.88 9.03 9.27 9.46 9.60 9.80 9.92 10.1 10.2 10.3 10.5 10.6 10.7 10.7 10.7 10.8 10.8 0.00 0.00 0.00 0.00 0.00 
8.30 8.38 8.49 8.63 8.79 8.96 9.06 9.24 9.49 9.60 9.77 9.96 10.1 10.2 10.4 10.5 10.6 10.7 10.7 10.8 10.8 0.00 0.00 0.00 0.00 0.00 0.00 
8.31 8.41 8.53 8.65 8.84 8.98 9.08 9.26 9.43 9.64 9.77 9.95 10.1 10.2 10.4 10.5 10.6 10.7 10.7 10.8 10.8 0.00 0.00 0.00 0.00 0.00 0.00 
8.32 8.41 8.56 8.68 8.83 9.04 9.16 9.22 9.49 9.66 9.78 9.90 10.1 10.2 10.3 10.5 10.6 10.7 10.7 10.7 0.00 0.00 0.00 0.00 0.00 0.00 0.00 
8.35 8.44 8.58 8.71 8.84 8.98 9.10 9.25 9.52 9.64 9.74 9.96 10.1 10.2 10.2 10.4 10.6 10.7 10.7 0.00 0.00 0.00 0.00 0.00 0.00 0.00 0.00 
8.43 8.51 8.65 8.80 8.94 9.09 9.14 9.34 9.54 9.60 9.75 9.91 10.1 10.1 10.2 10.3 10.5 10.6 10.7 0.00 0.00 0.00 0.00 0.00 0.00 0.00 0.00 
8.49 8.60 8.73 8.87 8.98 9.06 9.21 9.23 9.37 9.59 9.72 9.92 10.1 10.0 10.1 10.4 10.5 10.6 10.7 0.00 0.00 0.00 0.00 0.00 0.00 0.00 0.00 
8.55 8.70 8.77 8.87 8.98 9.11 9.15 9.29 9.44 9.45 9.59 9.82 10.0 9.99 10.2 10.3 10.4 10.5 0.00 0.00 0.00 0.00 0.00 0.00 0.00 0.00 0.00 
8.58 8.75 8.87 8.99 9.11 9.19 9.22 9.36 9.57 9.57 9.60 9.81 10.1 10.1 0.00 0.00 0.00 0.00 0.00 0.00 0.00 0.00 0.00 0.00 0.00 0.00 0.00 
8.63 8.80 8.94 9.07 9.11 9.11 9.23 9.45 9.59 9.69 9.80 9.81 10.0 10.0 10.0 0.00 0.00 0.00 0.00 0.00 0.00 0.00 0.00 0.00 0.00 0.00 0.00 
