2016_CCC_ARR_IFD/catchment_depth_10080min_02000aep.txt.asc
ncols         27
nrows         23
xllcorner     150.975
yllcorner     -33.6
cellsize      0.025
NODATA_value  -9999
311 307 323 332 320 309 302 315 327 352 379 388 387 412 416 427 411 393 401 407 411 421 431 430 430 431 431 
326 325 328 338 336 330 321 328 345 370 397 419 412 413 432 407 401 398 402 406 414 420 425 428 430 430 431 
319 332 346 344 339 338 337 340 365 379 398 411 407 399 427 441 423 415 411 409 415 419 423 427 431 432 433 
338 338 353 331 335 336 356 353 358 377 395 397 407 411 428 416 420 411 415 413 420 423 426 430 432 435 443 
341 340 354 334 344 351 358 365 383 407 399 389 416 405 424 414 427 417 420 424 425 427 427 431 434 440 441 
336 357 352 336 359 355 354 366 392 414 401 405 408 413 425 411 426 432 436 425 427 430 432 433 438 445 440 
328 346 341 346 367 357 369 382 403 425 416 414 401 436 429 414 426 438 435 431 431 434 435 436 441 448 455 
329 358 369 377 385 362 382 405 421 440 422 409 419 428 440 437 430 428 434 433 433 437 438 436 439 441 0.00 
341 371 373 389 383 382 382 423 424 448 457 439 432 432 441 437 434 433 434 437 439 437 437 437 439 439 0.00 
352 354 379 383 394 386 385 408 418 459 465 460 471 449 440 448 433 437 439 443 442 439 439 441 0.00 0.00 0.00 
352 359 366 362 401 391 402 429 445 475 488 458 455 480 466 464 449 443 442 443 442 442 445 447 447 0.00 0.00 
344 354 370 388 411 399 397 438 467 467 496 495 466 469 471 468 466 453 446 446 446 446 447 0.00 0.00 0.00 0.00 
350 369 384 401 410 402 397 447 468 456 492 492 503 467 471 465 461 464 452 450 450 449 0.00 0.00 0.00 0.00 0.00 
354 365 373 399 400 402 409 443 459 460 483 478 504 487 482 476 476 480 467 455 456 451 0.00 0.00 0.00 0.00 0.00 
345 357 367 391 408 419 409 427 463 454 467 487 501 484 479 481 484 485 483 465 469 0.00 0.00 0.00 0.00 0.00 0.00 
362 362 367 391 416 418 409 424 438 461 461 475 497 486 486 487 492 476 477 468 489 0.00 0.00 0.00 0.00 0.00 0.00 
370 372 371 382 399 431 427 413 451 466 462 462 487 484 487 487 481 476 466 462 0.00 0.00 0.00 0.00 0.00 0.00 0.00 
372 380 383 380 395 406 410 420 458 459 454 480 486 476 472 480 483 476 464 0.00 0.00 0.00 0.00 0.00 0.00 0.00 0.00 
374 385 403 409 421 433 416 439 459 449 456 464 475 459 460 467 472 472 471 0.00 0.00 0.00 0.00 0.00 0.00 0.00 0.00 
378 395 410 424 426 419 431 417 425 448 451 468 473 452 452 469 474 476 475 0.00 0.00 0.00 0.00 0.00 0.00 0.00 0.00 
389 415 412 418 422 430 421 431 438 423 428 449 469 440 453 453 460 457 0.00 0.00 0.00 0.00 0.00 0.00 0.00 0.00 0.00 
395 423 433 443 448 446 432 442 462 443 428 446 469 463 0.00 0.00 0.00 0.00 0.00 0.00 0.00 0.00 0.00 0.00 0.00 0.00 0.00 
406 429 445 458 449 429 436 458 466 464 464 442 458 445 424 0.00 0.00 0.00 0.00 0.00 0.00 0.00 0.00 0.00 0.00 0.00 0.00 
