2016_CCC_ARR_IFD/catchment_depth_1800min_00500aep.txt.asc
ncols         27
nrows         23
xllcorner     150.975
yllcorner     -33.6
cellsize      0.025
NODATA_value  -9999
260 259 272 280 275 268 266 278 289 308 329 337 339 356 361 370 363 354 362 370 374 382 390 390 391 391 391 
269 271 276 284 286 284 280 286 301 321 341 357 355 358 371 358 356 356 361 368 375 381 385 387 388 389 390 
265 276 287 289 288 290 291 295 316 328 343 353 353 349 369 380 371 365 367 369 375 379 381 384 388 389 390 
278 280 292 280 285 289 305 305 311 327 341 345 353 357 371 363 367 363 368 371 377 379 382 385 387 390 396 
280 281 293 282 291 299 308 314 330 348 344 338 359 352 368 361 372 367 371 377 378 380 381 384 387 392 393 
277 293 292 284 302 301 302 313 336 354 346 350 353 358 368 359 370 376 380 376 378 381 383 384 388 394 391 
272 285 284 290 308 303 313 324 343 362 355 354 346 375 370 360 370 380 381 379 380 382 384 385 389 395 400 
271 294 303 312 320 306 322 342 356 371 359 349 357 365 378 376 372 374 379 379 379 383 384 382 385 387 0.00 
279 301 306 320 318 319 320 354 357 377 385 372 366 367 377 375 375 376 378 381 382 381 381 382 383 384 0.00 
286 290 309 315 326 321 322 341 350 383 389 388 396 378 374 382 375 378 380 384 383 381 381 382 0.00 0.00 0.00 
286 293 301 300 330 325 334 356 369 394 404 384 381 403 391 393 382 381 381 382 382 381 383 385 385 0.00 0.00 
281 290 305 319 338 330 329 362 386 387 411 411 389 391 393 393 393 387 382 382 382 382 384 0.00 0.00 0.00 0.00 
285 300 312 328 336 332 329 368 385 376 405 406 415 386 391 389 387 390 385 383 383 383 0.00 0.00 0.00 0.00 0.00 
288 298 306 326 329 331 337 364 377 379 397 393 417 402 397 392 395 400 391 385 386 384 0.00 0.00 0.00 0.00 0.00 
283 293 301 320 334 344 337 351 379 373 383 400 413 398 391 393 397 402 402 391 396 0.00 0.00 0.00 0.00 0.00 0.00 
295 297 302 320 340 343 339 351 362 380 380 390 409 397 391 395 403 392 395 390 410 0.00 0.00 0.00 0.00 0.00 0.00 
301 304 305 314 328 352 352 342 371 382 379 378 399 393 388 391 391 391 386 384 0.00 0.00 0.00 0.00 0.00 0.00 0.00 
303 310 314 315 326 336 340 347 376 377 373 393 397 387 379 389 393 391 383 0.00 0.00 0.00 0.00 0.00 0.00 0.00 0.00 
305 314 328 336 346 355 346 363 379 372 377 383 391 373 374 379 384 388 388 0.00 0.00 0.00 0.00 0.00 0.00 0.00 0.00 
308 322 335 346 349 347 357 347 354 371 374 386 390 368 368 383 389 391 391 0.00 0.00 0.00 0.00 0.00 0.00 0.00 0.00 
318 337 336 342 348 355 349 357 366 352 356 372 387 363 374 373 379 376 0.00 0.00 0.00 0.00 0.00 0.00 0.00 0.00 0.00 
323 343 352 360 366 366 359 367 382 370 359 370 389 383 0.00 0.00 0.00 0.00 0.00 0.00 0.00 0.00 0.00 0.00 0.00 0.00 0.00 
331 349 360 370 366 355 361 377 384 383 384 369 380 369 352 0.00 0.00 0.00 0.00 0.00 0.00 0.00 0.00 0.00 0.00 0.00 0.00 
