2016_CCC_ARR_IFD/catchment_depth_5min_86466aep.txt.asc
ncols         27
nrows         23
xllcorner     150.975
yllcorner     -33.6
cellsize      0.025
NODATA_value  -9999
4.83 4.81 4.85 4.88 4.85 4.82 4.82 4.87 4.93 5.04 5.16 5.21 5.23 5.34 5.38 5.44 5.44 5.52 5.58 5.65 5.71 5.77 5.82 5.88 5.94 6.00 6.05 
4.88 4.88 4.89 4.92 4.93 4.92 4.91 4.95 5.02 5.13 5.25 5.34 5.35 5.38 5.46 5.43 5.49 5.57 5.65 5.71 5.77 5.83 5.89 5.94 5.99 6.04 6.09 
4.88 4.91 4.96 4.97 4.96 4.98 5.00 5.02 5.13 5.20 5.29 5.35 5.37 5.37 5.48 5.55 5.55 5.61 5.70 5.77 5.83 5.89 5.94 6.00 6.04 6.09 6.14 
4.94 4.95 5.00 4.96 4.98 5.01 5.09 5.10 5.14 5.23 5.31 5.35 5.41 5.45 5.53 5.55 5.61 5.69 5.77 5.84 5.90 5.95 6.00 6.05 6.10 6.14 6.19 
4.96 4.97 5.02 5.00 5.04 5.08 5.13 5.17 5.26 5.36 5.36 5.36 5.47 5.48 5.56 5.60 5.67 5.76 5.83 5.90 5.96 6.01 6.06 6.10 6.15 6.19 6.23 
4.97 5.03 5.04 5.04 5.11 5.12 5.15 5.20 5.32 5.43 5.40 5.44 5.49 5.54 5.61 5.68 5.74 5.81 5.88 5.97 6.03 6.08 6.12 6.16 6.20 6.24 6.28 
4.98 5.03 5.05 5.08 5.16 5.16 5.22 5.28 5.38 5.50 5.48 5.49 5.52 5.64 5.66 5.75 5.82 5.88 5.96 6.03 6.09 6.13 6.17 6.21 6.25 6.28 6.32 
5.00 5.07 5.13 5.18 5.23 5.20 5.28 5.39 5.48 5.57 5.53 5.51 5.58 5.64 5.73 5.79 5.89 5.97 6.03 6.10 6.15 6.19 6.22 6.25 6.29 6.33 0.00 
5.03 5.12 5.15 5.23 5.25 5.27 5.30 5.47 5.51 5.63 5.69 5.64 5.64 5.69 5.77 5.86 5.95 6.03 6.11 6.16 6.20 6.23 6.26 6.30 6.33 6.36 0.00 
5.06 5.10 5.18 5.23 5.30 5.30 5.33 5.43 5.49 5.69 5.74 5.75 5.82 5.76 5.83 5.91 6.01 6.10 6.17 6.21 6.25 6.28 6.31 6.34 0.00 0.00 0.00 
5.08 5.12 5.17 5.19 5.33 5.33 5.40 5.53 5.62 5.77 5.85 5.75 5.76 5.91 5.89 5.95 6.04 6.14 6.21 6.25 6.28 6.31 6.35 6.38 6.41 0.00 0.00 
5.08 5.12 5.20 5.28 5.38 5.37 5.40 5.58 5.73 5.75 5.91 5.94 5.83 5.88 5.93 5.99 6.07 6.16 6.22 6.27 6.31 6.35 6.38 0.00 0.00 0.00 0.00 
5.10 5.17 5.24 5.34 5.40 5.40 5.42 5.62 5.74 5.71 5.91 5.93 6.01 5.88 5.95 6.01 6.09 6.17 6.24 6.29 6.34 6.38 0.00 0.00 0.00 0.00 0.00 
5.12 5.18 5.23 5.34 5.38 5.42 5.47 5.62 5.72 5.75 5.88 5.88 6.04 5.99 6.00 6.04 6.12 6.20 6.26 6.31 6.37 6.41 0.00 0.00 0.00 0.00 0.00 
5.13 5.18 5.24 5.34 5.42 5.49 5.49 5.58 5.75 5.73 5.81 5.94 6.05 5.98 5.98 6.05 6.14 6.22 6.29 6.34 6.40 0.00 0.00 0.00 0.00 0.00 0.00 
5.18 5.21 5.26 5.35 5.47 5.50 5.52 5.60 5.68 5.80 5.82 5.91 6.05 6.01 5.99 6.08 6.19 6.22 6.30 6.36 6.45 0.00 0.00 0.00 0.00 0.00 0.00 
5.22 5.26 5.30 5.36 5.43 5.57 5.60 5.60 5.75 5.84 5.85 5.88 6.03 6.02 6.02 6.10 6.17 6.25 6.31 6.38 0.00 0.00 0.00 0.00 0.00 0.00 0.00 
5.25 5.30 5.34 5.39 5.46 5.52 5.58 5.64 5.80 5.84 5.86 6.00 6.07 6.04 6.07 6.15 6.23 6.29 6.35 0.00 0.00 0.00 0.00 0.00 0.00 0.00 0.00 
5.29 5.34 5.42 5.48 5.55 5.63 5.63 5.73 5.85 5.85 5.92 6.00 6.09 6.06 6.12 6.19 6.27 6.34 6.41 0.00 0.00 0.00 0.00 0.00 0.00 0.00 0.00 
5.34 5.40 5.47 5.55 5.59 5.63 5.70 5.72 5.79 5.90 5.96 6.08 6.15 6.12 6.18 6.28 6.36 6.43 6.48 0.00 0.00 0.00 0.00 0.00 0.00 0.00 0.00 
5.39 5.48 5.51 5.56 5.62 5.69 5.72 5.79 5.87 5.90 5.97 6.08 6.21 6.18 6.28 6.33 6.40 6.45 0.00 0.00 0.00 0.00 0.00 0.00 0.00 0.00 0.00 
5.44 5.53 5.59 5.65 5.72 5.76 5.80 5.88 6.00 6.01 6.05 6.16 6.30 6.34 0.00 0.00 0.00 0.00 0.00 0.00 0.00 0.00 0.00 0.00 0.00 0.00 0.00 
5.50 5.58 5.65 5.72 5.75 5.78 5.86 5.97 6.07 6.14 6.22 6.25 6.35 6.39 6.38 0.00 0.00 0.00 0.00 0.00 0.00 0.00 0.00 0.00 0.00 0.00 0.00 
