2016_CCC_ARR_IFD/catchment_depth_5760min_00050aep.txt.asc
ncols         27
nrows         23
xllcorner     150.975
yllcorner     -33.6
cellsize      0.025
NODATA_value  -9999
519 514 542 558 543 525 517 541 565 604 650 666 669 708 717 736 720 709 726 742 751 766 779 777 774 771 768 
542 541 548 566 565 558 546 559 589 632 677 714 706 710 740 712 713 716 728 742 755 764 769 770 771 768 766 
529 552 575 576 568 571 571 577 621 646 678 701 697 691 734 758 739 738 741 748 755 760 762 765 770 769 767 
558 560 586 552 560 566 601 598 609 642 672 680 698 708 737 727 738 733 743 748 760 762 764 767 767 771 782 
562 561 586 555 574 587 604 616 648 688 678 667 711 700 732 724 747 739 747 758 761 762 760 765 767 774 775 
553 588 581 558 597 591 593 613 660 697 681 690 699 710 733 716 743 755 764 753 757 761 762 762 770 778 769 
539 568 562 571 609 594 615 637 674 714 699 699 686 743 736 716 739 759 762 757 757 760 762 762 769 780 788 
537 587 605 620 634 600 634 673 701 733 707 688 707 725 751 748 739 742 753 752 752 759 760 755 759 762 0.00 
554 603 610 638 629 628 630 699 704 745 761 735 724 726 749 744 740 744 746 751 755 752 752 752 755 754 0.00 
570 575 616 625 645 633 632 671 689 758 770 766 785 750 741 756 738 743 746 755 755 750 750 752 0.00 0.00 0.00 
568 580 596 589 654 639 658 704 730 782 804 758 754 798 775 779 753 747 747 749 749 749 754 757 757 0.00 0.00 
554 571 602 631 670 649 645 715 765 765 816 815 768 774 779 780 778 761 750 750 751 751 754 0.00 0.00 0.00 0.00 
562 593 619 652 666 652 644 727 762 743 804 805 824 765 773 770 764 770 756 753 753 753 0.00 0.00 0.00 0.00 0.00 
567 588 602 645 647 649 660 717 745 746 785 777 825 795 786 778 784 792 772 758 761 754 0.00 0.00 0.00 0.00 0.00 
553 573 589 630 658 675 658 688 747 732 753 789 815 786 777 781 788 796 795 771 779 0.00 0.00 0.00 0.00 0.00 0.00 
581 581 588 628 669 671 660 685 707 745 745 766 805 785 780 786 798 777 782 769 809 0.00 0.00 0.00 0.00 0.00 0.00 
594 598 593 611 638 690 687 664 726 748 742 743 783 776 777 780 776 775 761 756 0.00 0.00 0.00 0.00 0.00 0.00 0.00 
596 610 612 610 633 651 657 672 733 734 726 768 778 764 753 771 776 772 755 0.00 0.00 0.00 0.00 0.00 0.00 0.00 0.00 
595 614 643 656 675 693 667 704 738 719 731 745 763 734 738 746 756 763 763 0.00 0.00 0.00 0.00 0.00 0.00 0.00 0.00 
601 629 656 677 679 671 690 667 680 716 721 749 757 719 721 749 762 767 767 0.00 0.00 0.00 0.00 0.00 0.00 0.00 0.00 
620 662 656 665 674 686 671 686 701 675 683 716 748 704 726 726 738 735 0.00 0.00 0.00 0.00 0.00 0.00 0.00 0.00 0.00 
628 672 690 705 714 710 691 705 738 708 686 709 752 739 0.00 0.00 0.00 0.00 0.00 0.00 0.00 0.00 0.00 0.00 0.00 0.00 0.00 
644 682 706 727 712 685 695 730 742 739 740 706 732 708 677 0.00 0.00 0.00 0.00 0.00 0.00 0.00 0.00 0.00 0.00 0.00 0.00 
