2016_CCC_ARR_IFD/catchment_depth_1800min_39347aep.txt.asc
ncols         27
nrows         23
xllcorner     150.975
yllcorner     -33.6
cellsize      0.025
NODATA_value  -9999
92.3 91.6 96.1 98.7 96.2 93.2 91.8 95.3 98.5 105 112 114 113 120 121 123 118 111 113 115 115 117 120 119 119 120 120 
96.0 96.1 97.3 100 100 98.9 96.6 98.4 103 110 117 123 120 120 125 117 115 113 113 115 116 118 119 119 120 120 121 
93.9 97.8 102 102 101 101 101 102 109 113 117 121 119 116 124 128 121 118 116 116 117 118 119 120 121 122 122 
98.7 99.2 104 98.1 99.4 100 106 105 107 112 117 117 119 120 124 120 120 117 118 118 119 120 121 122 122 123 125 
99.3 99.3 104 98.6 102 104 107 109 114 121 118 114 122 117 123 119 122 119 120 121 121 122 122 123 124 125 126 
97.7 104 103 99.0 106 105 104 108 116 123 118 119 119 120 123 118 122 124 125 122 123 123 124 124 126 127 126 
95.4 100 99.5 101 108 105 108 112 119 126 122 120 116 127 124 120 123 126 126 125 125 125 126 126 127 129 131 
95.1 104 107 109 112 106 112 119 123 129 123 118 121 123 127 126 124 125 126 126 126 127 127 126 127 128 0.00 
97.9 106 108 112 111 111 111 123 123 130 133 127 124 124 128 126 126 126 127 127 128 127 127 128 128 128 0.00 
100 102 109 110 114 112 111 118 121 132 134 133 136 129 127 129 127 128 129 130 129 129 129 129 0.00 0.00 0.00 
100 102 105 104 115 113 116 124 128 136 140 132 131 138 134 134 130 130 130 130 130 130 131 131 132 0.00 0.00 
97.8 101 106 111 118 115 114 126 134 134 142 141 134 134 135 135 135 132 131 131 131 131 132 0.00 0.00 0.00 0.00 
99.2 105 109 115 117 115 114 128 134 130 140 140 144 133 135 134 133 135 132 132 132 132 0.00 0.00 0.00 0.00 0.00 
100 104 106 114 114 115 117 126 131 131 138 137 144 139 138 136 137 139 136 133 134 133 0.00 0.00 0.00 0.00 0.00 
98.2 102 105 111 116 120 117 122 132 130 133 139 144 139 136 137 139 140 140 136 138 0.00 0.00 0.00 0.00 0.00 0.00 
102 103 105 111 118 119 118 122 126 133 133 136 143 139 137 138 141 137 138 136 144 0.00 0.00 0.00 0.00 0.00 0.00 
104 105 105 109 114 122 123 120 130 134 133 133 140 138 137 138 137 138 136 135 0.00 0.00 0.00 0.00 0.00 0.00 0.00 
104 107 108 109 113 117 119 122 132 132 131 138 140 137 134 137 139 138 135 0.00 0.00 0.00 0.00 0.00 0.00 0.00 0.00 
105 108 113 116 120 124 121 127 133 131 133 136 139 132 133 134 136 138 138 0.00 0.00 0.00 0.00 0.00 0.00 0.00 0.00 
106 110 115 119 121 121 125 122 125 132 133 137 139 131 131 136 139 140 139 0.00 0.00 0.00 0.00 0.00 0.00 0.00 0.00 
109 116 116 118 120 124 123 126 130 125 127 133 138 130 134 134 136 135 0.00 0.00 0.00 0.00 0.00 0.00 0.00 0.00 0.00 
110 117 121 124 127 127 126 130 135 132 129 133 140 138 0.00 0.00 0.00 0.00 0.00 0.00 0.00 0.00 0.00 0.00 0.00 0.00 0.00 
113 119 124 128 127 124 127 133 136 137 138 133 137 133 127 0.00 0.00 0.00 0.00 0.00 0.00 0.00 0.00 0.00 0.00 0.00 0.00 
