2016_CCC_ARR_IFD/catchment_depth_2880min_00200aep.txt.asc
ncols         27
nrows         23
xllcorner     150.975
yllcorner     -33.6
cellsize      0.025
NODATA_value  -9999
376 374 394 405 396 385 380 397 414 442 474 485 488 514 521 533 523 512 523 534 540 551 560 559 558 557 555 
391 392 398 411 411 408 400 410 431 461 492 517 513 516 536 516 515 516 523 532 541 548 552 554 555 554 553 
383 399 416 418 414 417 418 423 454 472 494 509 508 502 532 548 535 530 531 534 540 544 547 550 554 554 552 
403 405 423 403 409 414 439 437 446 469 490 495 508 515 535 525 532 526 532 535 543 545 548 551 552 555 562 
406 406 424 406 419 429 442 451 473 501 495 486 517 507 530 522 538 530 535 543 545 545 545 549 551 556 557 
400 425 422 408 435 432 434 449 483 509 497 503 508 515 530 517 534 543 548 540 543 545 547 547 552 559 552 
392 412 410 417 444 435 450 466 492 521 510 509 498 539 533 517 532 546 547 543 543 546 547 547 552 559 566 
391 426 439 450 461 439 464 491 512 534 516 501 514 525 543 540 533 535 542 541 541 545 546 542 545 548 0.00 
403 436 443 463 458 458 460 509 514 543 554 535 526 527 542 538 535 537 539 542 544 540 540 540 542 542 0.00 
413 418 447 455 470 462 462 490 503 551 560 558 570 544 537 547 534 538 540 545 544 540 539 540 0.00 0.00 0.00 
413 422 434 431 476 467 481 513 532 568 583 552 548 579 562 564 545 541 541 542 541 540 542 544 544 0.00 0.00 
404 417 439 460 487 475 472 521 556 557 592 591 559 562 565 564 562 551 543 542 542 541 543 0.00 0.00 0.00 0.00 
410 432 451 474 485 477 472 530 555 541 584 585 598 555 561 557 553 557 547 544 544 543 0.00 0.00 0.00 0.00 0.00 
414 430 440 470 473 476 484 524 543 544 571 565 600 578 570 563 567 573 558 548 549 544 0.00 0.00 0.00 0.00 0.00 
406 421 432 461 481 494 483 504 545 535 550 574 593 572 563 565 570 576 575 558 563 0.00 0.00 0.00 0.00 0.00 0.00 
425 426 433 460 489 492 486 503 518 545 545 560 587 571 563 569 578 562 565 556 585 0.00 0.00 0.00 0.00 0.00 0.00 
434 438 436 450 470 505 505 489 532 549 544 543 572 565 561 563 561 561 551 547 0.00 0.00 0.00 0.00 0.00 0.00 0.00 
437 446 450 450 467 480 485 497 539 540 534 563 569 556 546 558 563 560 548 0.00 0.00 0.00 0.00 0.00 0.00 0.00 0.00 
438 451 471 482 496 509 494 519 543 531 539 548 560 535 537 543 550 554 554 0.00 0.00 0.00 0.00 0.00 0.00 0.00 0.00 
442 462 481 496 500 496 510 495 504 529 533 552 556 527 527 547 556 559 558 0.00 0.00 0.00 0.00 0.00 0.00 0.00 0.00 
457 485 483 490 498 507 498 509 520 501 506 530 551 518 533 532 540 537 0.00 0.00 0.00 0.00 0.00 0.00 0.00 0.00 0.00 
463 493 506 518 524 523 512 523 545 525 509 525 554 544 0.00 0.00 0.00 0.00 0.00 0.00 0.00 0.00 0.00 0.00 0.00 0.00 0.00 
475 501 518 532 524 507 515 539 548 546 547 523 541 523 500 0.00 0.00 0.00 0.00 0.00 0.00 0.00 0.00 0.00 0.00 0.00 0.00 
