2016_CCC_ARR_IFD/catchment_depth_30min_99752aep.txt.asc
ncols         27
nrows         23
xllcorner     150.975
yllcorner     -33.6
cellsize      0.025
NODATA_value  -9999
7.38 7.36 7.47 7.55 7.49 7.42 7.42 7.52 7.64 7.85 8.10 8.19 8.22 8.44 8.50 8.61 8.56 8.57 8.69 8.80 8.90 9.02 9.13 9.23 9.33 9.42 9.52 
7.47 7.48 7.51 7.59 7.60 7.59 7.56 7.64 7.78 8.01 8.24 8.43 8.43 8.47 8.64 8.51 8.56 8.64 8.75 8.86 8.97 9.08 9.19 9.29 9.38 9.48 9.57 
7.44 7.52 7.63 7.65 7.64 7.67 7.69 7.74 7.96 8.11 8.27 8.40 8.41 8.39 8.63 8.77 8.70 8.74 8.83 8.93 9.04 9.15 9.25 9.34 9.44 9.54 9.63 
7.54 7.57 7.68 7.58 7.63 7.68 7.85 7.86 7.93 8.11 8.28 8.33 8.43 8.50 8.67 8.63 8.72 8.79 8.90 9.01 9.12 9.22 9.32 9.41 9.50 9.60 9.70 
7.57 7.59 7.70 7.62 7.71 7.79 7.89 7.96 8.14 8.36 8.33 8.26 8.52 8.47 8.66 8.66 8.80 8.87 8.98 9.10 9.20 9.29 9.38 9.47 9.56 9.66 9.75 
7.55 7.69 7.70 7.65 7.82 7.83 7.85 7.96 8.22 8.44 8.34 8.40 8.46 8.54 8.68 8.70 8.84 8.96 9.07 9.17 9.28 9.37 9.45 9.53 9.63 9.73 9.79 
7.52 7.64 7.65 7.72 7.89 7.85 7.96 8.09 8.30 8.54 8.45 8.45 8.42 8.73 8.72 8.76 8.90 9.03 9.14 9.25 9.35 9.43 9.51 9.59 9.69 9.78 9.88 
7.53 7.71 7.81 7.91 8.00 7.88 8.06 8.28 8.45 8.64 8.49 8.40 8.51 8.63 8.81 8.87 8.96 9.08 9.20 9.31 9.40 9.49 9.57 9.64 9.72 9.81 0.00 
7.58 7.78 7.84 7.99 7.99 8.01 8.04 8.41 8.46 8.71 8.82 8.66 8.60 8.66 8.82 8.91 9.02 9.15 9.27 9.37 9.46 9.53 9.61 9.69 9.77 9.85 0.00 
7.64 7.69 7.88 7.95 8.07 8.04 8.06 8.27 8.37 8.78 8.87 8.85 8.99 8.79 8.84 8.98 9.07 9.21 9.33 9.43 9.51 9.58 9.65 9.74 0.00 0.00 0.00 
7.64 7.71 7.81 7.81 8.12 8.07 8.18 8.44 8.61 8.92 9.07 8.80 8.79 9.10 8.99 9.08 9.13 9.26 9.37 9.46 9.54 9.62 9.71 9.79 9.88 0.00 0.00 
7.60 7.69 7.84 7.99 8.20 8.13 8.13 8.51 8.81 8.83 9.15 9.17 8.89 8.96 9.03 9.11 9.20 9.29 9.39 9.48 9.57 9.66 9.75 0.00 0.00 0.00 0.00 
7.64 7.79 7.92 8.10 8.19 8.15 8.14 8.58 8.80 8.70 9.09 9.12 9.28 8.91 9.02 9.09 9.19 9.32 9.41 9.50 9.60 9.69 0.00 0.00 0.00 0.00 0.00 
7.67 7.78 7.87 8.09 8.12 8.15 8.23 8.54 8.71 8.74 9.00 8.96 9.31 9.13 9.11 9.13 9.26 9.40 9.46 9.54 9.65 9.73 0.00 0.00 0.00 0.00 0.00 
7.63 7.73 7.83 8.04 8.19 8.30 8.23 8.40 8.75 8.67 8.81 9.07 9.28 9.09 9.04 9.15 9.30 9.46 9.56 9.60 9.73 0.00 0.00 0.00 0.00 0.00 0.00 
7.77 7.79 7.85 8.05 8.26 8.30 8.27 8.41 8.54 8.78 8.80 8.95 9.26 9.13 9.06 9.20 9.41 9.43 9.57 9.65 9.90 0.00 0.00 0.00 0.00 0.00 0.00 
7.86 7.90 7.90 8.00 8.15 8.41 8.42 8.37 8.68 8.84 8.83 8.86 9.17 9.12 9.11 9.24 9.36 9.49 9.58 9.69 0.00 0.00 0.00 0.00 0.00 0.00 0.00 
7.90 7.99 8.01 8.04 8.16 8.27 8.34 8.44 8.77 8.81 8.81 9.11 9.22 9.14 9.18 9.33 9.47 9.57 9.65 0.00 0.00 0.00 0.00 0.00 0.00 0.00 0.00 
7.92 8.02 8.17 8.25 8.37 8.49 8.42 8.62 8.84 8.80 8.92 9.06 9.23 9.16 9.27 9.40 9.53 9.67 9.78 0.00 0.00 0.00 0.00 0.00 0.00 0.00 0.00 
7.98 8.10 8.24 8.36 8.42 8.43 8.56 8.55 8.65 8.86 8.97 9.20 9.33 9.26 9.37 9.56 9.72 9.84 9.93 0.00 0.00 0.00 0.00 0.00 0.00 0.00 0.00 
8.08 8.25 8.28 8.36 8.44 8.55 8.57 8.68 8.80 8.84 8.97 9.18 9.43 9.37 9.55 9.65 9.79 9.87 0.00 0.00 0.00 0.00 0.00 0.00 0.00 0.00 0.00 
8.16 8.33 8.43 8.54 8.64 8.69 8.71 8.84 9.08 9.05 9.11 9.32 9.60 9.67 0.00 0.00 0.00 0.00 0.00 0.00 0.00 0.00 0.00 0.00 0.00 0.00 0.00 
8.26 8.41 8.53 8.66 8.68 8.70 8.82 9.03 9.20 9.31 9.46 9.48 9.70 9.75 9.76 0.00 0.00 0.00 0.00 0.00 0.00 0.00 0.00 0.00 0.00 0.00 0.00 
