2016_CCC_ARR_IFD/catchment_depth_1440min_86466aep.txt.asc
ncols         27
nrows         23
xllcorner     150.975
yllcorner     -33.6
cellsize      0.025
NODATA_value  -9999
51.8 51.4 53.7 55.0 53.7 52.2 51.5 53.2 54.8 57.9 61.6 62.5 62.3 65.6 66.0 67.3 64.5 61.3 62.2 63.1 63.6 64.8 65.9 66.0 66.2 66.5 66.8 
53.6 53.7 54.2 55.7 55.6 55.0 53.9 54.8 57.0 60.4 64.0 67.0 65.9 65.8 68.3 64.1 62.8 62.1 62.6 63.3 64.3 65.1 65.8 66.2 66.7 67.0 67.4 
52.5 54.5 56.5 56.6 55.9 56.2 56.0 56.4 59.9 61.9 64.3 65.9 65.1 63.5 67.5 69.5 66.2 64.3 64.1 64.1 64.9 65.6 66.1 66.7 67.4 67.8 68.1 
54.9 55.1 57.3 54.6 55.2 55.7 58.7 58.2 58.9 61.5 63.9 64.0 65.1 65.3 67.7 65.4 65.6 64.4 64.9 65.2 66.1 66.5 67.1 67.6 68.0 68.7 69.8 
55.1 55.1 57.3 54.8 56.4 57.5 58.9 59.8 62.5 65.8 64.5 62.5 66.3 64.2 66.9 65.1 66.7 65.6 66.1 66.9 67.2 67.5 67.7 68.4 68.8 69.7 70.1 
54.2 57.3 56.8 55.0 58.3 57.8 57.7 59.4 63.7 66.9 64.5 64.8 65.0 65.4 67.0 65.1 66.9 67.7 68.3 67.7 68.1 68.5 68.8 69.1 69.9 70.8 70.4 
53.0 55.6 55.2 56.0 59.3 58.0 59.7 61.5 64.8 68.4 66.2 65.6 64.1 68.9 67.6 66.0 67.5 68.9 69.2 69.0 69.2 69.5 69.8 70.1 70.8 71.8 72.6 
52.8 57.1 58.7 60.1 61.4 58.4 61.4 64.7 67.1 69.7 66.9 64.9 66.2 67.4 69.3 69.0 68.5 68.9 69.8 69.8 69.9 70.5 70.8 70.5 71.0 71.4 0.00 
54.2 58.3 59.1 61.5 60.9 60.8 61.0 66.9 67.1 70.6 71.7 69.1 68.0 68.1 69.8 69.5 69.6 70.1 70.4 70.9 71.1 71.0 71.1 71.2 71.6 71.6 0.00 
55.3 56.0 59.5 60.4 62.2 61.3 61.2 64.5 65.9 71.4 72.3 71.9 73.3 70.4 69.9 71.1 70.2 71.0 71.5 72.1 72.1 71.8 71.8 72.1 0.00 0.00 0.00 
55.2 56.3 57.8 57.5 62.8 61.8 63.4 67.2 69.3 73.4 75.1 71.5 71.2 74.6 72.9 73.3 72.0 72.0 72.3 72.4 72.3 72.4 72.9 73.3 73.4 0.00 0.00 
54.0 55.6 58.3 60.9 64.2 62.7 62.6 68.2 72.1 72.2 76.0 76.0 72.7 73.3 73.8 74.0 74.1 73.4 72.8 72.9 73.0 73.1 73.4 0.00 0.00 0.00 0.00 
54.6 57.3 59.6 62.5 63.8 63.1 62.7 69.2 72.1 70.8 75.4 75.7 77.3 73.0 73.8 73.8 73.6 74.4 73.5 73.4 73.6 73.6 0.00 0.00 0.00 0.00 0.00 
55.0 56.9 58.3 62.0 62.5 63.0 64.2 68.7 71.1 71.5 74.5 74.2 77.8 75.8 75.3 74.8 75.5 76.3 75.1 74.1 74.5 74.1 0.00 0.00 0.00 0.00 0.00 
54.0 55.8 57.5 60.9 63.4 65.1 64.3 67.0 71.6 70.9 72.7 75.5 77.6 75.7 74.8 75.3 76.2 77.0 77.2 75.5 76.3 0.00 0.00 0.00 0.00 0.00 0.00 
56.0 56.4 57.5 60.8 64.3 65.0 64.8 67.1 69.2 72.3 72.6 74.4 77.4 76.1 75.2 76.1 77.5 75.8 76.5 75.6 79.0 0.00 0.00 0.00 0.00 0.00 0.00 
56.8 57.5 57.9 59.8 62.3 66.6 67.0 66.0 71.0 73.0 73.0 73.2 76.4 75.9 75.1 75.8 75.8 76.0 75.1 74.9 0.00 0.00 0.00 0.00 0.00 0.00 0.00 
57.0 58.4 59.3 59.9 62.2 64.2 65.4 67.1 71.9 72.6 72.4 75.8 76.7 75.4 74.0 75.8 76.5 76.3 75.0 0.00 0.00 0.00 0.00 0.00 0.00 0.00 0.00 
57.2 58.9 61.5 63.2 65.3 67.3 66.5 69.8 72.7 72.3 73.6 74.8 76.2 73.4 73.5 74.4 75.4 76.1 76.3 0.00 0.00 0.00 0.00 0.00 0.00 0.00 0.00 
57.7 60.2 62.7 64.9 65.9 66.3 68.5 67.8 69.5 72.8 73.6 75.7 76.4 72.9 72.9 75.5 76.7 77.2 77.2 0.00 0.00 0.00 0.00 0.00 0.00 0.00 0.00 
59.2 62.7 62.9 64.3 65.8 67.6 67.6 69.7 71.8 69.9 70.9 73.9 76.3 72.3 74.3 74.2 75.3 74.9 0.00 0.00 0.00 0.00 0.00 0.00 0.00 0.00 0.00 
59.9 63.5 65.4 67.2 68.6 69.4 69.3 71.3 74.2 73.3 71.8 73.9 77.0 76.2 0.00 0.00 0.00 0.00 0.00 0.00 0.00 0.00 0.00 0.00 0.00 0.00 0.00 
61.2 64.3 66.7 68.9 68.7 68.0 69.7 73.0 74.7 75.3 75.9 74.0 76.0 74.2 71.1 0.00 0.00 0.00 0.00 0.00 0.00 0.00 0.00 0.00 0.00 0.00 0.00 
