2016_CCC_ARR_IFD/catchment_depth_5min_99999aep.txt.asc
ncols         27
nrows         23
xllcorner     150.975
yllcorner     -33.6
cellsize      0.025
NODATA_value  -9999
2.24 2.23 2.27 2.29 2.28 2.27 2.28 2.32 2.36 2.42 2.49 2.53 2.55 2.62 2.65 2.69 2.71 2.78 2.83 2.88 2.93 2.97 3.01 3.05 3.10 3.14 3.18 
2.27 2.28 2.29 2.32 2.33 2.33 2.34 2.37 2.41 2.48 2.55 2.61 2.62 2.65 2.70 2.71 2.76 2.83 2.88 2.93 2.97 3.01 3.05 3.10 3.14 3.18 3.21 
2.28 2.30 2.34 2.35 2.35 2.37 2.39 2.41 2.48 2.53 2.58 2.63 2.65 2.67 2.73 2.78 2.80 2.85 2.92 2.97 3.02 3.06 3.10 3.14 3.18 3.21 3.25 
2.32 2.33 2.37 2.34 2.37 2.39 2.45 2.46 2.50 2.55 2.61 2.64 2.68 2.72 2.77 2.80 2.85 2.91 2.97 3.02 3.06 3.10 3.14 3.18 3.21 3.25 3.28 
2.33 2.34 2.38 2.37 2.40 2.44 2.48 2.51 2.57 2.64 2.65 2.66 2.73 2.75 2.81 2.85 2.90 2.96 3.01 3.06 3.11 3.15 3.18 3.22 3.25 3.29 3.32 
2.34 2.39 2.40 2.39 2.45 2.46 2.49 2.53 2.61 2.68 2.68 2.72 2.75 2.80 2.85 2.90 2.95 3.00 3.05 3.11 3.16 3.19 3.23 3.26 3.29 3.32 3.36 
2.34 2.38 2.39 2.42 2.48 2.49 2.54 2.59 2.66 2.73 2.73 2.76 2.78 2.86 2.89 2.95 3.00 3.05 3.11 3.16 3.20 3.24 3.27 3.30 3.33 3.36 3.39 
2.35 2.42 2.46 2.49 2.53 2.51 2.58 2.66 2.72 2.78 2.77 2.78 2.83 2.88 2.94 2.99 3.05 3.11 3.16 3.21 3.25 3.28 3.31 3.34 3.37 3.40 0.00 
2.37 2.45 2.48 2.53 2.54 2.57 2.59 2.71 2.75 2.83 2.88 2.86 2.87 2.92 2.98 3.04 3.10 3.16 3.21 3.25 3.29 3.32 3.35 3.37 3.40 3.43 0.00 
2.40 2.42 2.50 2.53 2.58 2.59 2.61 2.69 2.74 2.88 2.92 2.94 2.99 2.97 3.02 3.08 3.14 3.21 3.26 3.30 3.33 3.36 3.38 3.41 0.00 0.00 0.00 
2.41 2.44 2.48 2.49 2.61 2.61 2.67 2.76 2.83 2.94 2.99 2.95 2.97 3.06 3.07 3.12 3.18 3.25 3.30 3.33 3.36 3.39 3.42 3.44 3.47 0.00 0.00 
2.39 2.43 2.50 2.57 2.65 2.64 2.67 2.80 2.90 2.93 3.05 3.07 3.01 3.06 3.10 3.15 3.21 3.27 3.32 3.36 3.39 3.42 3.45 0.00 0.00 0.00 0.00 
2.41 2.48 2.54 2.62 2.66 2.67 2.68 2.84 2.92 2.91 3.05 3.08 3.13 3.07 3.13 3.18 3.23 3.29 3.34 3.39 3.42 3.45 0.00 0.00 0.00 0.00 0.00 
2.43 2.49 2.53 2.63 2.65 2.68 2.72 2.84 2.92 2.94 3.04 3.05 3.16 3.14 3.16 3.20 3.26 3.32 3.37 3.41 3.46 3.48 0.00 0.00 0.00 0.00 0.00 
2.41 2.47 2.53 2.62 2.69 2.74 2.75 2.82 2.94 2.95 3.01 3.10 3.18 3.15 3.17 3.22 3.29 3.35 3.40 3.45 3.49 0.00 0.00 0.00 0.00 0.00 0.00 
2.50 2.51 2.55 2.64 2.73 2.76 2.77 2.84 2.90 3.00 3.02 3.09 3.19 3.18 3.18 3.25 3.33 3.36 3.42 3.47 3.52 0.00 0.00 0.00 0.00 0.00 0.00 
2.55 2.58 2.58 2.64 2.71 2.81 2.84 2.85 2.96 3.03 3.05 3.08 3.19 3.20 3.21 3.27 3.33 3.39 3.43 3.48 0.00 0.00 0.00 0.00 0.00 0.00 0.00 
2.58 2.63 2.65 2.67 2.73 2.79 2.84 2.89 3.01 3.04 3.07 3.17 3.22 3.22 3.25 3.31 3.37 3.42 3.46 0.00 0.00 0.00 0.00 0.00 0.00 0.00 0.00 
2.60 2.65 2.72 2.76 2.81 2.87 2.88 2.96 3.05 3.06 3.12 3.18 3.24 3.24 3.29 3.34 3.40 3.46 3.51 0.00 0.00 0.00 0.00 0.00 0.00 0.00 0.00 
2.64 2.70 2.76 2.81 2.85 2.88 2.94 2.96 3.02 3.10 3.15 3.23 3.29 3.29 3.33 3.41 3.47 3.52 3.56 0.00 0.00 0.00 0.00 0.00 0.00 0.00 0.00 
2.69 2.76 2.78 2.83 2.88 2.93 2.96 3.02 3.08 3.11 3.17 3.25 3.34 3.33 3.40 3.45 3.50 3.54 0.00 0.00 0.00 0.00 0.00 0.00 0.00 0.00 0.00 
2.73 2.80 2.85 2.90 2.95 2.99 3.02 3.09 3.17 3.19 3.23 3.31 3.40 3.44 0.00 0.00 0.00 0.00 0.00 0.00 0.00 0.00 0.00 0.00 0.00 0.00 0.00 
2.78 2.84 2.90 2.95 2.98 3.02 3.07 3.16 3.22 3.28 3.34 3.37 3.44 3.48 3.49 0.00 0.00 0.00 0.00 0.00 0.00 0.00 0.00 0.00 0.00 0.00 0.00 
