2016_CCC_ARR_IFD/catchment_depth_20min_00500aep.txt.asc
ncols         27
nrows         23
xllcorner     150.975
yllcorner     -33.6
cellsize      0.025
NODATA_value  -9999
50.0 49.8 50.6 51.3 51.0 50.8 51.1 52.2 53.3 54.9 56.3 57.1 57.8 58.6 59.4 60.1 61.4 62.6 63.4 64.2 64.8 65.6 66.2 66.7 67.1 67.6 68.1 
50.3 50.3 50.6 51.3 51.6 51.7 51.8 52.7 54.0 55.6 56.8 57.6 58.4 59.2 59.8 61.2 62.4 63.2 63.9 64.7 65.4 66.0 66.6 67.1 67.6 68.1 68.5 
49.7 50.4 51.3 51.5 51.5 51.9 52.4 53.2 54.9 56.1 57.2 58.1 58.9 59.9 60.5 61.1 62.8 64.2 64.7 65.2 65.8 66.4 66.9 67.4 68.0 68.5 69.0 
50.3 50.4 51.4 50.3 50.9 51.6 53.2 53.8 54.8 56.2 57.5 58.4 59.4 60.5 61.2 62.7 63.8 64.5 65.2 65.6 66.3 66.8 67.4 67.9 68.4 68.9 69.5 
50.2 50.2 51.2 50.0 51.1 52.1 53.3 54.3 55.8 57.2 57.9 58.9 60.0 61.4 62.2 63.6 64.5 65.1 65.7 66.3 66.7 67.2 67.7 68.2 68.8 69.3 69.8 
49.7 51.0 50.7 49.6 51.8 52.1 53.0 54.3 56.3 57.7 58.4 59.6 60.9 62.1 63.1 64.0 65.1 65.9 66.5 66.5 66.9 67.5 68.1 68.6 69.2 69.7 70.0 
49.5 50.1 49.9 50.3 52.2 52.3 53.6 55.1 56.8 58.2 59.0 60.3 61.6 62.4 63.9 64.4 65.5 66.4 66.9 67.1 67.4 67.9 68.5 69.0 69.5 70.0 70.5 
49.8 50.8 51.6 52.3 53.2 52.8 54.3 56.1 57.5 58.7 59.7 61.1 62.5 63.7 64.4 65.5 66.0 66.5 67.1 67.5 67.8 68.4 68.9 69.2 69.7 70.1 0.00 
50.1 51.4 51.8 53.0 53.1 53.7 54.6 56.9 57.8 59.2 60.2 61.5 63.2 64.3 65.2 65.8 66.3 66.9 67.4 67.9 68.3 68.7 69.1 69.5 69.9 70.2 0.00 
50.6 50.9 52.2 52.8 53.8 54.1 55.0 56.6 58.0 59.7 60.8 61.9 62.9 64.7 65.4 66.3 66.5 67.2 67.8 68.4 68.7 69.0 69.4 69.8 0.00 0.00 0.00 
50.8 51.3 52.0 52.4 54.2 54.6 55.7 57.4 58.7 60.2 61.2 62.3 63.7 64.3 65.7 66.6 67.0 67.5 68.0 68.4 68.7 69.1 69.6 70.1 70.4 0.00 0.00 
50.8 51.4 52.4 53.5 54.8 55.0 55.8 57.8 59.3 60.3 61.6 62.6 63.8 64.9 65.9 66.7 67.5 67.8 68.0 68.4 68.8 69.2 69.6 0.00 0.00 0.00 0.00 
51.1 52.0 53.0 54.1 54.9 55.3 56.0 58.1 59.5 60.3 61.7 62.7 63.6 64.9 65.9 66.6 67.1 67.9 68.0 68.3 68.8 69.1 0.00 0.00 0.00 0.00 0.00 
51.3 52.1 52.8 54.2 54.7 55.4 56.4 58.1 59.4 60.4 61.7 62.8 63.6 64.8 65.9 66.7 67.4 68.1 68.2 68.3 68.8 69.0 0.00 0.00 0.00 0.00 0.00 
51.1 51.9 52.6 54.0 55.1 56.0 56.4 57.7 59.5 60.3 61.5 62.7 63.6 64.8 65.7 66.5 67.3 67.9 68.4 68.4 69.0 0.00 0.00 0.00 0.00 0.00 0.00 
51.8 52.1 52.7 54.0 55.4 56.0 56.4 57.6 58.9 60.3 61.3 62.5 63.5 64.6 65.6 66.4 67.1 67.3 68.0 68.1 68.9 0.00 0.00 0.00 0.00 0.00 0.00 
52.2 52.7 52.8 53.6 54.7 56.3 56.9 57.1 59.1 60.2 61.0 61.9 63.3 64.2 64.7 65.8 66.3 67.0 67.1 67.4 0.00 0.00 0.00 0.00 0.00 0.00 0.00 
52.3 53.0 53.3 53.4 54.5 55.4 56.1 57.1 59.1 59.9 60.5 62.0 63.0 63.7 63.8 65.2 66.0 66.6 66.5 0.00 0.00 0.00 0.00 0.00 0.00 0.00 0.00 
52.0 52.9 53.9 54.5 55.3 56.2 56.2 57.6 59.0 59.4 60.4 61.4 62.5 62.5 63.2 64.1 65.1 65.9 66.4 0.00 0.00 0.00 0.00 0.00 0.00 0.00 0.00 
51.8 53.0 53.9 54.7 55.3 55.5 56.5 56.5 57.5 59.1 59.9 61.2 62.1 61.8 62.5 63.9 64.8 65.5 66.0 0.00 0.00 0.00 0.00 0.00 0.00 0.00 0.00 
52.0 53.4 53.6 54.2 54.8 55.6 55.8 56.8 57.8 57.7 58.6 60.2 61.6 61.1 62.4 63.0 63.9 64.3 0.00 0.00 0.00 0.00 0.00 0.00 0.00 0.00 0.00 
51.9 53.3 54.0 54.8 55.4 55.9 56.0 57.0 58.4 58.4 58.5 59.8 61.3 61.8 0.00 0.00 0.00 0.00 0.00 0.00 0.00 0.00 0.00 0.00 0.00 0.00 0.00 
51.9 53.1 54.0 54.9 55.0 54.9 55.7 57.2 58.1 58.8 59.5 59.5 60.7 60.8 60.5 0.00 0.00 0.00 0.00 0.00 0.00 0.00 0.00 0.00 0.00 0.00 0.00 
