2016_CCC_ARR_IFD/catchment_depth_4320min_00100aep.txt.asc
ncols         27
nrows         23
xllcorner     150.975
yllcorner     -33.6
cellsize      0.025
NODATA_value  -9999
460 457 481 495 483 467 460 482 502 537 578 591 594 628 635 652 638 625 639 653 660 674 685 683 681 678 675 
480 480 487 503 502 497 486 497 524 561 601 633 626 630 656 630 629 631 640 652 663 671 675 677 677 675 674 
469 489 510 511 505 508 508 513 552 574 602 622 619 612 650 671 653 650 651 655 662 667 669 672 676 676 674 
495 497 519 491 498 504 535 532 542 570 597 603 619 628 652 642 651 645 652 656 666 668 670 673 674 677 687 
498 498 520 494 510 522 537 548 576 611 602 592 630 619 648 639 659 650 656 666 668 668 667 672 673 680 680 
491 521 516 497 531 526 527 546 587 620 604 612 619 629 648 632 655 665 672 661 665 668 669 669 676 683 675 
479 504 500 508 542 529 548 567 599 635 621 620 607 658 651 632 651 668 670 665 665 667 669 669 675 684 692 
478 521 537 551 564 534 564 598 623 651 628 610 626 641 664 661 652 654 663 661 661 666 668 663 667 670 0.00 
493 535 542 566 560 559 560 621 626 662 676 652 642 643 662 657 653 656 657 661 664 661 661 661 664 663 0.00 
506 511 547 556 574 563 562 597 613 673 684 680 696 664 656 668 651 655 658 665 664 660 660 661 0.00 0.00 0.00 
505 516 530 525 581 569 585 626 649 694 713 673 668 707 686 689 665 660 659 660 660 659 663 665 666 0.00 0.00 
493 508 536 561 596 578 575 636 679 679 724 723 682 686 690 690 687 672 662 661 661 661 663 0.00 0.00 0.00 0.00 
501 528 550 579 592 581 574 646 677 660 713 714 731 678 685 681 675 680 667 664 664 663 0.00 0.00 0.00 0.00 0.00 
505 524 537 574 576 579 589 638 662 663 697 690 733 706 697 689 693 700 682 669 671 664 0.00 0.00 0.00 0.00 0.00 
494 512 526 562 586 602 587 613 665 652 670 701 724 698 688 691 697 704 702 681 688 0.00 0.00 0.00 0.00 0.00 0.00 
519 519 526 560 596 598 589 611 630 664 663 682 716 697 690 696 707 687 691 679 715 0.00 0.00 0.00 0.00 0.00 0.00 
529 533 530 546 571 615 613 594 647 667 661 661 697 690 688 690 687 686 673 668 0.00 0.00 0.00 0.00 0.00 0.00 0.00 
532 544 547 546 566 582 588 601 655 655 648 685 693 678 668 683 688 684 669 0.00 0.00 0.00 0.00 0.00 0.00 0.00 0.00 
532 548 573 586 603 619 597 629 659 643 653 665 680 653 655 663 671 676 676 0.00 0.00 0.00 0.00 0.00 0.00 0.00 0.00 
537 562 586 604 607 601 617 598 609 640 645 669 675 641 642 666 677 681 680 0.00 0.00 0.00 0.00 0.00 0.00 0.00 0.00 
555 591 586 595 603 614 601 615 628 604 612 640 668 628 647 647 657 653 0.00 0.00 0.00 0.00 0.00 0.00 0.00 0.00 0.00 
562 600 616 630 637 635 619 632 660 634 614 634 671 659 0.00 0.00 0.00 0.00 0.00 0.00 0.00 0.00 0.00 0.00 0.00 0.00 0.00 
577 610 631 648 636 614 622 653 663 660 661 632 654 633 605 0.00 0.00 0.00 0.00 0.00 0.00 0.00 0.00 0.00 0.00 0.00 0.00 
