2016_CCC_ARR_IFD/catchment_depth_180min_02000aep.txt.asc
ncols         27
nrows         23
xllcorner     150.975
yllcorner     -33.6
cellsize      0.025
NODATA_value  -9999
78.6 78.8 80.8 82.3 82.3 82.1 82.9 85.0 87.2 90.6 94.0 95.8 97.0 99.5 101 103 103 102 104 106 108 110 111 113 114 115 116 
79.9 80.5 81.5 83.2 84.1 84.8 85.2 86.9 89.6 93.1 96.1 98.2 99.5 101 103 103 102 104 106 107 109 111 112 113 115 116 117 
79.6 81.3 83.3 84.2 84.9 86.2 87.3 88.9 92.4 94.9 97.4 99.4 101 101 104 106 106 106 107 109 110 112 113 114 116 117 118 
81.1 82.0 84.2 83.4 84.9 86.5 89.8 90.9 92.9 95.9 98.6 100 102 104 106 106 107 108 109 110 112 113 114 115 117 118 119 
81.5 82.3 84.6 83.9 86.2 88.3 90.7 92.9 96.0 99.1 100 101 104 105 108 108 110 110 111 112 113 114 115 117 118 119 120 
81.3 83.9 84.7 84.3 88.1 89.1 90.7 93.5 97.8 101 102 104 106 108 110 110 112 113 114 114 115 116 117 118 119 120 120 
81.1 83.3 84.0 85.6 89.3 89.9 92.8 95.8 99.5 103 104 106 107 111 112 112 114 115 116 117 117 118 118 119 120 121 122 
81.5 84.5 86.7 88.9 91.2 90.9 94.6 98.6 102 105 106 107 110 112 115 116 116 117 118 119 119 119 120 120 120 121 0.00 
82.4 85.6 87.3 90.3 91.5 93.1 95.0 101 103 107 109 110 112 114 116 117 118 120 121 121 121 121 121 121 121 122 0.00 
83.2 84.8 88.0 90.1 92.8 94.0 95.7 99.9 103 108 111 113 115 116 117 119 120 122 123 123 122 122 122 122 0.00 0.00 0.00 
83.5 85.3 87.5 88.8 93.7 94.7 97.7 102 106 110 113 113 115 118 119 121 122 123 124 124 123 123 123 123 123 0.00 0.00 
83.3 85.2 88.0 91.0 94.8 95.6 97.3 103 108 110 115 116 116 118 120 121 123 124 124 124 124 123 123 0.00 0.00 0.00 0.00 
83.7 86.2 88.9 92.2 94.8 96.0 97.4 104 108 109 114 116 118 118 120 121 122 124 124 124 124 124 0.00 0.00 0.00 0.00 0.00 
84.0 86.1 88.3 92.0 94.0 96.0 98.4 104 107 109 113 115 118 119 120 121 123 125 124 124 124 124 0.00 0.00 0.00 0.00 0.00 
83.9 85.8 88.0 91.4 94.6 97.5 98.3 102 107 108 111 115 118 119 119 121 123 124 125 124 125 0.00 0.00 0.00 0.00 0.00 0.00 
84.4 86.1 88.0 91.3 95.2 97.2 98.4 102 105 109 111 114 117 118 119 121 123 123 124 124 126 0.00 0.00 0.00 0.00 0.00 0.00 
84.7 86.3 88.3 90.7 93.7 98.3 100 99.9 106 109 110 111 116 117 117 119 120 122 122 122 0.00 0.00 0.00 0.00 0.00 0.00 0.00 
84.9 86.7 89.0 90.6 93.4 96.0 97.8 100 106 108 108 113 115 115 114 118 120 121 120 0.00 0.00 0.00 0.00 0.00 0.00 0.00 0.00 
85.9 87.7 90.6 93.1 95.9 98.6 98.3 102 106 106 109 111 114 111 113 115 118 120 121 0.00 0.00 0.00 0.00 0.00 0.00 0.00 0.00 
86.5 89.0 91.8 94.5 96.3 97.2 99.9 99.2 101 106 107 111 113 110 111 115 118 119 120 0.00 0.00 0.00 0.00 0.00 0.00 0.00 0.00 
87.8 91.2 92.3 94.2 96.1 98.3 98.2 101 103 101 103 108 112 108 112 113 115 116 0.00 0.00 0.00 0.00 0.00 0.00 0.00 0.00 0.00 
88.5 92.3 94.6 96.9 98.8 99.9 99.6 102 106 104 103 107 112 112 0.00 0.00 0.00 0.00 0.00 0.00 0.00 0.00 0.00 0.00 0.00 0.00 0.00 
89.6 93.2 95.9 98.5 98.9 97.7 99.6 104 106 107 108 106 110 109 106 0.00 0.00 0.00 0.00 0.00 0.00 0.00 0.00 0.00 0.00 0.00 0.00 
