2016_CCC_ARR_IFD/catchment_depth_120min_01000aep.txt.asc
ncols         27
nrows         23
xllcorner     150.975
yllcorner     -33.6
cellsize      0.025
NODATA_value  -9999
79.4 79.5 81.3 82.8 82.7 82.7 83.5 85.5 87.7 90.9 94.0 95.7 97.1 99.2 101 102 103 103 105 106 108 110 111 113 114 115 116 
80.5 81.1 82.0 83.6 84.5 85.2 85.7 87.5 90.1 93.3 95.9 97.7 99.2 101 102 103 103 105 106 108 109 111 112 114 115 116 117 
80.3 81.8 83.7 84.6 85.3 86.6 87.8 89.4 92.7 95.1 97.4 99.2 101 102 104 106 107 106 108 109 111 112 113 115 116 117 118 
81.7 82.5 84.5 83.8 85.3 86.9 90.1 91.4 93.4 96.3 98.9 101 103 104 106 107 108 109 110 111 112 114 115 116 117 118 120 
82.0 82.8 84.9 84.2 86.5 88.7 91.1 93.4 96.4 99.1 101 102 105 106 108 109 111 111 112 113 114 115 116 117 118 120 120 
81.9 84.3 85.0 84.6 88.4 89.5 91.3 94.1 98.2 101 103 105 107 109 111 111 113 114 115 115 116 117 118 119 120 121 121 
81.8 83.7 84.4 85.9 89.5 90.3 93.3 96.3 99.9 103 105 107 108 112 114 113 115 117 118 118 118 119 119 120 121 122 123 
82.2 84.9 87.0 89.2 91.4 91.4 95.1 98.9 102 105 107 108 111 114 117 117 118 119 120 120 120 121 121 121 122 122 0.00 
83.0 86.0 87.7 90.5 91.8 93.5 95.6 101 103 107 109 111 114 116 118 119 120 121 122 122 122 122 122 122 123 123 0.00 
83.8 85.3 88.4 90.4 93.1 94.4 96.4 101 104 108 111 113 116 118 119 121 121 123 124 124 124 123 123 123 0.00 0.00 0.00 
84.1 85.9 87.9 89.3 93.9 95.2 98.2 103 106 110 112 114 116 119 121 122 123 124 125 125 125 124 124 124 125 0.00 0.00 
84.0 85.8 88.5 91.4 95.0 96.0 97.8 103 108 110 114 116 117 119 121 123 124 125 125 125 125 125 125 0.00 0.00 0.00 0.00 
84.3 86.7 89.3 92.5 95.0 96.4 97.9 104 108 110 114 116 118 119 121 123 124 125 125 125 125 125 0.00 0.00 0.00 0.00 0.00 
84.5 86.6 88.8 92.3 94.3 96.3 98.8 104 107 110 113 115 118 120 122 123 125 126 126 125 126 125 0.00 0.00 0.00 0.00 0.00 
84.4 86.3 88.4 91.7 94.8 97.6 98.6 102 107 109 112 115 118 119 121 122 124 126 126 126 126 0.00 0.00 0.00 0.00 0.00 0.00 
84.9 86.5 88.4 91.5 95.3 97.3 98.5 102 105 109 111 114 117 119 120 122 124 124 125 125 127 0.00 0.00 0.00 0.00 0.00 0.00 
85.1 86.6 88.5 90.8 93.7 98.1 99.8 99.8 106 109 110 112 116 117 117 120 121 123 123 123 0.00 0.00 0.00 0.00 0.00 0.00 0.00 
85.2 87.0 89.1 90.6 93.3 95.8 97.5 99.8 106 107 108 113 115 115 115 119 121 122 121 0.00 0.00 0.00 0.00 0.00 0.00 0.00 0.00 
85.9 87.7 90.5 92.8 95.4 98.1 97.8 102 106 106 108 110 113 112 113 115 118 120 121 0.00 0.00 0.00 0.00 0.00 0.00 0.00 0.00 
86.3 88.8 91.4 94.0 95.7 96.5 99.1 98.3 100 105 106 110 112 110 111 115 118 119 120 0.00 0.00 0.00 0.00 0.00 0.00 0.00 0.00 
87.3 90.6 91.6 93.5 95.2 97.3 97.1 99.4 102 100 102 107 111 108 111 113 115 116 0.00 0.00 0.00 0.00 0.00 0.00 0.00 0.00 0.00 
87.7 91.4 93.6 95.8 97.7 98.7 98.4 101 104 103 102 106 111 111 0.00 0.00 0.00 0.00 0.00 0.00 0.00 0.00 0.00 0.00 0.00 0.00 0.00 
88.6 92.1 94.7 97.1 97.5 96.4 98.2 102 104 105 107 105 108 108 106 0.00 0.00 0.00 0.00 0.00 0.00 0.00 0.00 0.00 0.00 0.00 0.00 
