2016_CCC_ARR_IFD/catchment_depth_1440min_00050aep.txt.asc
ncols         27
nrows         23
xllcorner     150.975
yllcorner     -33.6
cellsize      0.025
NODATA_value  -9999
320 321 336 346 342 337 336 351 365 387 411 421 427 446 454 465 465 465 478 490 499 510 520 523 525 528 529 
330 333 339 350 353 353 351 360 377 401 423 441 443 449 463 457 460 468 479 490 500 508 515 519 523 525 527 
325 338 351 355 355 360 363 369 394 409 426 439 442 442 464 476 473 473 483 492 500 506 510 515 521 524 526 
338 342 356 345 351 358 378 380 389 408 425 432 443 451 467 464 471 475 484 492 501 506 510 515 519 523 531 
339 342 357 346 358 368 380 389 408 430 429 426 450 446 465 463 476 478 486 496 501 505 508 513 517 523 526 
335 354 355 347 369 370 374 387 415 436 431 438 444 452 466 461 476 485 493 494 499 504 508 510 517 523 522 
329 345 346 353 375 371 385 399 422 445 440 442 438 469 468 463 476 488 494 496 499 503 507 509 515 522 529 
329 354 366 376 387 373 394 417 435 453 444 436 448 460 476 478 478 484 492 495 497 502 505 504 509 513 0.00 
336 361 368 384 384 387 391 430 435 459 470 460 457 461 475 476 480 486 490 495 498 498 500 502 505 507 0.00 
342 348 370 378 391 389 392 415 427 465 475 475 487 472 471 482 479 486 491 497 498 496 498 500 0.00 0.00 0.00 
341 350 360 360 395 391 404 431 447 476 490 470 470 495 486 491 484 487 490 492 493 494 498 500 502 0.00 0.00 
334 345 363 380 403 396 397 435 464 467 496 498 476 482 487 490 493 490 488 490 492 493 496 0.00 0.00 0.00 0.00 
338 355 370 390 400 397 396 440 461 454 489 492 504 475 482 483 484 491 487 488 490 491 0.00 0.00 0.00 0.00 0.00 
340 353 362 386 390 395 403 435 452 455 478 476 503 490 487 484 491 498 491 487 491 489 0.00 0.00 0.00 0.00 0.00 
334 346 356 379 395 407 402 420 452 447 460 481 497 483 477 482 490 497 500 491 497 0.00 0.00 0.00 0.00 0.00 0.00 
346 349 356 378 401 405 403 418 432 454 455 468 491 480 475 482 493 484 490 486 510 0.00 0.00 0.00 0.00 0.00 0.00 
352 357 359 370 387 414 416 408 441 455 453 454 478 473 469 475 477 481 477 477 0.00 0.00 0.00 0.00 0.00 0.00 0.00 
354 362 368 370 385 396 402 412 445 448 444 468 475 465 458 470 477 478 472 0.00 0.00 0.00 0.00 0.00 0.00 0.00 0.00 
356 366 383 392 405 417 408 428 447 441 448 456 466 447 450 457 465 472 474 0.00 0.00 0.00 0.00 0.00 0.00 0.00 0.00 
360 375 390 403 408 407 420 411 419 440 443 458 463 440 442 459 469 474 476 0.00 0.00 0.00 0.00 0.00 0.00 0.00 0.00 
371 392 392 399 406 415 411 421 431 417 422 441 459 432 446 447 455 455 0.00 0.00 0.00 0.00 0.00 0.00 0.00 0.00 0.00 
376 398 409 419 426 427 421 431 448 436 424 437 460 454 0.00 0.00 0.00 0.00 0.00 0.00 0.00 0.00 0.00 0.00 0.00 0.00 0.00 
385 405 418 430 426 415 423 442 450 450 452 435 449 437 419 0.00 0.00 0.00 0.00 0.00 0.00 0.00 0.00 0.00 0.00 0.00 0.00 
