2016_CCC_ARR_IFD/catchment_depth_60min_18127aep.txt.asc
ncols         27
nrows         23
xllcorner     150.975
yllcorner     -33.6
cellsize      0.025
NODATA_value  -9999
34.5 34.4 34.8 35.2 35.0 34.8 35.0 35.5 36.1 37.1 38.2 38.7 39.0 39.8 40.2 40.6 40.8 41.2 41.7 42.2 42.7 43.2 43.7 44.1 44.5 44.9 45.3 
34.8 34.8 35.0 35.4 35.5 35.5 35.5 36.0 36.8 37.8 38.7 39.4 39.7 40.0 40.6 40.7 41.0 41.6 42.1 42.6 43.0 43.5 43.9 44.3 44.7 45.1 45.5 
34.6 34.9 35.4 35.6 35.6 35.9 36.1 36.5 37.5 38.2 38.9 39.5 39.8 40.0 40.8 41.4 41.6 41.9 42.4 42.9 43.3 43.8 44.2 44.6 45.0 45.4 45.8 
35.0 35.1 35.6 35.2 35.5 35.9 36.7 37.0 37.4 38.3 39.1 39.5 40.0 40.5 41.2 41.4 41.9 42.4 42.8 43.3 43.7 44.1 44.5 44.8 45.2 45.6 46.0 
35.0 35.1 35.6 35.3 35.8 36.3 36.9 37.4 38.3 39.2 39.4 39.6 40.5 40.7 41.4 41.8 42.3 42.8 43.3 43.7 44.0 44.4 44.7 45.1 45.5 45.8 46.2 
35.0 35.6 35.6 35.4 36.3 36.5 36.9 37.6 38.7 39.6 39.7 40.2 40.7 41.2 41.8 42.3 42.8 43.3 43.7 44.1 44.4 44.7 45.0 45.4 45.7 46.1 46.4 
35.1 35.4 35.5 35.7 36.6 36.7 37.4 38.1 39.1 40.0 40.2 40.6 41.0 41.9 42.3 42.8 43.4 43.8 44.2 44.6 44.8 45.1 45.4 45.6 45.9 46.3 46.6 
35.3 35.7 36.2 36.7 37.2 37.1 37.9 38.9 39.7 40.5 40.6 40.9 41.5 42.2 42.8 43.3 43.9 44.4 44.8 45.0 45.2 45.5 45.6 45.8 46.1 46.4 0.00 
35.5 36.1 36.4 37.1 37.3 37.6 38.1 39.5 39.9 40.9 41.5 41.6 42.0 42.6 43.2 43.8 44.4 44.9 45.3 45.6 45.7 45.8 45.9 46.0 46.3 46.5 0.00 
35.7 36.0 36.7 37.1 37.7 38.0 38.4 39.3 40.0 41.3 41.9 42.3 42.9 43.0 43.6 44.2 44.9 45.5 45.9 46.0 46.1 46.1 46.1 46.2 0.00 0.00 0.00 
35.9 36.2 36.7 37.0 38.0 38.3 38.9 39.9 40.7 41.9 42.5 42.4 42.9 43.7 44.0 44.5 45.2 45.8 46.2 46.3 46.3 46.3 46.4 46.5 46.6 0.00 0.00 
36.1 36.4 36.9 37.5 38.4 38.6 39.0 40.3 41.4 41.9 43.0 43.4 43.3 43.8 44.3 44.9 45.4 46.0 46.3 46.4 46.5 46.6 46.6 0.00 0.00 0.00 0.00 
36.2 36.7 37.2 37.9 38.5 38.8 39.2 40.6 41.5 41.7 43.0 43.4 44.0 44.0 44.6 45.1 45.6 46.1 46.3 46.5 46.6 46.7 0.00 0.00 0.00 0.00 0.00 
36.4 36.8 37.2 38.0 38.5 39.0 39.5 40.6 41.5 41.9 42.9 43.3 44.2 44.4 44.8 45.3 45.8 46.2 46.5 46.6 46.8 46.9 0.00 0.00 0.00 0.00 0.00 
36.6 36.9 37.3 38.0 38.7 39.4 39.7 40.5 41.6 41.9 42.7 43.5 44.2 44.5 44.9 45.4 45.9 46.3 46.7 46.8 47.1 0.00 0.00 0.00 0.00 0.00 0.00 
36.6 37.0 37.5 38.1 39.0 39.4 39.8 40.6 41.3 42.2 42.7 43.4 44.3 44.6 45.0 45.6 46.1 46.3 46.7 46.8 47.3 0.00 0.00 0.00 0.00 0.00 0.00 
36.7 37.1 37.7 38.2 38.8 39.8 40.2 40.5 41.6 42.4 42.8 43.3 44.2 44.6 44.9 45.5 45.9 46.3 46.5 46.7 0.00 0.00 0.00 0.00 0.00 0.00 0.00 
36.9 37.3 37.8 38.3 38.9 39.5 40.1 40.7 41.8 42.3 42.7 43.7 44.3 44.5 44.7 45.5 46.1 46.4 46.5 0.00 0.00 0.00 0.00 0.00 0.00 0.00 0.00 
37.2 37.6 38.2 38.8 39.4 40.1 40.3 41.1 42.0 42.3 42.9 43.5 44.2 44.2 44.7 45.3 45.9 46.4 46.7 0.00 0.00 0.00 0.00 0.00 0.00 0.00 0.00 
37.5 37.9 38.5 39.2 39.6 40.0 40.6 40.8 41.4 42.3 42.9 43.7 44.3 44.2 44.6 45.5 46.1 46.5 46.8 0.00 0.00 0.00 0.00 0.00 0.00 0.00 0.00 
37.8 38.4 38.7 39.2 39.7 40.3 40.5 41.1 41.8 41.9 42.5 43.4 44.4 44.2 44.9 45.4 45.9 46.2 0.00 0.00 0.00 0.00 0.00 0.00 0.00 0.00 0.00 
38.0 38.7 39.2 39.8 40.3 40.7 40.9 41.5 42.4 42.5 42.7 43.5 44.6 44.9 0.00 0.00 0.00 0.00 0.00 0.00 0.00 0.00 0.00 0.00 0.00 0.00 0.00 
38.3 39.0 39.6 40.2 40.4 40.5 41.0 42.0 42.6 43.1 43.6 43.7 44.5 44.7 44.6 0.00 0.00 0.00 0.00 0.00 0.00 0.00 0.00 0.00 0.00 0.00 0.00 
