2016_CCC_ARR_IFD/catchment_depth_90min_00050aep.txt.asc
ncols         27
nrows         23
xllcorner     150.975
yllcorner     -33.6
cellsize      0.025
NODATA_value  -9999
115 115 118 119 120 121 122 125 129 133 136 139 141 143 146 148 153 158 162 165 168 170 172 174 176 178 180 
116 117 118 120 122 123 125 127 131 135 138 139 143 146 147 153 156 161 165 168 170 172 174 176 178 180 181 
115 117 120 121 122 124 127 129 134 137 140 142 146 149 151 152 158 162 167 170 172 174 176 178 180 181 183 
116 118 120 120 122 125 129 131 135 139 142 145 148 152 154 159 162 166 169 172 174 176 178 179 181 183 184 
116 117 120 120 123 126 130 133 137 141 144 148 151 156 158 162 165 169 171 173 176 177 179 181 182 184 185 
116 119 120 120 125 127 130 134 139 143 147 151 155 159 162 166 169 171 173 175 177 179 180 182 183 185 186 
115 118 119 121 126 128 132 136 141 145 149 154 157 160 166 168 171 174 176 178 179 180 182 183 184 186 187 
115 119 121 124 128 129 133 139 143 146 151 156 160 165 168 171 174 176 178 180 181 182 183 184 185 186 0.00 
116 120 122 126 128 130 134 140 144 148 152 157 162 166 170 173 176 178 180 182 182 183 184 184 185 186 0.00 
116 118 122 125 129 131 134 140 145 150 155 159 162 168 171 174 177 180 182 183 184 184 184 185 0.00 0.00 0.00 
116 118 121 123 129 131 136 142 147 151 155 159 164 166 171 174 178 181 183 183 183 184 185 185 186 0.00 0.00 
115 118 121 125 130 132 135 142 148 152 157 160 163 168 171 175 178 180 181 182 183 184 184 0.00 0.00 0.00 0.00 
115 118 122 126 130 132 135 142 147 151 156 160 163 167 171 174 176 179 180 181 182 183 0.00 0.00 0.00 0.00 0.00 
115 118 121 125 128 131 135 141 146 150 155 158 162 166 170 173 176 178 179 180 181 181 0.00 0.00 0.00 0.00 0.00 
114 117 120 124 128 132 134 139 146 148 153 158 161 165 168 171 174 177 178 179 181 0.00 0.00 0.00 0.00 0.00 0.00 
115 117 119 123 128 131 133 138 142 148 151 155 160 163 166 169 172 174 176 177 179 0.00 0.00 0.00 0.00 0.00 0.00 
114 117 119 122 126 132 134 135 143 147 149 152 158 161 162 166 169 171 172 173 0.00 0.00 0.00 0.00 0.00 0.00 0.00 
114 117 119 122 125 129 131 135 142 145 146 152 156 158 158 163 167 169 169 0.00 0.00 0.00 0.00 0.00 0.00 0.00 0.00 
115 117 121 124 127 131 131 136 141 142 145 149 153 152 155 159 163 166 168 0.00 0.00 0.00 0.00 0.00 0.00 0.00 0.00 
115 118 121 125 127 129 132 132 135 140 143 148 151 149 152 157 161 164 165 0.00 0.00 0.00 0.00 0.00 0.00 0.00 0.00 
116 120 121 124 126 129 129 133 136 135 138 143 149 146 151 153 157 159 0.00 0.00 0.00 0.00 0.00 0.00 0.00 0.00 0.00 
116 121 123 126 129 130 130 133 138 137 137 141 147 148 0.00 0.00 0.00 0.00 0.00 0.00 0.00 0.00 0.00 0.00 0.00 0.00 0.00 
117 121 124 127 128 127 130 135 138 139 141 140 144 144 143 0.00 0.00 0.00 0.00 0.00 0.00 0.00 0.00 0.00 0.00 0.00 0.00 
