2016_CCC_ARR_IFD/catchment_depth_20min_02000aep.txt.asc
ncols         27
nrows         23
xllcorner     150.975
yllcorner     -33.6
cellsize      0.025
NODATA_value  -9999
39.3 39.1 39.8 40.3 40.0 39.7 39.8 40.6 41.5 42.8 44.0 44.6 45.0 45.8 46.3 46.8 47.4 47.7 48.3 48.8 49.2 49.8 50.4 50.7 51.0 51.4 51.8 
39.6 39.6 39.8 40.4 40.5 40.5 40.5 41.1 42.1 43.4 44.5 45.2 45.6 46.1 46.7 47.2 47.7 48.1 48.5 49.0 49.5 50.0 50.5 50.9 51.2 51.6 52.0 
39.2 39.7 40.4 40.5 40.5 40.7 41.0 41.5 42.9 43.8 44.7 45.4 45.8 46.3 47.1 47.6 48.3 48.9 49.1 49.3 49.7 50.2 50.6 51.0 51.5 51.9 52.2 
39.8 39.8 40.6 39.7 40.1 40.5 41.8 42.0 42.7 43.9 44.8 45.4 46.2 46.8 47.5 48.2 48.9 49.1 49.4 49.6 50.1 50.5 50.9 51.3 51.7 52.1 52.6 
39.8 39.7 40.5 39.5 40.3 41.0 41.8 42.5 43.7 44.8 45.2 45.6 46.6 47.3 48.0 48.7 49.4 49.5 49.8 50.2 50.4 50.7 51.1 51.5 51.9 52.4 52.7 
39.5 40.4 40.2 39.4 40.9 41.0 41.6 42.6 44.1 45.2 45.5 46.3 47.1 47.8 48.6 48.9 49.7 50.2 50.5 50.3 50.6 51.0 51.4 51.7 52.2 52.6 52.8 
39.4 39.8 39.6 39.9 41.3 41.3 42.2 43.2 44.5 45.6 46.0 46.8 47.4 48.3 49.1 49.2 50.0 50.6 50.8 50.8 50.9 51.3 51.7 52.0 52.4 52.9 53.3 
39.7 40.4 41.0 41.5 42.1 41.7 42.8 44.1 45.2 46.1 46.5 47.2 48.2 49.0 49.6 50.1 50.3 50.6 51.0 51.1 51.3 51.6 52.0 52.2 52.5 52.8 0.00 
40.1 41.0 41.3 42.1 42.1 42.5 43.1 44.8 45.4 46.5 47.3 47.9 48.8 49.5 50.1 50.4 50.6 51.0 51.2 51.5 51.7 51.9 52.1 52.4 52.7 52.9 0.00 
40.5 40.8 41.6 42.0 42.7 42.9 43.5 44.6 45.5 46.9 47.7 48.4 49.1 49.9 50.2 50.9 50.8 51.3 51.6 51.9 52.1 52.2 52.4 52.6 0.00 0.00 0.00 
40.8 41.1 41.6 41.9 43.2 43.4 44.2 45.4 46.3 47.4 48.1 48.7 49.4 50.1 50.8 51.3 51.4 51.6 51.9 52.1 52.2 52.4 52.6 52.9 53.1 0.00 0.00 
40.9 41.3 42.0 42.7 43.7 43.8 44.3 45.8 46.9 47.6 48.6 49.2 49.7 50.4 51.0 51.5 51.9 51.9 52.0 52.2 52.4 52.6 52.8 0.00 0.00 0.00 0.00 
41.2 41.9 42.5 43.3 43.9 44.1 44.5 46.1 47.1 47.6 48.7 49.3 49.9 50.5 51.1 51.5 51.7 52.2 52.1 52.3 52.5 52.7 0.00 0.00 0.00 0.00 0.00 
41.5 42.0 42.5 43.4 43.8 44.3 44.9 46.2 47.1 47.7 48.7 49.3 50.1 50.7 51.3 51.7 52.1 52.6 52.5 52.4 52.7 52.8 0.00 0.00 0.00 0.00 0.00 
41.5 42.0 42.5 43.5 44.2 44.9 45.1 46.0 47.3 47.7 48.6 49.5 50.1 50.8 51.3 51.8 52.3 52.6 52.9 52.7 53.1 0.00 0.00 0.00 0.00 0.00 0.00 
42.1 42.3 42.7 43.6 44.5 44.9 45.2 46.0 46.8 47.9 48.5 49.3 50.2 50.7 51.3 51.9 52.3 52.3 52.7 52.7 53.3 0.00 0.00 0.00 0.00 0.00 0.00 
42.4 42.7 42.8 43.4 44.2 45.3 45.7 45.7 47.2 48.0 48.5 49.0 50.1 50.6 50.9 51.6 51.9 52.3 52.2 52.3 0.00 0.00 0.00 0.00 0.00 0.00 0.00 
42.6 43.1 43.3 43.4 44.1 44.7 45.2 45.8 47.3 47.8 48.2 49.3 50.0 50.3 50.4 51.3 51.9 52.2 52.0 0.00 0.00 0.00 0.00 0.00 0.00 0.00 0.00 
42.5 43.1 43.8 44.2 44.8 45.4 45.3 46.3 47.3 47.5 48.2 48.9 49.7 49.6 50.0 50.7 51.4 51.9 52.1 0.00 0.00 0.00 0.00 0.00 0.00 0.00 0.00 
42.5 43.3 43.9 44.5 44.9 45.0 45.7 45.6 46.2 47.3 47.9 48.9 49.5 49.3 49.7 50.8 51.3 51.7 52.0 0.00 0.00 0.00 0.00 0.00 0.00 0.00 0.00 
42.8 43.7 43.8 44.2 44.7 45.2 45.2 45.9 46.5 46.4 47.1 48.3 49.3 48.9 49.8 50.2 50.8 51.0 0.00 0.00 0.00 0.00 0.00 0.00 0.00 0.00 0.00 
42.7 43.7 44.3 44.8 45.2 45.5 45.5 46.1 47.2 47.0 47.1 48.1 49.3 49.5 0.00 0.00 0.00 0.00 0.00 0.00 0.00 0.00 0.00 0.00 0.00 0.00 0.00 
42.8 43.7 44.3 45.0 45.0 44.8 45.4 46.5 47.2 47.6 48.1 48.0 48.9 49.0 48.7 0.00 0.00 0.00 0.00 0.00 0.00 0.00 0.00 0.00 0.00 0.00 0.00 
