2016_CCC_ARR_IFD/catchment_depth_2min_86466aep.txt.asc
ncols         27
nrows         23
xllcorner     150.975
yllcorner     -33.6
cellsize      0.025
NODATA_value  -9999
2.36 2.35 2.37 2.39 2.37 2.35 2.35 2.38 2.41 2.47 2.53 2.55 2.56 2.61 2.63 2.66 2.65 2.70 2.73 2.76 2.80 2.82 2.85 2.88 2.91 2.93 2.96 
2.38 2.38 2.38 2.40 2.40 2.40 2.40 2.42 2.46 2.51 2.57 2.61 2.62 2.63 2.67 2.65 2.68 2.73 2.77 2.80 2.83 2.86 2.89 2.91 2.94 2.96 2.98 
2.38 2.40 2.42 2.42 2.42 2.43 2.44 2.45 2.51 2.55 2.59 2.62 2.63 2.63 2.68 2.72 2.71 2.74 2.80 2.84 2.87 2.90 2.92 2.94 2.97 2.99 3.01 
2.41 2.41 2.44 2.41 2.43 2.44 2.49 2.49 2.51 2.56 2.60 2.62 2.65 2.67 2.71 2.71 2.74 2.80 2.84 2.88 2.91 2.93 2.95 2.97 2.99 3.01 3.03 
2.42 2.42 2.45 2.43 2.45 2.48 2.51 2.53 2.58 2.63 2.63 2.63 2.68 2.68 2.72 2.75 2.78 2.84 2.88 2.91 2.94 2.97 2.99 3.00 3.02 3.04 3.06 
2.42 2.45 2.45 2.45 2.49 2.50 2.51 2.54 2.61 2.66 2.65 2.67 2.69 2.72 2.75 2.81 2.83 2.86 2.90 2.96 2.99 3.00 3.02 3.03 3.05 3.06 3.08 
2.43 2.45 2.46 2.47 2.52 2.52 2.55 2.58 2.64 2.70 2.69 2.70 2.72 2.77 2.78 2.85 2.88 2.91 2.95 3.00 3.02 3.04 3.05 3.06 3.07 3.09 3.10 
2.44 2.47 2.50 2.52 2.55 2.54 2.58 2.64 2.69 2.73 2.71 2.72 2.75 2.78 2.82 2.86 2.93 2.98 3.01 3.04 3.06 3.07 3.08 3.09 3.10 3.11 0.00 
2.46 2.50 2.51 2.55 2.56 2.58 2.60 2.68 2.70 2.76 2.79 2.77 2.78 2.82 2.85 2.91 2.97 3.02 3.06 3.08 3.09 3.10 3.10 3.11 3.12 3.13 0.00 
2.48 2.49 2.53 2.56 2.59 2.60 2.62 2.67 2.70 2.79 2.82 2.83 2.86 2.85 2.90 2.94 3.01 3.07 3.11 3.11 3.12 3.12 3.12 3.13 0.00 0.00 0.00 
2.49 2.51 2.53 2.55 2.61 2.62 2.65 2.72 2.76 2.84 2.87 2.84 2.85 2.91 2.91 2.95 3.03 3.09 3.13 3.14 3.14 3.14 3.14 3.15 3.15 0.00 0.00 
2.49 2.52 2.55 2.59 2.64 2.64 2.66 2.74 2.82 2.83 2.91 2.92 2.88 2.91 2.94 2.98 3.02 3.08 3.12 3.14 3.15 3.16 3.16 0.00 0.00 0.00 0.00 
2.51 2.54 2.57 2.62 2.65 2.66 2.68 2.77 2.83 2.82 2.91 2.93 2.96 2.92 2.95 2.99 3.04 3.08 3.12 3.14 3.16 3.17 0.00 0.00 0.00 0.00 0.00 
2.52 2.55 2.58 2.63 2.65 2.67 2.70 2.77 2.82 2.84 2.90 2.91 2.98 2.96 2.97 3.00 3.04 3.08 3.12 3.15 3.17 3.18 0.00 0.00 0.00 0.00 0.00 
2.53 2.55 2.58 2.63 2.67 2.71 2.72 2.76 2.84 2.84 2.88 2.94 2.99 2.96 2.97 3.00 3.05 3.09 3.12 3.15 3.18 0.00 0.00 0.00 0.00 0.00 0.00 
2.55 2.57 2.60 2.64 2.69 2.72 2.74 2.78 2.82 2.87 2.89 2.93 2.99 2.98 2.96 3.01 3.07 3.09 3.13 3.16 3.19 0.00 0.00 0.00 0.00 0.00 0.00 
2.57 2.59 2.62 2.65 2.69 2.75 2.77 2.78 2.85 2.89 2.91 2.92 2.99 2.99 2.98 3.02 3.06 3.10 3.13 3.17 0.00 0.00 0.00 0.00 0.00 0.00 0.00 
2.58 2.61 2.64 2.67 2.70 2.74 2.77 2.81 2.88 2.90 2.92 2.98 3.01 3.00 3.01 3.05 3.09 3.12 3.15 0.00 0.00 0.00 0.00 0.00 0.00 0.00 0.00 
2.61 2.63 2.67 2.70 2.74 2.78 2.80 2.85 2.90 2.92 2.95 2.99 3.03 3.01 3.04 3.07 3.11 3.14 3.17 0.00 0.00 0.00 0.00 0.00 0.00 0.00 0.00 
2.63 2.66 2.69 2.73 2.76 2.79 2.83 2.86 2.90 2.95 2.98 3.03 3.06 3.05 3.07 3.12 3.16 3.19 3.21 0.00 0.00 0.00 0.00 0.00 0.00 0.00 0.00 
2.65 2.69 2.71 2.74 2.78 2.82 2.85 2.89 2.93 2.95 2.99 3.04 3.09 3.08 3.13 3.15 3.18 3.20 0.00 0.00 0.00 0.00 0.00 0.00 0.00 0.00 0.00 
2.67 2.71 2.74 2.78 2.81 2.85 2.88 2.93 2.98 3.01 3.03 3.08 3.14 3.16 0.00 0.00 0.00 0.00 0.00 0.00 0.00 0.00 0.00 0.00 0.00 0.00 0.00 
2.70 2.73 2.77 2.80 2.83 2.86 2.91 2.96 3.01 3.05 3.10 3.12 3.17 3.19 3.19 0.00 0.00 0.00 0.00 0.00 0.00 0.00 0.00 0.00 0.00 0.00 0.00 
