2016_CCC_ARR_IFD/catchment_depth_2160min_63212aep.txt.asc
ncols         27
nrows         23
xllcorner     150.975
yllcorner     -33.6
cellsize      0.025
NODATA_value  -9999
79.2 78.5 82.6 84.9 82.5 79.7 78.4 81.3 84.0 89.4 95.8 97.4 96.8 102 103 105 99.9 93.4 94.7 96.0 96.4 98.3 100 99.8 99.8 100 100 
82.6 82.6 83.6 86.1 85.9 84.8 82.6 84.1 87.9 93.9 100 105 103 103 107 99.4 96.7 94.7 95.0 96.0 97.4 98.7 99.5 100 100 101 101 
80.5 84.0 87.6 87.6 86.5 86.7 86.4 86.8 93.2 96.5 101 103 102 98.8 106 109 103 99.2 97.7 97.1 98.2 99.1 99.7 100 102 102 102 
84.9 85.2 89.1 84.1 85.1 85.9 91.2 90.0 91.2 95.8 100 99.9 102 102 106 102 102 98.5 98.8 98.7 100 101 101 102 102 103 105 
85.3 85.2 89.1 84.4 87.2 89.0 91.5 93.0 97.8 104 101 97.0 104 99.6 104 101 104 100 101 102 102 102 102 103 104 105 105 
83.7 89.1 88.2 84.5 90.6 89.4 89.1 91.9 99.7 106 101 101 101 102 104 99.8 103 104 105 103 103 103 104 104 105 107 106 
81.4 86.0 85.1 86.4 92.3 89.6 92.6 95.7 102 108 104 102 98.7 108 105 101 103 106 106 105 105 105 105 106 107 108 110 
81.1 88.7 91.5 93.8 96.0 90.2 95.5 101 106 110 105 100 103 105 108 107 105 105 106 106 105 106 107 106 107 107 0.00 
83.5 90.9 92.1 96.3 95.0 94.6 94.5 105 106 112 114 108 106 105 108 107 106 106 107 107 107 107 107 107 107 107 0.00 
85.6 86.6 92.9 94.3 97.3 95.2 94.7 101 103 113 115 113 116 109 108 110 107 107 108 109 109 108 108 108 0.00 0.00 0.00 
85.3 87.2 89.7 88.7 98.4 96.0 98.8 105 109 117 119 112 111 117 114 114 110 109 109 109 109 109 110 110 110 0.00 0.00 
83.1 85.8 90.5 94.9 101 97.6 96.9 107 114 114 121 121 114 114 115 115 114 112 110 110 110 110 111 0.00 0.00 0.00 0.00 
84.3 88.9 92.8 97.8 100 98.1 96.8 109 114 111 119 120 122 113 114 114 113 114 112 111 111 111 0.00 0.00 0.00 0.00 0.00 
84.9 88.2 90.4 96.8 97.2 97.8 99.5 108 112 112 117 116 123 119 117 116 116 118 115 113 113 112 0.00 0.00 0.00 0.00 0.00 
83.1 86.1 88.6 94.6 98.8 102 99.4 104 112 110 113 118 122 118 116 117 118 119 119 115 117 0.00 0.00 0.00 0.00 0.00 0.00 
86.7 87.1 88.5 94.3 100 101 100 104 107 113 113 116 121 118 117 118 120 117 118 116 122 0.00 0.00 0.00 0.00 0.00 0.00 
88.2 89.1 89.1 92.1 96.3 104 104 101 110 114 113 113 119 118 117 117 117 117 115 114 0.00 0.00 0.00 0.00 0.00 0.00 0.00 
88.5 90.7 91.7 92.0 95.8 98.9 100 103 112 112 112 118 119 117 114 117 118 118 115 0.00 0.00 0.00 0.00 0.00 0.00 0.00 0.00 
88.4 91.3 95.8 98.2 101 105 102 108 113 111 113 115 118 113 113 114 116 117 117 0.00 0.00 0.00 0.00 0.00 0.00 0.00 0.00 
89.1 93.3 97.5 101 102 102 106 103 106 112 113 117 118 112 112 116 118 119 119 0.00 0.00 0.00 0.00 0.00 0.00 0.00 0.00 
91.7 97.8 97.6 99.7 102 104 104 107 110 106 108 113 117 110 114 114 115 115 0.00 0.00 0.00 0.00 0.00 0.00 0.00 0.00 0.00 
92.7 99.1 102 105 107 108 107 110 115 112 109 113 119 117 0.00 0.00 0.00 0.00 0.00 0.00 0.00 0.00 0.00 0.00 0.00 0.00 0.00 
94.8 100 104 108 107 105 107 113 116 116 117 113 117 113 108 0.00 0.00 0.00 0.00 0.00 0.00 0.00 0.00 0.00 0.00 0.00 0.00 
