2016_CCC_ARR_IFD/catchment_depth_2880min_02000aep.txt.asc
ncols         27
nrows         23
xllcorner     150.975
yllcorner     -33.6
cellsize      0.025
NODATA_value  -9999
240 239 251 259 252 244 241 251 261 279 301 307 308 326 329 337 326 313 319 326 329 337 344 344 344 344 343 
251 251 255 263 263 260 254 259 273 293 314 330 326 327 341 322 318 315 318 324 330 335 338 340 342 342 342 
246 256 267 268 265 266 266 268 288 300 314 324 321 315 337 348 334 327 324 325 329 333 335 338 341 342 342 
260 261 273 258 261 264 281 278 283 298 312 314 321 324 338 328 330 323 326 327 332 334 336 339 340 343 349 
262 262 274 260 268 274 282 288 302 321 314 306 327 318 334 325 335 327 329 334 335 335 336 339 341 345 346 
259 275 272 262 280 277 277 286 309 326 316 318 320 324 333 321 332 337 340 333 335 337 338 339 343 347 344 
254 267 264 268 286 279 288 298 315 335 325 322 314 342 335 323 332 340 341 337 337 338 339 340 343 349 353 
254 276 285 292 298 282 298 316 329 343 329 317 325 331 343 340 334 334 338 337 337 339 340 338 340 342 0.00 
262 284 288 301 297 296 296 329 330 349 356 341 334 333 343 339 336 337 338 339 340 338 338 338 339 339 0.00 
270 273 292 296 305 299 298 316 324 356 361 357 365 346 340 346 337 339 340 343 342 339 339 339 0.00 0.00 0.00 
271 276 284 281 310 303 312 332 344 368 377 354 351 371 358 359 346 343 342 342 341 340 342 343 343 0.00 0.00 
265 273 288 301 319 309 307 339 361 361 384 382 359 360 361 361 359 350 345 344 343 343 344 0.00 0.00 0.00 0.00 
270 285 296 312 318 312 307 345 361 351 379 379 387 357 360 357 353 356 349 346 346 345 0.00 0.00 0.00 0.00 0.00 
274 284 291 310 311 312 316 342 355 354 372 367 389 374 368 362 364 367 357 350 351 347 0.00 0.00 0.00 0.00 0.00 
269 279 286 305 317 325 317 330 357 349 358 374 386 371 364 365 367 371 370 358 361 0.00 0.00 0.00 0.00 0.00 0.00 
283 283 287 305 324 324 320 330 340 358 357 365 383 371 366 368 374 363 365 358 377 0.00 0.00 0.00 0.00 0.00 0.00 
289 291 290 298 311 334 333 322 351 360 357 356 374 369 365 366 364 364 356 353 0.00 0.00 0.00 0.00 0.00 0.00 0.00 
291 298 300 299 310 318 321 327 355 355 351 370 373 364 356 365 367 364 355 0.00 0.00 0.00 0.00 0.00 0.00 0.00 0.00 
292 301 314 321 330 338 327 344 359 351 356 361 369 351 352 355 359 362 361 0.00 0.00 0.00 0.00 0.00 0.00 0.00 0.00 
296 309 322 331 333 330 339 328 334 351 352 365 367 347 346 359 365 366 365 0.00 0.00 0.00 0.00 0.00 0.00 0.00 0.00 
306 325 323 327 332 338 331 338 346 332 335 351 365 341 351 350 355 352 0.00 0.00 0.00 0.00 0.00 0.00 0.00 0.00 0.00 
310 330 339 346 351 349 342 349 364 350 338 348 368 361 0.00 0.00 0.00 0.00 0.00 0.00 0.00 0.00 0.00 0.00 0.00 0.00 0.00 
318 336 347 357 351 339 344 360 366 364 365 349 360 347 331 0.00 0.00 0.00 0.00 0.00 0.00 0.00 0.00 0.00 0.00 0.00 0.00 
