2016_CCC_ARR_IFD/catchment_depth_4min_10000aep.txt.asc
ncols         27
nrows         23
xllcorner     150.975
yllcorner     -33.6
cellsize      0.025
NODATA_value  -9999
9.94 9.91 10.0 10.1 10.1 10.0 10.1 10.2 10.4 10.7 11.0 11.1 11.2 11.4 11.5 11.6 11.7 11.8 12.0 12.1 12.2 12.4 12.5 12.6 12.7 12.8 12.9 
10.0 10.0 10.1 10.2 10.2 10.2 10.2 10.3 10.6 10.8 11.1 11.3 11.3 11.5 11.6 11.7 11.8 11.9 12.0 12.2 12.3 12.4 12.5 12.7 12.8 12.9 13.0 
9.96 10.1 10.2 10.2 10.2 10.3 10.4 10.5 10.8 10.9 11.2 11.3 11.4 11.5 11.7 11.8 11.9 12.0 12.2 12.3 12.4 12.5 12.6 12.7 12.8 12.9 13.0 
10.1 10.1 10.2 10.1 10.2 10.3 10.5 10.6 10.7 11.0 11.2 11.3 11.5 11.6 11.8 11.9 12.0 12.2 12.3 12.4 12.5 12.6 12.7 12.8 12.9 13.0 13.1 
10.1 10.1 10.2 10.1 10.3 10.4 10.6 10.7 11.0 11.2 11.3 11.4 11.6 11.7 11.9 12.0 12.2 12.3 12.4 12.5 12.6 12.7 12.8 12.9 13.0 13.1 13.2 
10.1 10.2 10.2 10.1 10.4 10.5 10.6 10.8 11.1 11.3 11.4 11.5 11.7 11.9 12.0 12.2 12.3 12.4 12.5 12.6 12.7 12.8 12.9 12.9 13.0 13.1 13.2 
10.1 10.1 10.2 10.2 10.5 10.5 10.7 10.9 11.2 11.4 11.5 11.7 11.8 12.0 12.2 12.3 12.5 12.6 12.7 12.7 12.8 12.9 12.9 13.0 13.1 13.2 13.3 
10.1 10.3 10.4 10.5 10.7 10.6 10.9 11.1 11.4 11.6 11.6 11.8 12.0 12.2 12.3 12.5 12.6 12.7 12.8 12.9 12.9 13.0 13.0 13.1 13.1 13.2 0.00 
10.2 10.3 10.4 10.6 10.7 10.8 10.9 11.3 11.4 11.7 11.9 12.0 12.1 12.3 12.5 12.6 12.7 12.9 13.0 13.0 13.0 13.1 13.1 13.1 13.2 13.3 0.00 
10.3 10.3 10.5 10.6 10.8 10.9 11.0 11.3 11.5 11.8 12.0 12.1 12.3 12.4 12.6 12.7 12.9 13.0 13.1 13.2 13.2 13.2 13.2 13.2 0.00 0.00 0.00 
10.3 10.4 10.5 10.6 10.9 11.0 11.2 11.4 11.7 12.0 12.1 12.2 12.3 12.5 12.7 12.8 13.0 13.1 13.2 13.2 13.2 13.2 13.2 13.2 13.3 0.00 0.00 
10.4 10.5 10.6 10.8 11.0 11.1 11.2 11.5 11.8 12.0 12.2 12.4 12.4 12.6 12.7 12.9 13.0 13.2 13.2 13.3 13.3 13.3 13.3 0.00 0.00 0.00 0.00 
10.4 10.5 10.7 10.9 11.0 11.1 11.3 11.6 11.9 12.0 12.3 12.4 12.6 12.6 12.8 13.0 13.1 13.2 13.2 13.3 13.3 13.3 0.00 0.00 0.00 0.00 0.00 
10.5 10.6 10.7 10.9 11.0 11.2 11.3 11.6 11.9 12.0 12.3 12.4 12.6 12.7 12.9 13.0 13.1 13.2 13.3 13.3 13.4 13.4 0.00 0.00 0.00 0.00 0.00 
10.5 10.6 10.7 10.9 11.1 11.3 11.4 11.6 11.9 12.0 12.2 12.5 12.6 12.8 12.9 13.0 13.2 13.3 13.3 13.4 13.4 0.00 0.00 0.00 0.00 0.00 0.00 
10.6 10.7 10.8 11.0 11.2 11.3 11.4 11.6 11.8 12.1 12.2 12.4 12.7 12.8 12.9 13.1 13.2 13.2 13.3 13.4 13.5 0.00 0.00 0.00 0.00 0.00 0.00 
10.6 10.7 10.8 11.0 11.2 11.4 11.5 11.6 11.9 12.1 12.2 12.4 12.6 12.8 12.8 13.0 13.1 13.2 13.3 13.3 0.00 0.00 0.00 0.00 0.00 0.00 0.00 
10.6 10.7 10.9 11.0 11.2 11.3 11.5 11.6 12.0 12.1 12.2 12.5 12.6 12.7 12.8 13.0 13.1 13.2 13.2 0.00 0.00 0.00 0.00 0.00 0.00 0.00 0.00 
10.7 10.8 11.0 11.2 11.3 11.5 11.5 11.8 12.0 12.1 12.2 12.4 12.6 12.6 12.7 12.9 13.1 13.2 13.3 0.00 0.00 0.00 0.00 0.00 0.00 0.00 0.00 
10.8 10.9 11.1 11.2 11.4 11.4 11.6 11.6 11.8 12.1 12.2 12.4 12.6 12.5 12.7 12.9 13.1 13.2 13.3 0.00 0.00 0.00 0.00 0.00 0.00 0.00 0.00 
10.9 11.1 11.1 11.2 11.4 11.5 11.6 11.7 11.9 11.9 12.0 12.3 12.6 12.5 12.7 12.8 13.0 13.1 0.00 0.00 0.00 0.00 0.00 0.00 0.00 0.00 0.00 
10.9 11.1 11.3 11.4 11.5 11.6 11.6 11.8 12.1 12.1 12.1 12.3 12.6 12.7 0.00 0.00 0.00 0.00 0.00 0.00 0.00 0.00 0.00 0.00 0.00 0.00 0.00 
11.0 11.2 11.3 11.5 11.5 11.5 11.7 11.9 12.1 12.2 12.3 12.3 12.6 12.6 12.6 0.00 0.00 0.00 0.00 0.00 0.00 0.00 0.00 0.00 0.00 0.00 0.00 
