2016_CCC_ARR_IFD/catchment_depth_3min_99752aep.txt.asc
ncols         27
nrows         23
xllcorner     150.975
yllcorner     -33.6
cellsize      0.025
NODATA_value  -9999
1.84 1.84 1.86 1.88 1.87 1.86 1.87 1.90 1.93 1.98 2.03 2.06 2.08 2.12 2.15 2.18 2.19 2.25 2.29 2.32 2.36 2.38 2.41 2.45 2.48 2.51 2.54 
1.87 1.87 1.88 1.90 1.91 1.91 1.91 1.94 1.97 2.02 2.08 2.13 2.13 2.15 2.19 2.19 2.23 2.29 2.33 2.36 2.39 2.42 2.45 2.48 2.51 2.54 2.57 
1.87 1.89 1.91 1.93 1.93 1.94 1.95 1.97 2.02 2.06 2.10 2.14 2.15 2.17 2.22 2.25 2.27 2.31 2.36 2.40 2.43 2.46 2.49 2.52 2.54 2.57 2.59 
1.90 1.91 1.94 1.92 1.94 1.96 2.00 2.02 2.04 2.08 2.13 2.15 2.18 2.21 2.25 2.27 2.31 2.36 2.40 2.44 2.47 2.50 2.53 2.55 2.58 2.60 2.62 
1.91 1.92 1.95 1.94 1.97 1.99 2.02 2.05 2.10 2.15 2.16 2.17 2.22 2.24 2.28 2.31 2.35 2.40 2.45 2.48 2.51 2.54 2.57 2.59 2.61 2.63 2.65 
1.92 1.96 1.96 1.96 2.01 2.02 2.04 2.07 2.14 2.19 2.19 2.22 2.24 2.28 2.32 2.37 2.40 2.43 2.47 2.53 2.56 2.58 2.60 2.62 2.64 2.66 2.68 
1.93 1.96 1.96 1.98 2.03 2.04 2.08 2.11 2.17 2.23 2.23 2.25 2.28 2.33 2.35 2.41 2.45 2.48 2.52 2.57 2.60 2.62 2.64 2.65 2.67 2.69 2.71 
1.94 1.98 2.01 2.04 2.08 2.06 2.11 2.17 2.22 2.27 2.27 2.27 2.31 2.35 2.39 2.44 2.50 2.54 2.58 2.61 2.64 2.65 2.67 2.68 2.70 2.72 0.00 
1.95 2.01 2.03 2.08 2.09 2.10 2.13 2.22 2.25 2.31 2.35 2.34 2.35 2.39 2.43 2.48 2.54 2.59 2.63 2.65 2.67 2.69 2.70 2.71 2.73 2.74 0.00 
1.98 1.99 2.05 2.08 2.12 2.13 2.15 2.21 2.25 2.35 2.38 2.40 2.44 2.42 2.47 2.51 2.58 2.63 2.68 2.69 2.71 2.72 2.73 2.74 0.00 0.00 0.00 
1.98 2.01 2.04 2.06 2.14 2.15 2.19 2.26 2.31 2.40 2.44 2.41 2.42 2.50 2.50 2.54 2.61 2.66 2.71 2.72 2.73 2.75 2.76 2.76 2.78 0.00 0.00 
1.98 2.01 2.06 2.11 2.18 2.18 2.19 2.30 2.38 2.40 2.48 2.51 2.46 2.49 2.53 2.57 2.62 2.67 2.71 2.74 2.76 2.77 2.78 0.00 0.00 0.00 0.00 
1.99 2.05 2.09 2.15 2.19 2.19 2.21 2.33 2.39 2.39 2.49 2.51 2.55 2.51 2.55 2.59 2.64 2.69 2.73 2.75 2.78 2.79 0.00 0.00 0.00 0.00 0.00 
2.01 2.05 2.09 2.16 2.18 2.21 2.24 2.33 2.39 2.41 2.48 2.49 2.58 2.56 2.58 2.61 2.65 2.70 2.74 2.77 2.80 2.81 0.00 0.00 0.00 0.00 0.00 
2.00 2.04 2.09 2.16 2.21 2.26 2.26 2.32 2.41 2.41 2.46 2.53 2.59 2.57 2.58 2.62 2.67 2.72 2.75 2.79 2.82 0.00 0.00 0.00 0.00 0.00 0.00 
2.07 2.08 2.11 2.18 2.25 2.27 2.28 2.33 2.38 2.45 2.47 2.52 2.60 2.59 2.58 2.63 2.70 2.72 2.77 2.80 2.84 0.00 0.00 0.00 0.00 0.00 0.00 
2.10 2.12 2.13 2.18 2.23 2.31 2.33 2.34 2.43 2.48 2.50 2.52 2.60 2.60 2.60 2.65 2.69 2.74 2.78 2.81 0.00 0.00 0.00 0.00 0.00 0.00 0.00 
2.12 2.16 2.18 2.20 2.25 2.29 2.33 2.38 2.46 2.49 2.51 2.58 2.62 2.62 2.63 2.68 2.72 2.76 2.79 0.00 0.00 0.00 0.00 0.00 0.00 0.00 0.00 
2.14 2.18 2.23 2.26 2.31 2.35 2.37 2.43 2.49 2.51 2.55 2.59 2.64 2.63 2.67 2.71 2.75 2.79 2.82 0.00 0.00 0.00 0.00 0.00 0.00 0.00 0.00 
2.17 2.21 2.26 2.30 2.33 2.36 2.41 2.43 2.48 2.54 2.58 2.64 2.68 2.67 2.70 2.76 2.80 2.83 2.86 0.00 0.00 0.00 0.00 0.00 0.00 0.00 0.00 
2.21 2.26 2.28 2.31 2.35 2.40 2.43 2.48 2.53 2.55 2.59 2.65 2.71 2.71 2.76 2.79 2.82 2.85 0.00 0.00 0.00 0.00 0.00 0.00 0.00 0.00 0.00 
2.24 2.28 2.32 2.36 2.40 2.44 2.47 2.52 2.58 2.61 2.64 2.69 2.76 2.79 0.00 0.00 0.00 0.00 0.00 0.00 0.00 0.00 0.00 0.00 0.00 0.00 0.00 
2.27 2.31 2.35 2.40 2.43 2.46 2.50 2.57 2.62 2.67 2.71 2.74 2.79 2.82 2.82 0.00 0.00 0.00 0.00 0.00 0.00 0.00 0.00 0.00 0.00 0.00 0.00 
