2016_CCC_ARR_IFD/catchment_depth_90min_18127aep.txt.asc
ncols         27
nrows         23
xllcorner     150.975
yllcorner     -33.6
cellsize      0.025
NODATA_value  -9999
38.8 38.8 39.4 39.8 39.6 39.5 39.7 40.3 41.1 42.3 43.6 44.2 44.6 45.6 46.0 46.6 46.8 47.1 47.8 48.4 49.0 49.6 50.2 50.7 51.2 51.7 52.2 
39.2 39.3 39.5 40.0 40.2 40.3 40.4 40.9 41.9 43.1 44.3 45.1 45.4 45.9 46.6 46.6 46.9 47.6 48.3 48.9 49.4 50.0 50.5 51.0 51.5 52.0 52.5 
39.0 39.5 40.1 40.3 40.4 40.7 41.0 41.5 42.8 43.6 44.5 45.3 45.6 45.8 46.9 47.5 47.7 48.0 48.7 49.3 49.9 50.4 50.9 51.4 51.9 52.3 52.8 
39.4 39.6 40.3 39.9 40.3 40.8 41.8 42.1 42.7 43.8 44.7 45.2 45.9 46.5 47.3 47.5 48.0 48.6 49.3 49.8 50.3 50.8 51.3 51.7 52.2 52.6 53.1 
39.5 39.7 40.4 40.0 40.7 41.3 42.1 42.7 43.8 44.9 45.1 45.4 46.5 46.7 47.6 48.0 48.6 49.3 49.9 50.4 50.8 51.3 51.7 52.1 52.5 53.0 53.4 
39.5 40.2 40.3 40.1 41.3 41.5 42.1 42.9 44.3 45.4 45.5 46.1 46.7 47.4 48.1 48.7 49.3 49.9 50.4 50.9 51.3 51.7 52.1 52.4 52.9 53.3 53.6 
39.5 40.0 40.1 40.6 41.7 41.9 42.7 43.6 44.8 46.0 46.2 46.7 47.2 48.2 48.7 49.4 50.1 50.6 51.2 51.6 51.9 52.2 52.5 52.8 53.2 53.6 54.0 
39.8 40.4 41.0 41.7 42.4 42.3 43.3 44.5 45.6 46.5 46.7 47.0 47.8 48.6 49.4 50.0 50.8 51.5 51.9 52.3 52.5 52.7 52.9 53.1 53.4 53.7 0.00 
40.0 40.8 41.3 42.2 42.5 43.0 43.6 45.3 45.9 47.1 47.8 48.0 48.5 49.2 50.0 50.8 51.6 52.3 52.7 53.0 53.1 53.1 53.2 53.4 53.6 53.9 0.00 
40.3 40.7 41.6 42.2 43.0 43.3 43.9 45.0 45.9 47.6 48.4 48.8 49.6 49.8 50.5 51.3 52.2 53.0 53.6 53.6 53.6 53.6 53.6 53.6 0.00 0.00 0.00 
40.5 41.0 41.6 42.1 43.3 43.7 44.5 45.8 46.9 48.3 49.1 49.0 49.6 50.6 51.0 51.7 52.6 53.5 54.0 54.0 53.9 53.9 53.9 53.9 54.1 0.00 0.00 
40.7 41.1 41.8 42.7 43.8 44.1 44.6 46.3 47.7 48.3 49.7 50.2 50.1 50.7 51.4 52.1 52.8 53.6 53.9 54.1 54.1 54.1 54.2 0.00 0.00 0.00 0.00 
40.8 41.4 42.2 43.1 43.9 44.3 44.9 46.6 47.8 48.1 49.7 50.3 51.0 51.0 51.7 52.4 53.0 53.6 53.9 54.1 54.3 54.3 0.00 0.00 0.00 0.00 0.00 
41.0 41.5 42.2 43.2 43.8 44.5 45.3 46.7 47.7 48.4 49.6 50.0 51.2 51.4 52.0 52.6 53.2 53.8 54.1 54.2 54.4 54.5 0.00 0.00 0.00 0.00 0.00 
41.2 41.7 42.3 43.2 44.1 45.0 45.4 46.4 47.9 48.3 49.3 50.4 51.3 51.5 52.1 52.7 53.4 53.9 54.3 54.4 54.7 0.00 0.00 0.00 0.00 0.00 0.00 
41.2 41.8 42.5 43.3 44.4 45.1 45.6 46.6 47.5 48.7 49.3 50.2 51.3 51.7 52.1 52.8 53.5 53.7 54.2 54.4 55.0 0.00 0.00 0.00 0.00 0.00 0.00 
41.3 41.8 42.7 43.4 44.2 45.5 46.1 46.4 47.9 48.9 49.4 50.0 51.2 51.6 51.9 52.7 53.2 53.7 53.9 54.2 0.00 0.00 0.00 0.00 0.00 0.00 0.00 
41.5 42.0 42.8 43.5 44.3 45.2 45.9 46.7 48.2 48.8 49.3 50.5 51.3 51.5 51.7 52.6 53.3 53.8 53.9 0.00 0.00 0.00 0.00 0.00 0.00 0.00 0.00 
42.0 42.4 43.3 44.1 44.9 45.8 46.1 47.3 48.4 48.8 49.5 50.3 51.2 51.0 51.6 52.3 53.1 53.7 54.1 0.00 0.00 0.00 0.00 0.00 0.00 0.00 0.00 
42.3 42.9 43.7 44.5 45.2 45.7 46.6 46.9 47.6 48.8 49.5 50.5 51.2 50.9 51.4 52.6 53.3 53.8 54.2 0.00 0.00 0.00 0.00 0.00 0.00 0.00 0.00 
42.7 43.5 44.0 44.6 45.3 46.1 46.4 47.3 48.1 48.2 48.9 50.1 51.3 50.8 51.8 52.3 53.0 53.3 0.00 0.00 0.00 0.00 0.00 0.00 0.00 0.00 0.00 
42.9 43.9 44.6 45.3 46.0 46.6 46.9 47.7 48.8 49.0 49.1 50.2 51.5 51.8 0.00 0.00 0.00 0.00 0.00 0.00 0.00 0.00 0.00 0.00 0.00 0.00 0.00 
43.3 44.2 45.0 45.8 46.1 46.3 47.0 48.2 49.0 49.6 50.3 50.3 51.3 51.4 51.2 0.00 0.00 0.00 0.00 0.00 0.00 0.00 0.00 0.00 0.00 0.00 0.00 
