2016_CCC_ARR_IFD/catchment_depth_10080min_39347aep.txt.asc
ncols         27
nrows         23
xllcorner     150.975
yllcorner     -33.6
cellsize      0.025
NODATA_value  -9999
148 146 154 159 153 147 144 149 155 166 179 182 181 193 194 198 186 172 175 178 179 183 186 186 186 187 187 
155 154 156 161 160 157 152 155 162 175 188 199 194 193 202 185 179 175 175 177 180 183 185 186 187 188 189 
150 157 164 164 161 161 159 160 173 180 188 194 190 183 198 205 192 184 181 179 182 184 185 187 189 190 191 
159 159 167 156 157 158 169 166 168 177 186 185 189 189 198 188 189 182 183 183 185 186 188 189 190 192 196 
160 159 167 156 161 164 169 172 181 193 187 179 193 184 194 187 192 186 186 189 189 189 189 191 192 195 196 
156 167 164 156 168 165 164 169 185 196 186 187 187 188 194 185 191 193 195 190 191 192 192 193 196 199 197 
151 160 158 160 171 165 171 177 188 201 192 189 182 200 195 186 192 197 196 194 193 194 195 196 198 202 205 
150 166 171 175 179 166 176 188 196 206 194 185 190 194 200 198 194 194 196 195 195 197 197 196 198 199 0.00 
156 171 172 180 177 175 174 196 195 208 211 200 196 195 201 198 197 197 197 198 199 198 198 198 199 199 0.00 
160 161 174 176 181 176 175 186 190 210 212 210 215 204 200 204 198 199 200 202 202 200 200 201 0.00 0.00 0.00 
159 162 167 164 183 178 183 196 202 217 223 208 207 219 212 212 205 203 203 203 203 202 204 205 205 0.00 0.00 
154 159 168 177 188 181 180 199 213 212 225 224 212 213 215 215 214 209 206 205 205 205 206 0.00 0.00 0.00 0.00 
157 166 173 183 186 182 180 203 212 207 222 223 228 213 215 214 212 214 209 208 208 208 0.00 0.00 0.00 0.00 0.00 
158 164 168 181 181 182 185 200 208 209 219 217 230 222 220 218 220 222 216 211 212 210 0.00 0.00 0.00 0.00 0.00 
154 160 164 176 184 189 185 193 210 206 212 222 229 222 220 221 223 225 224 217 219 0.00 0.00 0.00 0.00 0.00 0.00 
162 162 164 175 188 188 186 193 200 211 212 218 228 224 223 225 228 221 223 218 230 0.00 0.00 0.00 0.00 0.00 0.00 
165 166 165 171 179 194 194 189 206 213 213 214 225 224 224 225 223 223 218 216 0.00 0.00 0.00 0.00 0.00 0.00 0.00 
165 169 171 171 178 184 187 192 210 211 210 222 225 222 219 224 225 224 218 0.00 0.00 0.00 0.00 0.00 0.00 0.00 0.00 
165 171 180 184 190 197 191 202 212 209 213 217 223 215 216 218 221 223 223 0.00 0.00 0.00 0.00 0.00 0.00 0.00 0.00 
166 175 184 190 192 191 198 193 198 209 212 220 223 212 212 221 225 226 225 0.00 0.00 0.00 0.00 0.00 0.00 0.00 0.00 
172 185 184 187 191 196 194 200 206 199 202 213 222 209 216 216 219 218 0.00 0.00 0.00 0.00 0.00 0.00 0.00 0.00 0.00 
174 188 194 199 203 204 200 206 217 210 204 212 225 221 0.00 0.00 0.00 0.00 0.00 0.00 0.00 0.00 0.00 0.00 0.00 0.00 0.00 
179 191 199 206 203 198 202 214 219 220 221 213 221 214 204 0.00 0.00 0.00 0.00 0.00 0.00 0.00 0.00 0.00 0.00 0.00 0.00 
