2016_CCC_ARR_IFD/catchment_depth_2min_39347aep.txt.asc
ncols         27
nrows         23
xllcorner     150.975
yllcorner     -33.6
cellsize      0.025
NODATA_value  -9999
3.80 3.78 3.81 3.83 3.81 3.78 3.79 3.83 3.88 3.96 4.06 4.10 4.12 4.19 4.22 4.26 4.26 4.32 4.37 4.41 4.47 4.50 4.54 4.59 4.63 4.68 4.71 
3.82 3.81 3.82 3.85 3.85 3.85 3.84 3.88 3.93 4.02 4.11 4.17 4.18 4.21 4.26 4.24 4.28 4.36 4.42 4.47 4.51 4.55 4.59 4.63 4.67 4.71 4.74 
3.81 3.83 3.86 3.87 3.87 3.88 3.90 3.92 4.00 4.06 4.12 4.17 4.19 4.19 4.27 4.32 4.32 4.36 4.45 4.51 4.55 4.59 4.63 4.67 4.70 4.73 4.77 
3.84 3.84 3.88 3.85 3.87 3.89 3.96 3.97 4.00 4.07 4.13 4.16 4.21 4.24 4.30 4.31 4.35 4.44 4.50 4.56 4.59 4.63 4.67 4.70 4.73 4.76 4.79 
3.85 3.85 3.89 3.87 3.90 3.93 3.98 4.01 4.08 4.16 4.16 4.17 4.25 4.26 4.32 4.36 4.40 4.49 4.55 4.59 4.64 4.67 4.71 4.73 4.76 4.79 4.82 
3.85 3.88 3.89 3.89 3.94 3.96 3.99 4.04 4.12 4.19 4.19 4.22 4.26 4.30 4.35 4.44 4.46 4.51 4.57 4.65 4.69 4.72 4.74 4.77 4.79 4.81 4.84 
3.87 3.88 3.90 3.92 3.98 3.99 4.04 4.09 4.16 4.24 4.24 4.26 4.31 4.36 4.39 4.51 4.54 4.57 4.64 4.70 4.74 4.76 4.78 4.80 4.81 4.83 4.86 
3.90 3.91 3.95 3.98 4.02 4.03 4.08 4.15 4.22 4.28 4.27 4.30 4.35 4.39 4.44 4.51 4.61 4.68 4.72 4.76 4.79 4.80 4.81 4.83 4.84 4.86 0.00 
3.91 3.94 3.97 4.02 4.04 4.07 4.11 4.20 4.24 4.32 4.37 4.36 4.39 4.45 4.49 4.58 4.67 4.74 4.79 4.82 4.83 4.84 4.84 4.85 4.86 4.89 0.00 
3.93 3.95 3.99 4.03 4.07 4.10 4.14 4.20 4.25 4.36 4.41 4.42 4.47 4.48 4.56 4.61 4.73 4.81 4.86 4.86 4.86 4.87 4.87 4.87 0.00 0.00 0.00 
3.95 3.97 4.01 4.04 4.10 4.13 4.18 4.26 4.32 4.41 4.47 4.44 4.47 4.54 4.57 4.63 4.75 4.84 4.89 4.89 4.89 4.89 4.89 4.88 4.90 0.00 0.00 
3.98 4.00 4.03 4.07 4.14 4.16 4.20 4.29 4.38 4.42 4.51 4.54 4.51 4.56 4.61 4.66 4.73 4.83 4.88 4.90 4.91 4.91 4.91 0.00 0.00 0.00 0.00 
3.99 4.01 4.05 4.11 4.15 4.18 4.22 4.32 4.40 4.41 4.52 4.55 4.60 4.58 4.64 4.70 4.77 4.82 4.87 4.90 4.91 4.92 0.00 0.00 0.00 0.00 0.00 
4.00 4.03 4.07 4.12 4.16 4.20 4.25 4.33 4.40 4.43 4.51 4.53 4.62 4.62 4.66 4.71 4.76 4.80 4.86 4.90 4.92 4.94 0.00 0.00 0.00 0.00 0.00 
4.04 4.06 4.09 4.13 4.18 4.24 4.27 4.33 4.42 4.44 4.50 4.57 4.63 4.63 4.66 4.71 4.77 4.81 4.86 4.90 4.93 0.00 0.00 0.00 0.00 0.00 0.00 
4.02 4.07 4.11 4.14 4.21 4.25 4.30 4.35 4.41 4.48 4.51 4.57 4.64 4.65 4.66 4.72 4.78 4.82 4.87 4.91 4.94 0.00 0.00 0.00 0.00 0.00 0.00 
4.03 4.06 4.13 4.17 4.22 4.28 4.33 4.37 4.44 4.50 4.53 4.57 4.65 4.67 4.68 4.73 4.78 4.83 4.88 4.92 0.00 0.00 0.00 0.00 0.00 0.00 0.00 
4.05 4.08 4.13 4.20 4.24 4.29 4.34 4.39 4.47 4.52 4.55 4.63 4.67 4.68 4.71 4.76 4.81 4.85 4.89 0.00 0.00 0.00 0.00 0.00 0.00 0.00 0.00 
4.09 4.11 4.16 4.21 4.27 4.33 4.37 4.43 4.50 4.54 4.59 4.64 4.69 4.70 4.74 4.78 4.83 4.88 4.92 0.00 0.00 0.00 0.00 0.00 0.00 0.00 0.00 
4.12 4.15 4.19 4.25 4.29 4.34 4.40 4.44 4.50 4.56 4.61 4.68 4.73 4.73 4.77 4.83 4.88 4.92 4.96 0.00 0.00 0.00 0.00 0.00 0.00 0.00 0.00 
4.15 4.18 4.22 4.27 4.32 4.37 4.42 4.48 4.54 4.57 4.62 4.70 4.76 4.77 4.82 4.86 4.91 4.94 0.00 0.00 0.00 0.00 0.00 0.00 0.00 0.00 0.00 
4.17 4.21 4.26 4.31 4.36 4.41 4.45 4.52 4.59 4.63 4.67 4.74 4.81 4.85 0.00 0.00 0.00 0.00 0.00 0.00 0.00 0.00 0.00 0.00 0.00 0.00 0.00 
4.20 4.24 4.29 4.34 4.38 4.42 4.48 4.56 4.62 4.68 4.74 4.78 4.85 4.88 4.88 0.00 0.00 0.00 0.00 0.00 0.00 0.00 0.00 0.00 0.00 0.00 0.00 
