2016_CCC_ARR_IFD/catchment_depth_270min_00050aep.txt.asc
ncols         27
nrows         23
xllcorner     150.975
yllcorner     -33.6
cellsize      0.025
NODATA_value  -9999
158 158 163 166 167 168 170 176 181 188 195 199 204 208 213 217 222 227 233 238 243 248 252 255 258 261 265 
160 162 164 168 171 173 175 180 186 193 199 203 207 212 216 220 222 230 236 242 246 250 254 257 260 263 266 
159 163 168 170 172 176 179 183 191 197 202 207 211 215 220 223 229 231 239 245 249 252 256 259 262 265 267 
162 164 169 169 173 177 184 187 192 199 205 210 215 220 224 228 232 237 243 247 251 255 258 261 263 266 269 
162 165 170 169 175 180 186 191 198 204 209 213 219 224 229 232 237 241 246 250 254 257 259 262 265 268 270 
162 168 170 170 178 181 186 192 202 208 212 218 223 229 234 237 242 246 250 253 256 259 261 263 266 269 270 
161 166 168 172 180 182 189 196 205 212 216 222 225 233 239 240 246 250 254 256 258 261 263 265 267 270 272 
161 168 173 178 184 184 192 201 209 215 220 223 230 237 243 247 250 254 258 260 261 263 265 265 267 269 0.00 
162 169 173 180 183 188 192 205 210 219 225 229 234 239 245 249 253 258 261 263 264 264 265 266 267 269 0.00 
163 166 174 179 185 188 193 202 210 222 228 233 238 242 245 252 255 261 264 266 266 265 266 266 0.00 0.00 0.00 
162 167 172 175 186 189 196 207 215 225 231 233 237 245 249 253 257 261 265 265 265 265 266 267 268 0.00 0.00 
161 165 172 179 188 190 194 208 218 224 234 239 238 244 249 253 258 261 262 263 264 265 266 0.00 0.00 0.00 0.00 
161 167 173 181 187 190 193 208 218 220 232 237 243 241 247 251 254 259 260 261 263 263 0.00 0.00 0.00 0.00 0.00 
161 166 171 180 184 188 194 206 215 220 229 233 241 243 246 250 254 259 259 259 261 261 0.00 0.00 0.00 0.00 0.00 
159 164 169 177 185 191 193 201 214 216 224 232 239 240 242 247 252 256 259 258 261 0.00 0.00 0.00 0.00 0.00 0.00 
161 164 168 176 185 190 192 200 207 217 221 227 236 238 240 245 251 251 255 255 261 0.00 0.00 0.00 0.00 0.00 0.00 
161 164 169 174 181 191 195 195 208 215 218 221 232 234 233 240 243 247 248 249 0.00 0.00 0.00 0.00 0.00 0.00 0.00 
161 165 170 173 180 186 190 195 208 212 213 224 229 228 228 236 241 244 243 0.00 0.00 0.00 0.00 0.00 0.00 0.00 0.00 
163 167 173 178 185 191 190 199 208 208 213 218 224 220 223 228 234 239 242 0.00 0.00 0.00 0.00 0.00 0.00 0.00 0.00 
164 169 175 181 185 187 193 192 197 206 209 217 221 215 218 227 233 237 240 0.00 0.00 0.00 0.00 0.00 0.00 0.00 0.00 
167 174 176 180 184 189 189 194 200 196 200 209 218 211 218 221 226 228 0.00 0.00 0.00 0.00 0.00 0.00 0.00 0.00 0.00 
168 176 181 186 190 193 192 197 205 202 199 206 217 217 0.00 0.00 0.00 0.00 0.00 0.00 0.00 0.00 0.00 0.00 0.00 0.00 0.00 
170 178 184 189 190 188 192 201 205 207 209 204 212 209 204 0.00 0.00 0.00 0.00 0.00 0.00 0.00 0.00 0.00 0.00 0.00 0.00 
