2016_CCC_ARR_IFD/catchment_depth_2880min_98168aep.txt.asc
ncols         27
nrows         23
xllcorner     150.975
yllcorner     -33.6
cellsize      0.025
NODATA_value  -9999
48.2 47.6 50.1 51.3 49.7 47.7 46.6 48.3 49.8 53.0 56.9 57.8 57.2 60.7 60.8 62.1 58.3 54.1 54.9 55.8 56.3 57.5 58.8 58.9 59.1 59.5 59.8 
50.2 50.1 50.6 52.0 51.7 50.8 49.2 49.9 52.1 55.7 59.5 62.7 61.1 60.6 63.3 57.8 55.7 54.7 55.1 55.8 56.8 57.7 58.4 58.9 59.4 59.8 60.2 
48.8 50.9 52.9 52.8 51.8 51.8 51.4 51.4 55.2 57.2 59.6 61.2 59.9 57.6 62.1 64.1 59.7 56.9 56.4 56.4 57.2 57.9 58.5 59.2 60.0 60.4 60.8 
51.4 51.5 53.7 50.3 50.8 51.1 54.2 53.3 53.7 56.5 58.9 58.6 59.5 59.4 61.9 58.6 58.5 56.7 57.1 57.3 58.2 58.7 59.3 59.9 60.4 61.1 62.4 
51.5 51.3 53.6 50.4 51.9 52.9 54.2 54.9 57.7 61.2 59.2 56.5 60.7 57.7 60.6 57.9 59.5 57.7 58.1 58.9 59.2 59.5 59.8 60.5 61.0 62.0 62.5 
50.4 53.6 52.8 50.3 53.9 53.0 52.5 54.1 58.7 62.2 59.0 58.9 58.7 58.8 60.3 57.5 59.3 59.9 60.4 59.4 59.8 60.3 60.7 61.1 62.0 63.0 62.6 
48.8 51.5 50.7 51.4 54.8 52.9 54.6 56.3 59.7 63.6 60.6 59.5 57.2 62.5 60.7 58.2 59.6 61.0 61.1 60.6 60.7 61.2 61.6 61.9 62.8 63.9 64.9 
48.4 53.0 54.6 55.8 57.0 53.2 56.2 59.6 62.1 64.8 61.0 58.3 59.5 60.5 62.4 61.5 60.4 60.5 61.3 61.2 61.3 62.0 62.4 62.2 62.8 63.3 0.00 
49.8 54.3 54.8 57.2 56.2 55.7 55.5 61.8 61.7 65.3 66.3 62.9 61.3 61.0 62.6 61.8 61.3 61.5 61.7 62.1 62.5 62.4 62.6 62.8 63.3 63.4 0.00 
51.0 51.4 55.1 55.8 57.4 56.0 55.5 58.9 60.1 65.9 66.6 65.7 67.0 63.5 62.4 63.5 61.9 62.3 62.6 63.2 63.3 63.1 63.3 63.7 0.00 0.00 0.00 
50.7 51.7 53.0 52.2 57.9 56.3 57.8 61.6 63.6 67.8 69.4 65.1 64.5 68.0 65.8 66.0 63.8 63.4 63.4 63.6 63.7 63.8 64.4 64.9 65.1 0.00 0.00 
49.1 50.6 53.4 55.8 59.2 57.2 56.7 62.5 66.5 66.2 70.0 69.8 66.0 66.4 66.7 66.6 66.4 65.1 64.3 64.3 64.4 64.6 65.0 0.00 0.00 0.00 0.00 
49.7 52.4 54.6 57.5 58.6 57.3 56.6 63.4 66.2 64.5 69.2 69.3 70.8 66.1 66.8 66.5 66.0 66.5 65.4 65.2 65.3 65.3 0.00 0.00 0.00 0.00 0.00 
49.9 51.8 53.0 56.7 56.8 57.1 58.0 62.7 64.9 65.1 68.1 67.5 71.3 69.0 68.4 67.7 68.2 68.9 67.3 66.2 66.5 66.0 0.00 0.00 0.00 0.00 0.00 
48.6 50.3 51.8 55.3 57.7 59.2 57.9 60.5 65.3 64.3 66.0 68.8 71.0 68.9 68.2 68.6 69.2 69.8 69.8 67.9 68.6 0.00 0.00 0.00 0.00 0.00 0.00 
50.7 50.8 51.6 54.9 58.5 58.8 58.2 60.4 62.4 65.6 65.8 67.6 70.7 69.3 69.0 69.6 70.6 68.9 69.3 68.2 71.5 0.00 0.00 0.00 0.00 0.00 0.00 
51.4 51.9 51.8 53.5 56.0 60.4 60.5 59.0 64.2 66.2 66.0 66.3 69.5 69.3 69.3 69.6 69.3 69.2 68.1 67.6 0.00 0.00 0.00 0.00 0.00 0.00 0.00 
51.4 52.6 53.2 53.4 55.6 57.4 58.3 59.9 65.0 65.5 65.2 68.7 69.7 68.8 67.8 69.4 69.9 69.5 68.0 0.00 0.00 0.00 0.00 0.00 0.00 0.00 0.00 
51.2 52.9 55.5 57.0 58.9 60.8 59.3 62.7 65.7 64.9 66.1 67.5 69.1 66.7 67.0 67.8 68.7 69.3 69.3 0.00 0.00 0.00 0.00 0.00 0.00 0.00 0.00 
51.5 54.0 56.5 58.6 59.3 59.3 61.3 60.1 61.7 65.0 65.8 68.2 69.1 66.0 66.1 68.6 69.7 70.2 70.1 0.00 0.00 0.00 0.00 0.00 0.00 0.00 0.00 
52.9 56.5 56.4 57.7 59.0 60.6 60.1 62.0 63.8 62.0 63.0 66.2 68.8 65.1 67.2 67.1 68.2 67.9 0.00 0.00 0.00 0.00 0.00 0.00 0.00 0.00 0.00 
53.4 57.2 59.1 60.8 62.1 62.5 61.9 63.8 66.8 65.2 63.8 66.0 69.5 68.7 0.00 0.00 0.00 0.00 0.00 0.00 0.00 0.00 0.00 0.00 0.00 0.00 0.00 
54.5 57.9 60.3 62.5 62.1 60.9 62.5 65.9 67.5 67.9 68.4 66.1 68.4 66.5 63.7 0.00 0.00 0.00 0.00 0.00 0.00 0.00 0.00 0.00 0.00 0.00 0.00 
