2016_CCC_ARR_IFD/catchment_depth_2min_00500aep.txt.asc
ncols         27
nrows         23
xllcorner     150.975
yllcorner     -33.6
cellsize      0.025
NODATA_value  -9999
9.97 9.96 10.1 10.2 10.3 10.3 10.4 10.6 10.8 11.1 11.4 11.6 11.8 11.9 12.1 12.3 12.5 12.6 12.8 13.0 13.2 13.3 13.5 13.6 13.7 13.9 14.0 
10.1 10.1 10.2 10.3 10.4 10.5 10.6 10.8 11.1 11.4 11.6 11.7 11.9 12.1 12.2 12.5 12.6 12.8 13.0 13.2 13.4 13.5 13.7 13.8 13.9 14.1 14.2 
10.0 10.1 10.3 10.4 10.5 10.7 10.8 11.0 11.3 11.5 11.8 11.9 12.2 12.4 12.5 12.6 12.9 13.1 13.3 13.4 13.6 13.7 13.9 14.0 14.1 14.2 14.3 
10.1 10.2 10.4 10.3 10.5 10.7 11.0 11.2 11.4 11.7 12.0 12.2 12.4 12.6 12.8 13.1 13.2 13.4 13.5 13.7 13.8 14.0 14.1 14.2 14.3 14.4 14.5 
10.1 10.2 10.4 10.3 10.6 10.8 11.1 11.4 11.7 11.9 12.2 12.5 12.7 13.0 13.1 13.4 13.5 13.7 13.8 13.9 14.1 14.2 14.3 14.4 14.5 14.6 14.7 
10.1 10.3 10.4 10.3 10.7 10.9 11.1 11.4 11.9 12.1 12.4 12.7 13.0 13.3 13.5 13.7 13.9 14.0 14.1 14.2 14.2 14.4 14.4 14.5 14.6 14.7 14.8 
10.1 10.2 10.3 10.4 10.8 11.0 11.3 11.6 12.0 12.3 12.6 13.0 13.3 13.5 13.9 13.9 14.2 14.3 14.4 14.5 14.5 14.6 14.7 14.7 14.8 14.9 15.0 
10.1 10.3 10.5 10.8 11.0 11.1 11.5 11.9 12.2 12.5 12.8 13.2 13.6 13.9 14.2 14.3 14.4 14.6 14.7 14.7 14.8 14.8 14.9 14.9 14.9 15.0 0.00 
10.2 10.4 10.6 10.9 11.0 11.3 11.5 12.0 12.3 12.7 12.9 13.4 13.8 14.1 14.4 14.5 14.7 14.9 15.0 15.0 15.0 15.0 15.0 15.0 15.1 15.1 0.00 
10.2 10.4 10.7 10.9 11.2 11.4 11.6 12.1 12.4 12.8 13.2 13.5 13.7 14.3 14.5 14.7 14.8 15.1 15.2 15.3 15.2 15.2 15.2 15.2 0.00 0.00 0.00 
10.3 10.4 10.6 10.8 11.2 11.4 11.8 12.2 12.6 13.0 13.3 13.6 14.0 14.1 14.6 14.8 15.0 15.2 15.4 15.3 15.3 15.3 15.3 15.3 15.3 0.00 0.00 
10.3 10.4 10.7 11.0 11.4 11.5 11.8 12.3 12.7 13.1 13.4 13.7 14.0 14.3 14.6 14.9 15.1 15.3 15.3 15.3 15.3 15.3 15.3 0.00 0.00 0.00 0.00 
10.3 10.5 10.8 11.1 11.4 11.5 11.8 12.4 12.8 13.0 13.4 13.7 14.0 14.3 14.6 14.9 15.0 15.2 15.2 15.3 15.3 15.3 0.00 0.00 0.00 0.00 0.00 
10.3 10.5 10.7 11.1 11.3 11.5 11.8 12.3 12.7 13.0 13.4 13.7 13.9 14.3 14.6 14.8 15.0 15.2 15.3 15.2 15.3 15.3 0.00 0.00 0.00 0.00 0.00 
10.3 10.4 10.7 11.0 11.3 11.6 11.8 12.2 12.7 12.9 13.3 13.7 13.9 14.2 14.5 14.7 15.0 15.1 15.3 15.2 15.3 0.00 0.00 0.00 0.00 0.00 0.00 
10.3 10.4 10.7 11.0 11.4 11.6 11.7 12.1 12.5 12.9 13.2 13.5 13.9 14.1 14.4 14.6 14.9 14.9 15.1 15.1 15.2 0.00 0.00 0.00 0.00 0.00 0.00 
10.3 10.4 10.7 10.9 11.2 11.6 11.8 11.9 12.5 12.8 13.0 13.3 13.7 13.9 14.0 14.4 14.5 14.8 14.8 14.9 0.00 0.00 0.00 0.00 0.00 0.00 0.00 
10.3 10.5 10.7 10.8 11.1 11.4 11.6 11.9 12.5 12.7 12.8 13.3 13.6 13.7 13.7 14.2 14.4 14.7 14.6 0.00 0.00 0.00 0.00 0.00 0.00 0.00 0.00 
10.3 10.5 10.8 11.1 11.3 11.6 11.6 12.0 12.4 12.5 12.7 13.0 13.4 13.3 13.5 13.8 14.1 14.4 14.5 0.00 0.00 0.00 0.00 0.00 0.00 0.00 0.00 
10.4 10.6 10.9 11.2 11.4 11.4 11.7 11.6 11.9 12.3 12.5 13.0 13.2 13.1 13.2 13.7 14.0 14.2 14.4 0.00 0.00 0.00 0.00 0.00 0.00 0.00 0.00 
10.4 10.8 10.9 11.1 11.3 11.5 11.5 11.7 12.0 11.9 12.1 12.6 13.1 12.8 13.2 13.4 13.7 13.8 0.00 0.00 0.00 0.00 0.00 0.00 0.00 0.00 0.00 
10.5 10.9 11.1 11.3 11.5 11.6 11.6 11.8 12.3 12.1 12.0 12.5 13.0 13.1 0.00 0.00 0.00 0.00 0.00 0.00 0.00 0.00 0.00 0.00 0.00 0.00 0.00 
10.6 10.9 11.2 11.5 11.5 11.4 11.6 12.1 12.3 12.4 12.5 12.4 12.8 12.7 12.6 0.00 0.00 0.00 0.00 0.00 0.00 0.00 0.00 0.00 0.00 0.00 0.00 
