2016_CCC_ARR_IFD/catchment_depth_1min_00100aep.txt.asc
ncols         27
nrows         23
xllcorner     150.975
yllcorner     -33.6
cellsize      0.025
NODATA_value  -9999
8.05 8.03 8.16 8.26 8.25 8.25 8.33 8.50 8.69 8.94 9.14 9.28 9.44 9.53 9.69 9.80 10.1 10.4 10.6 10.8 10.9 11.0 11.1 11.2 11.3 11.4 11.5 
8.09 8.10 8.15 8.27 8.33 8.37 8.43 8.58 8.80 9.04 9.21 9.31 9.48 9.64 9.72 10.1 10.3 10.5 10.7 10.9 11.0 11.1 11.2 11.3 11.4 11.5 11.5 
8.00 8.10 8.24 8.29 8.32 8.41 8.51 8.66 8.92 9.11 9.28 9.42 9.60 9.82 9.88 9.97 10.3 10.6 10.8 11.0 11.1 11.2 11.3 11.3 11.4 11.5 11.6 
8.07 8.10 8.26 8.12 8.23 8.36 8.63 8.74 8.92 9.15 9.35 9.53 9.71 9.90 10.0 10.3 10.5 10.8 10.9 11.0 11.1 11.2 11.3 11.4 11.5 11.6 11.7 
8.05 8.05 8.22 8.07 8.25 8.43 8.63 8.82 9.06 9.27 9.43 9.66 9.81 10.1 10.2 10.5 10.6 10.8 11.0 11.1 11.2 11.3 11.4 11.5 11.5 11.6 11.7 
7.97 8.16 8.15 8.01 8.36 8.42 8.59 8.82 9.13 9.34 9.52 9.75 9.98 10.2 10.4 10.6 10.8 10.9 11.1 11.1 11.2 11.3 11.4 11.5 11.6 11.7 11.7 
7.94 8.03 8.02 8.09 8.40 8.45 8.68 8.92 9.20 9.42 9.61 9.86 10.1 10.2 10.5 10.7 10.9 11.0 11.1 11.2 11.3 11.4 11.5 11.5 11.6 11.7 11.8 
7.96 8.12 8.25 8.39 8.54 8.51 8.77 9.06 9.29 9.49 9.71 9.98 10.2 10.5 10.6 10.8 10.9 11.0 11.2 11.2 11.3 11.4 11.5 11.6 11.6 11.7 0.00 
8.00 8.20 8.28 8.47 8.52 8.63 8.81 9.16 9.34 9.57 9.75 10.0 10.3 10.5 10.7 10.9 11.0 11.1 11.2 11.3 11.4 11.4 11.5 11.6 11.7 11.7 0.00 
8.06 8.12 8.33 8.43 8.61 8.69 8.86 9.13 9.37 9.64 9.85 10.0 10.2 10.6 10.7 10.9 11.0 11.1 11.3 11.4 11.4 11.5 11.5 11.6 0.00 0.00 0.00 
8.07 8.17 8.28 8.37 8.66 8.74 8.95 9.23 9.46 9.70 9.87 10.1 10.4 10.5 10.7 10.9 11.0 11.2 11.3 11.3 11.4 11.5 11.5 11.6 11.7 0.00 0.00 
8.06 8.16 8.32 8.51 8.74 8.80 8.95 9.28 9.53 9.72 9.94 10.1 10.3 10.6 10.7 10.9 11.1 11.2 11.2 11.3 11.4 11.4 11.5 0.00 0.00 0.00 0.00 
8.08 8.24 8.40 8.60 8.74 8.82 8.96 9.31 9.54 9.70 9.95 10.1 10.3 10.5 10.7 10.9 11.0 11.1 11.2 11.2 11.3 11.4 0.00 0.00 0.00 0.00 0.00 
8.10 8.23 8.36 8.59 8.70 8.83 9.00 9.29 9.52 9.70 9.92 10.1 10.3 10.5 10.7 10.8 11.0 11.1 11.2 11.2 11.3 11.3 0.00 0.00 0.00 0.00 0.00 
8.06 8.19 8.33 8.55 8.74 8.90 8.99 9.22 9.51 9.65 9.87 10.1 10.2 10.4 10.6 10.8 10.9 11.0 11.1 11.2 11.3 0.00 0.00 0.00 0.00 0.00 0.00 
8.16 8.22 8.33 8.55 8.77 8.88 8.98 9.18 9.39 9.65 9.82 10.0 10.2 10.4 10.6 10.7 10.9 10.9 11.0 11.1 11.2 0.00 0.00 0.00 0.00 0.00 0.00 
8.21 8.29 8.33 8.48 8.66 8.93 9.04 9.08 9.42 9.61 9.75 9.91 10.1 10.3 10.4 10.6 10.7 10.8 10.9 10.9 0.00 0.00 0.00 0.00 0.00 0.00 0.00 
8.21 8.33 8.40 8.45 8.62 8.78 8.91 9.07 9.40 9.54 9.64 9.91 10.1 10.2 10.2 10.5 10.6 10.7 10.7 0.00 0.00 0.00 0.00 0.00 0.00 0.00 0.00 
8.18 8.32 8.49 8.60 8.75 8.91 8.91 9.15 9.37 9.44 9.61 9.78 9.97 9.97 10.1 10.3 10.4 10.6 10.7 0.00 0.00 0.00 0.00 0.00 0.00 0.00 0.00 
8.17 8.35 8.50 8.64 8.74 8.79 8.95 8.96 9.11 9.37 9.51 9.74 9.88 9.83 9.95 10.2 10.4 10.5 10.6 0.00 0.00 0.00 0.00 0.00 0.00 0.00 0.00 
8.21 8.42 8.47 8.57 8.67 8.80 8.83 8.99 9.16 9.14 9.29 9.55 9.79 9.71 9.92 10.0 10.2 10.3 0.00 0.00 0.00 0.00 0.00 0.00 0.00 0.00 0.00 
8.19 8.43 8.55 8.67 8.78 8.85 8.87 9.03 9.26 9.24 9.25 9.47 9.73 9.80 0.00 0.00 0.00 0.00 0.00 0.00 0.00 0.00 0.00 0.00 0.00 0.00 0.00 
8.22 8.41 8.56 8.70 8.73 8.69 8.83 9.07 9.22 9.31 9.43 9.40 9.61 9.62 9.57 0.00 0.00 0.00 0.00 0.00 0.00 0.00 0.00 0.00 0.00 0.00 0.00 
