2016_CCC_ARR_IFD/catchment_depth_1440min_39347aep.txt.asc
ncols         27
nrows         23
xllcorner     150.975
yllcorner     -33.6
cellsize      0.025
NODATA_value  -9999
84.0 83.5 87.4 89.7 87.7 85.2 84.3 87.2 90.0 95.3 102 103 103 109 109 112 108 102 104 105 106 108 110 110 110 110 111 
87.2 87.3 88.4 91.0 91.0 90.1 88.4 90.0 93.8 99.7 106 111 109 109 113 107 105 104 104 106 107 108 109 110 111 111 111 
85.5 88.8 92.2 92.5 91.6 92.1 92.1 92.7 98.8 102 106 109 108 106 112 116 111 108 107 107 108 109 110 111 112 112 113 
89.5 90.0 93.8 89.4 90.6 91.6 96.6 95.9 97.3 102 106 106 108 109 113 109 110 107 108 108 110 111 111 112 113 114 116 
90.0 90.2 94.0 89.9 92.7 94.6 97.2 98.8 104 109 107 104 111 107 112 109 112 109 110 112 112 112 112 113 114 115 116 
88.8 94.0 93.3 90.3 96.1 95.3 95.3 98.2 106 111 107 108 108 109 112 109 112 113 114 113 113 114 114 115 116 117 117 
86.9 91.2 90.7 92.2 97.9 95.7 98.8 102 108 114 110 109 107 115 113 110 113 115 115 115 115 116 116 116 117 119 120 
86.7 93.9 96.8 99.2 102 96.5 102 107 112 116 112 108 110 113 116 115 114 115 116 116 116 117 117 117 118 118 0.00 
89.1 96.2 97.5 102 101 101 101 111 112 118 120 115 113 114 117 116 116 117 117 118 118 118 118 118 118 118 0.00 
91.2 92.4 98.4 100 103 102 101 107 110 120 121 120 123 118 116 119 117 118 119 120 120 119 119 119 0.00 0.00 0.00 
91.1 93.1 95.7 95.1 104 103 105 112 116 123 126 120 119 125 122 122 120 120 120 120 120 120 121 121 121 0.00 0.00 
89.2 92.0 96.6 101 107 104 104 114 121 121 128 128 122 122 123 123 123 122 121 121 121 121 122 0.00 0.00 0.00 0.00 
90.5 95.0 99.0 104 106 105 104 116 121 118 127 127 130 122 123 123 122 123 122 122 122 122 0.00 0.00 0.00 0.00 0.00 
91.2 94.5 96.9 103 104 105 107 115 119 119 125 124 131 127 125 124 125 127 124 123 123 122 0.00 0.00 0.00 0.00 0.00 
89.8 92.8 95.5 101 106 109 107 111 120 118 121 126 130 126 124 125 126 128 128 125 126 0.00 0.00 0.00 0.00 0.00 0.00 
93.1 93.9 95.6 101 107 108 108 112 115 121 121 124 130 127 125 126 129 126 127 125 131 0.00 0.00 0.00 0.00 0.00 0.00 
94.7 95.8 96.4 99.5 104 111 112 109 118 122 121 121 127 126 124 125 125 126 124 124 0.00 0.00 0.00 0.00 0.00 0.00 0.00 
95.1 97.4 98.9 99.6 104 107 109 111 120 121 120 126 128 125 122 125 127 126 124 0.00 0.00 0.00 0.00 0.00 0.00 0.00 0.00 
95.5 98.3 103 106 109 112 111 116 121 120 122 124 126 121 121 123 124 126 126 0.00 0.00 0.00 0.00 0.00 0.00 0.00 0.00 
96.4 101 105 109 110 110 114 112 115 121 122 125 127 120 120 125 127 128 128 0.00 0.00 0.00 0.00 0.00 0.00 0.00 0.00 
99.2 105 105 108 110 113 112 116 119 115 117 122 126 119 122 122 124 123 0.00 0.00 0.00 0.00 0.00 0.00 0.00 0.00 0.00 
100 107 110 113 115 116 115 118 123 121 118 122 128 126 0.00 0.00 0.00 0.00 0.00 0.00 0.00 0.00 0.00 0.00 0.00 0.00 0.00 
103 108 112 116 115 113 116 122 124 125 126 122 126 122 117 0.00 0.00 0.00 0.00 0.00 0.00 0.00 0.00 0.00 0.00 0.00 0.00 
