2016_CCC_ARR_IFD/catchment_depth_120min_10000aep.txt.asc
ncols         27
nrows         23
xllcorner     150.975
yllcorner     -33.6
cellsize      0.025
NODATA_value  -9999
49.6 49.6 50.5 51.2 51.1 50.9 51.2 52.3 53.4 55.2 57.0 57.9 58.5 59.8 60.6 61.4 61.7 61.9 62.8 63.8 64.6 65.5 66.4 67.0 67.7 68.4 69.1 
50.1 50.3 50.8 51.6 51.9 52.2 52.3 53.2 54.5 56.3 58.0 59.1 59.7 60.4 61.4 61.4 61.6 62.6 63.5 64.4 65.2 66.0 66.8 67.5 68.2 68.8 69.5 
49.9 50.6 51.6 52.0 52.2 52.8 53.3 54.0 55.9 57.1 58.4 59.5 60.1 60.4 61.9 62.8 63.1 63.2 64.2 65.1 65.8 66.6 67.3 68.0 68.7 69.3 69.9 
50.6 50.9 52.0 51.4 52.1 52.8 54.5 55.0 55.9 57.4 58.8 59.6 60.6 61.4 62.6 62.8 63.5 64.2 65.1 65.8 66.5 67.2 67.9 68.5 69.1 69.8 70.5 
50.7 51.0 52.1 51.6 52.7 53.7 54.8 55.9 57.4 59.0 59.5 59.9 61.5 61.9 63.2 63.6 64.5 65.2 66.0 66.7 67.3 67.9 68.4 69.1 69.6 70.3 70.9 
50.6 51.8 52.0 51.7 53.6 54.0 54.8 56.1 58.2 59.8 60.1 61.1 62.0 63.0 64.0 64.7 65.5 66.3 67.1 67.6 68.0 68.6 69.1 69.6 70.2 70.8 71.2 
50.6 51.4 51.7 52.4 54.1 54.4 55.8 57.2 59.0 60.7 61.2 62.0 62.6 64.3 65.0 65.7 66.7 67.5 68.1 68.6 68.9 69.4 69.8 70.2 70.7 71.3 71.9 
50.9 52.0 53.0 54.1 55.1 55.0 56.7 58.6 60.1 61.6 61.9 62.5 63.8 65.0 66.1 67.0 67.9 68.7 69.3 69.7 69.9 70.2 70.4 70.6 71.0 71.4 0.00 
51.2 52.6 53.4 54.8 55.3 56.0 57.0 59.6 60.6 62.4 63.6 64.0 64.8 65.8 67.0 68.0 69.0 69.9 70.5 70.8 70.8 70.8 70.9 71.0 71.3 71.7 0.00 
51.6 52.3 53.7 54.7 56.0 56.5 57.5 59.3 60.7 63.3 64.5 65.2 66.3 66.8 67.7 68.8 69.9 71.0 71.7 71.8 71.6 71.4 71.4 71.5 0.00 0.00 0.00 
51.8 52.6 53.6 54.4 56.5 57.0 58.4 60.4 62.1 64.2 65.4 65.5 66.4 67.9 68.6 69.5 70.6 71.7 72.3 72.2 72.1 71.9 71.9 71.9 72.1 0.00 0.00 
52.0 52.8 53.9 55.3 57.0 57.5 58.4 61.0 63.2 64.2 66.3 67.2 67.0 68.1 69.1 70.1 71.0 71.9 72.2 72.4 72.3 72.3 72.3 0.00 0.00 0.00 0.00 
52.2 53.2 54.4 55.9 57.2 57.9 58.7 61.5 63.4 63.9 66.3 67.2 68.3 68.3 69.4 70.4 71.2 72.0 72.2 72.4 72.5 72.5 0.00 0.00 0.00 0.00 0.00 
52.4 53.3 54.3 56.0 56.9 58.0 59.2 61.5 63.2 64.2 66.0 66.8 68.5 68.9 69.8 70.6 71.5 72.2 72.5 72.4 72.7 72.7 0.00 0.00 0.00 0.00 0.00 
52.6 53.4 54.4 55.8 57.3 58.7 59.4 61.0 63.4 64.0 65.5 67.2 68.5 69.0 69.7 70.7 71.6 72.3 72.8 72.7 73.2 0.00 0.00 0.00 0.00 0.00 0.00 
52.7 53.5 54.6 55.9 57.7 58.8 59.5 61.0 62.5 64.4 65.4 66.8 68.4 69.0 69.7 70.7 71.7 71.9 72.5 72.6 73.6 0.00 0.00 0.00 0.00 0.00 0.00 
52.8 53.6 54.8 55.9 57.3 59.3 60.2 60.6 63.1 64.6 65.3 66.2 68.1 68.8 69.0 70.2 71.0 71.7 71.8 72.1 0.00 0.00 0.00 0.00 0.00 0.00 0.00 
52.9 53.8 55.0 56.1 57.4 58.6 59.7 60.9 63.4 64.3 64.9 66.9 68.0 68.3 68.3 69.9 71.0 71.6 71.5 0.00 0.00 0.00 0.00 0.00 0.00 0.00 0.00 
53.6 54.4 55.7 57.0 58.3 59.7 60.0 61.8 63.6 64.0 65.1 66.3 67.6 67.1 67.9 69.0 70.2 71.2 71.7 0.00 0.00 0.00 0.00 0.00 0.00 0.00 0.00 
54.0 55.1 56.3 57.7 58.6 59.3 60.7 60.8 62.0 63.9 64.9 66.5 67.5 66.7 67.4 69.3 70.4 71.1 71.7 0.00 0.00 0.00 0.00 0.00 0.00 0.00 0.00 
54.6 56.0 56.7 57.7 58.7 59.8 60.2 61.4 62.7 62.5 63.5 65.5 67.3 66.3 67.8 68.5 69.5 70.0 0.00 0.00 0.00 0.00 0.00 0.00 0.00 0.00 0.00 
54.9 56.6 57.7 58.8 59.8 60.5 60.8 62.0 63.8 63.8 63.7 65.3 67.4 67.7 0.00 0.00 0.00 0.00 0.00 0.00 0.00 0.00 0.00 0.00 0.00 0.00 0.00 
55.5 57.1 58.3 59.5 59.9 59.8 60.9 62.8 63.9 64.7 65.5 65.2 66.8 66.7 66.0 0.00 0.00 0.00 0.00 0.00 0.00 0.00 0.00 0.00 0.00 0.00 0.00 
