2016_CCC_ARR_IFD/catchment_depth_1min_00200aep.txt.asc
ncols         27
nrows         23
xllcorner     150.975
yllcorner     -33.6
cellsize      0.025
NODATA_value  -9999
7.27 7.25 7.37 7.46 7.44 7.43 7.49 7.65 7.81 8.04 8.23 8.35 8.48 8.58 8.71 8.81 9.05 9.27 9.41 9.54 9.65 9.76 9.86 9.93 10.0 10.1 10.2 
7.32 7.32 7.37 7.47 7.52 7.55 7.59 7.73 7.92 8.14 8.30 8.41 8.54 8.67 8.75 9.01 9.20 9.37 9.50 9.63 9.74 9.84 9.92 10.0 10.1 10.1 10.2 
7.23 7.33 7.46 7.49 7.51 7.59 7.68 7.80 8.04 8.21 8.37 8.50 8.64 8.81 8.89 8.97 9.25 9.48 9.60 9.72 9.81 9.90 9.97 10.1 10.1 10.2 10.3 
7.31 7.33 7.48 7.34 7.44 7.55 7.79 7.88 8.04 8.25 8.43 8.58 8.73 8.90 9.00 9.25 9.42 9.57 9.69 9.78 9.88 9.96 10.0 10.1 10.2 10.3 10.4 
7.29 7.30 7.45 7.30 7.46 7.62 7.79 7.96 8.18 8.38 8.50 8.68 8.83 9.05 9.17 9.40 9.53 9.66 9.76 9.86 9.94 10.0 10.1 10.2 10.2 10.3 10.4 
7.23 7.40 7.39 7.25 7.56 7.61 7.76 7.97 8.25 8.45 8.59 8.78 8.98 9.17 9.31 9.49 9.65 9.77 9.87 9.90 9.97 10.1 10.1 10.2 10.3 10.4 10.4 
7.20 7.28 7.27 7.33 7.61 7.64 7.85 8.07 8.32 8.52 8.68 8.88 9.09 9.20 9.44 9.55 9.72 9.85 9.94 9.98 10.0 10.1 10.2 10.3 10.3 10.4 10.5 
7.23 7.38 7.49 7.61 7.75 7.71 7.94 8.20 8.42 8.59 8.77 8.99 9.22 9.41 9.53 9.70 9.79 9.88 9.99 10.0 10.1 10.2 10.3 10.3 10.4 10.4 0.00 
7.27 7.46 7.52 7.70 7.73 7.83 7.98 8.31 8.46 8.67 8.83 9.05 9.31 9.49 9.64 9.75 9.85 9.95 10.0 10.1 10.2 10.2 10.3 10.3 10.4 10.4 0.00 
7.33 7.39 7.58 7.67 7.82 7.89 8.04 8.28 8.49 8.74 8.92 9.09 9.25 9.54 9.66 9.81 9.87 10.0 10.1 10.2 10.2 10.3 10.3 10.4 0.00 0.00 0.00 
7.35 7.44 7.54 7.61 7.88 7.95 8.13 8.38 8.59 8.80 8.96 9.15 9.36 9.46 9.69 9.83 9.93 10.0 10.1 10.2 10.2 10.3 10.3 10.4 10.4 0.00 0.00 
7.35 7.44 7.59 7.75 7.96 8.00 8.13 8.43 8.67 8.83 9.03 9.19 9.36 9.54 9.70 9.84 9.97 10.0 10.1 10.1 10.2 10.3 10.3 0.00 0.00 0.00 0.00 
7.37 7.52 7.66 7.84 7.97 8.04 8.15 8.48 8.68 8.82 9.04 9.19 9.33 9.53 9.69 9.82 9.91 10.0 10.1 10.1 10.2 10.2 0.00 0.00 0.00 0.00 0.00 
7.40 7.52 7.64 7.84 7.94 8.04 8.20 8.46 8.66 8.82 9.02 9.18 9.32 9.51 9.67 9.80 9.92 10.0 10.1 10.1 10.2 10.2 0.00 0.00 0.00 0.00 0.00 
7.37 7.49 7.61 7.81 7.98 8.12 8.19 8.40 8.66 8.79 8.98 9.17 9.31 9.48 9.63 9.76 9.89 9.99 10.1 10.1 10.2 0.00 0.00 0.00 0.00 0.00 0.00 
7.46 7.51 7.61 7.81 8.01 8.11 8.19 8.37 8.56 8.79 8.94 9.11 9.29 9.44 9.59 9.72 9.84 9.88 9.99 10.0 10.1 0.00 0.00 0.00 0.00 0.00 0.00 
7.51 7.58 7.62 7.75 7.92 8.16 8.25 8.29 8.59 8.77 8.88 9.02 9.24 9.37 9.43 9.60 9.70 9.81 9.84 9.89 0.00 0.00 0.00 0.00 0.00 0.00 0.00 
7.52 7.62 7.69 7.72 7.88 8.03 8.14 8.28 8.58 8.70 8.79 9.03 9.18 9.27 9.29 9.51 9.64 9.74 9.74 0.00 0.00 0.00 0.00 0.00 0.00 0.00 0.00 
7.49 7.62 7.78 7.88 8.01 8.15 8.14 8.36 8.57 8.62 8.77 8.92 9.09 9.08 9.19 9.33 9.49 9.62 9.70 0.00 0.00 0.00 0.00 0.00 0.00 0.00 0.00 
7.49 7.65 7.79 7.92 8.00 8.04 8.19 8.19 8.33 8.57 8.69 8.89 9.02 8.97 9.07 9.30 9.44 9.55 9.63 0.00 0.00 0.00 0.00 0.00 0.00 0.00 0.00 
7.52 7.72 7.76 7.85 7.94 8.06 8.08 8.23 8.38 8.35 8.49 8.73 8.94 8.86 9.05 9.14 9.29 9.36 0.00 0.00 0.00 0.00 0.00 0.00 0.00 0.00 0.00 
7.51 7.73 7.84 7.95 8.05 8.11 8.12 8.26 8.48 8.46 8.46 8.66 8.90 8.96 0.00 0.00 0.00 0.00 0.00 0.00 0.00 0.00 0.00 0.00 0.00 0.00 0.00 
7.53 7.71 7.85 7.98 8.00 7.97 8.09 8.31 8.45 8.53 8.63 8.61 8.80 8.80 8.74 0.00 0.00 0.00 0.00 0.00 0.00 0.00 0.00 0.00 0.00 0.00 0.00 
