2016_CCC_ARR_IFD/catchment_depth_10080min_20000aep.txt.asc
ncols         27
nrows         23
xllcorner     150.975
yllcorner     -33.6
cellsize      0.025
NODATA_value  -9999
184 181 192 197 190 183 179 187 194 207 224 229 227 242 244 250 238 223 227 231 232 238 243 242 242 242 242 
192 192 194 200 199 195 190 193 203 218 235 249 243 242 254 236 231 226 227 230 234 238 240 241 242 243 243 
187 196 204 203 200 200 199 200 215 224 235 242 238 232 249 258 245 237 233 232 235 237 239 241 244 245 245 
199 199 208 194 196 198 210 207 210 221 232 232 238 239 250 240 242 234 235 235 239 240 242 244 245 247 252 
200 199 208 195 201 205 211 214 226 240 234 226 242 234 246 238 246 238 240 243 243 243 243 245 247 250 251 
196 209 206 196 210 207 206 212 230 244 234 235 236 238 246 236 244 248 249 244 245 246 247 247 250 254 252 
190 201 198 201 214 207 214 221 235 250 241 238 231 253 248 238 245 251 251 248 248 249 250 250 253 257 261 
190 208 214 219 224 209 221 235 245 256 244 235 240 246 254 252 247 248 251 250 249 251 252 250 252 254 0.00 
196 214 216 226 222 220 220 245 245 260 264 253 248 248 255 252 250 251 251 253 253 252 252 252 253 253 0.00 
202 204 219 221 228 222 221 234 240 264 267 264 270 258 254 259 252 254 255 257 256 254 254 255 0.00 0.00 0.00 
202 205 211 208 231 225 231 246 255 272 280 263 261 276 268 269 260 258 257 258 257 257 258 259 259 0.00 0.00 
196 202 213 223 237 229 227 251 268 267 283 282 268 270 271 271 271 265 261 260 260 260 261 0.00 0.00 0.00 0.00 
200 211 220 231 236 231 228 256 268 261 281 281 288 269 272 271 268 270 265 263 263 262 0.00 0.00 0.00 0.00 0.00 
202 209 214 229 230 230 234 254 263 264 277 274 290 281 278 276 277 280 273 267 268 265 0.00 0.00 0.00 0.00 0.00 
197 204 210 224 234 240 235 245 266 261 268 280 289 280 278 279 281 284 283 274 277 0.00 0.00 0.00 0.00 0.00 0.00 
207 207 210 224 239 240 237 246 254 267 268 275 288 282 281 283 287 279 280 275 289 0.00 0.00 0.00 0.00 0.00 0.00 
211 213 212 219 229 248 247 240 262 270 269 270 283 282 282 283 281 280 275 272 0.00 0.00 0.00 0.00 0.00 0.00 0.00 
212 217 219 219 228 235 238 244 266 267 265 280 284 279 275 281 283 281 274 0.00 0.00 0.00 0.00 0.00 0.00 0.00 0.00 
213 220 231 236 244 251 243 257 270 264 269 274 281 270 271 274 278 280 279 0.00 0.00 0.00 0.00 0.00 0.00 0.00 0.00 
215 226 237 245 247 245 253 245 251 265 267 278 281 266 266 277 282 283 282 0.00 0.00 0.00 0.00 0.00 0.00 0.00 0.00 
223 239 237 242 246 252 247 254 261 251 254 268 279 262 271 270 274 273 0.00 0.00 0.00 0.00 0.00 0.00 0.00 0.00 0.00 
226 244 251 258 262 262 256 263 276 266 257 267 283 278 0.00 0.00 0.00 0.00 0.00 0.00 0.00 0.00 0.00 0.00 0.00 0.00 0.00 
233 248 258 267 263 254 259 273 279 278 279 267 277 268 255 0.00 0.00 0.00 0.00 0.00 0.00 0.00 0.00 0.00 0.00 0.00 0.00 
