2016_CCC_ARR_IFD/catchment_depth_15min_00050aep.txt.asc
ncols         27
nrows         23
xllcorner     150.975
yllcorner     -33.6
cellsize      0.025
NODATA_value  -9999
61.2 61.1 62.1 62.9 62.8 62.8 63.4 64.8 66.3 68.2 69.7 70.8 72.1 72.7 74.0 74.8 77.7 81.0 82.4 83.7 84.8 85.7 86.6 87.3 88.0 88.7 89.4 
61.4 61.5 61.9 62.8 63.2 63.6 64.0 65.3 66.9 68.7 70.0 70.8 72.1 73.4 74.0 77.2 79.7 81.7 83.1 84.4 85.4 86.3 87.0 87.7 88.4 89.0 89.7 
60.6 61.4 62.5 62.8 63.0 63.7 64.5 65.6 67.6 69.1 70.4 71.5 72.9 74.8 75.2 75.8 79.1 82.1 83.6 85.0 85.8 86.5 87.2 87.9 88.7 89.3 89.9 
61.1 61.2 62.4 61.4 62.2 63.2 65.2 66.1 67.5 69.3 70.8 72.2 73.6 75.2 76.0 78.9 80.7 82.7 84.0 85.1 86.0 86.8 87.5 88.2 88.8 89.5 90.2 
60.8 60.8 62.1 60.8 62.2 63.5 65.1 66.5 68.3 69.9 71.2 73.1 74.1 76.6 77.4 80.1 81.2 83.1 84.2 85.2 86.0 86.8 87.5 88.3 89.0 89.6 90.2 
60.1 61.5 61.4 60.3 62.9 63.3 64.7 66.4 68.7 70.3 71.7 73.5 75.4 77.2 78.5 80.6 82.1 83.3 84.4 85.1 85.8 86.7 87.6 88.3 89.0 89.7 90.2 
59.8 60.4 60.3 60.8 63.1 63.4 65.2 67.0 69.0 70.7 72.2 74.1 76.3 76.9 79.2 80.8 82.3 83.5 84.6 85.2 85.9 86.8 87.6 88.3 89.1 89.7 90.2 
59.9 61.0 61.9 62.9 64.0 63.8 65.7 67.8 69.6 71.0 72.7 75.0 77.0 78.6 79.5 81.3 82.5 83.5 84.6 85.3 86.0 86.8 87.6 88.2 88.9 89.5 0.00 
60.1 61.6 62.1 63.5 63.8 64.6 65.9 68.5 69.8 71.4 72.8 74.9 77.4 79.1 80.4 81.6 82.6 83.6 84.5 85.3 86.1 86.8 87.5 88.1 88.8 89.3 0.00 
60.5 60.9 62.4 63.1 64.4 65.0 66.3 68.2 69.9 71.8 73.3 74.9 76.2 79.1 80.4 81.7 82.4 83.5 84.5 85.4 86.1 86.7 87.4 88.1 0.00 0.00 0.00 
60.5 61.2 62.0 62.6 64.7 65.3 66.8 68.8 70.4 72.1 73.4 75.3 77.2 77.9 80.1 81.4 82.5 83.4 84.3 85.0 85.7 86.4 87.2 87.9 88.5 0.00 0.00 
60.4 61.1 62.3 63.6 65.2 65.6 66.8 69.0 70.8 72.2 73.7 75.1 76.9 78.6 80.0 81.3 82.5 83.3 83.9 84.7 85.4 86.1 86.8 0.00 0.00 0.00 0.00 
60.5 61.6 62.8 64.2 65.2 65.8 66.8 69.2 70.8 72.1 73.7 75.0 76.2 78.4 79.8 81.0 81.9 83.0 83.5 84.2 84.9 85.6 0.00 0.00 0.00 0.00 0.00 
60.6 61.6 62.5 64.1 64.9 65.8 67.0 69.0 70.6 72.0 73.5 75.0 75.9 77.8 79.4 80.6 81.7 82.7 83.3 83.7 84.5 85.0 0.00 0.00 0.00 0.00 0.00 
60.2 61.2 62.1 63.8 65.1 66.2 66.9 68.5 70.5 71.6 73.2 74.7 75.8 77.5 78.9 80.1 81.2 82.1 82.9 83.4 84.2 0.00 0.00 0.00 0.00 0.00 0.00 
61.0 61.4 62.1 63.7 65.3 66.1 66.8 68.3 69.8 71.5 72.8 74.2 75.5 77.0 78.5 79.6 80.6 81.2 82.1 82.6 83.4 0.00 0.00 0.00 0.00 0.00 0.00 
61.4 61.9 62.1 63.2 64.5 66.3 67.1 67.6 69.8 71.2 72.3 73.5 75.1 76.4 77.2 78.6 79.5 80.5 80.9 81.5 0.00 0.00 0.00 0.00 0.00 0.00 0.00 
61.4 62.2 62.6 62.9 64.1 65.3 66.2 67.4 69.6 70.6 71.5 73.3 74.5 75.6 76.0 77.7 78.8 79.7 80.0 0.00 0.00 0.00 0.00 0.00 0.00 0.00 0.00 
61.0 62.0 63.2 63.9 64.9 66.0 66.1 67.8 69.3 70.0 71.2 72.5 73.8 74.1 75.1 76.3 77.5 78.6 79.4 0.00 0.00 0.00 0.00 0.00 0.00 0.00 0.00 
60.8 62.1 63.1 64.1 64.7 65.1 66.3 66.5 67.7 69.5 70.5 72.0 73.1 73.1 74.0 75.7 76.9 77.8 78.6 0.00 0.00 0.00 0.00 0.00 0.00 0.00 0.00 
61.0 62.5 62.7 63.5 64.2 65.1 65.4 66.6 67.8 68.0 69.1 70.8 72.4 72.2 73.6 74.5 75.6 76.4 0.00 0.00 0.00 0.00 0.00 0.00 0.00 0.00 0.00 
60.7 62.3 63.1 64.0 64.7 65.3 65.5 66.7 68.2 68.4 68.7 70.2 71.9 72.5 0.00 0.00 0.00 0.00 0.00 0.00 0.00 0.00 0.00 0.00 0.00 0.00 0.00 
60.7 62.1 63.0 64.0 64.2 64.2 65.1 66.8 67.9 68.6 69.5 69.6 71.0 71.2 71.1 0.00 0.00 0.00 0.00 0.00 0.00 0.00 0.00 0.00 0.00 0.00 0.00 
