2016_CCC_ARR_IFD/catchment_depth_120min_00200aep.txt.asc
ncols         27
nrows         23
xllcorner     150.975
yllcorner     -33.6
cellsize      0.025
NODATA_value  -9999
102 102 104 106 106 107 108 111 114 117 121 123 125 128 130 132 135 137 140 143 145 147 149 151 153 154 156 
103 104 105 107 108 109 111 113 116 120 123 125 127 130 132 135 136 139 142 145 147 149 151 153 154 156 157 
103 104 107 108 109 111 113 115 119 122 125 127 130 132 134 136 140 141 144 147 149 151 152 154 156 157 159 
104 105 108 107 109 111 115 117 120 124 127 130 132 135 137 140 142 145 147 149 151 153 154 156 157 159 161 
104 105 108 107 110 113 116 120 123 127 129 132 135 138 141 143 145 148 150 151 153 154 156 157 159 160 162 
104 107 108 108 112 114 117 120 125 129 132 135 138 142 144 146 149 151 152 154 155 156 158 159 160 162 162 
103 106 107 109 113 115 119 123 127 131 134 138 140 144 148 149 152 154 155 156 157 158 159 160 162 163 164 
104 107 110 113 116 116 121 125 130 133 136 139 144 148 151 153 154 156 158 159 159 160 161 162 162 163 0.00 
104 108 110 114 116 118 121 128 131 135 138 142 146 149 153 154 157 159 160 161 162 162 162 163 163 164 0.00 
105 107 111 113 117 119 122 127 131 137 141 144 147 151 153 156 158 161 163 163 163 163 163 164 0.00 0.00 0.00 
105 107 110 112 118 120 123 129 134 139 142 145 148 151 155 157 160 162 164 164 164 164 164 165 165 0.00 0.00 
104 107 110 114 119 120 123 130 135 139 144 147 149 152 155 158 160 162 163 163 164 164 164 0.00 0.00 0.00 0.00 
105 108 111 115 118 120 123 130 135 138 144 147 149 151 155 157 159 162 162 162 163 163 0.00 0.00 0.00 0.00 0.00 
104 107 110 115 117 120 123 130 134 137 142 145 149 152 154 157 159 161 162 162 163 163 0.00 0.00 0.00 0.00 0.00 
104 106 109 113 117 121 123 127 134 136 140 145 148 150 153 155 158 160 162 162 163 0.00 0.00 0.00 0.00 0.00 0.00 
104 106 109 113 118 120 122 126 131 136 139 143 147 149 151 154 157 158 160 160 163 0.00 0.00 0.00 0.00 0.00 0.00 
104 106 109 112 116 121 123 124 131 135 137 140 145 147 148 151 154 156 156 157 0.00 0.00 0.00 0.00 0.00 0.00 0.00 
104 107 109 111 115 118 121 124 131 133 135 140 143 144 144 149 152 154 154 0.00 0.00 0.00 0.00 0.00 0.00 0.00 0.00 
105 107 111 114 117 121 121 126 130 131 134 137 141 140 142 145 149 152 153 0.00 0.00 0.00 0.00 0.00 0.00 0.00 0.00 
106 109 112 115 117 119 122 121 124 130 132 137 139 137 139 144 148 150 151 0.00 0.00 0.00 0.00 0.00 0.00 0.00 0.00 
107 111 112 114 117 119 119 122 126 124 127 132 137 134 139 140 144 145 0.00 0.00 0.00 0.00 0.00 0.00 0.00 0.00 0.00 
107 112 114 117 119 121 121 124 129 127 126 131 137 137 0.00 0.00 0.00 0.00 0.00 0.00 0.00 0.00 0.00 0.00 0.00 0.00 0.00 
108 112 115 119 119 118 120 125 128 129 131 129 134 133 131 0.00 0.00 0.00 0.00 0.00 0.00 0.00 0.00 0.00 0.00 0.00 0.00 
