2016_CCC_ARR_IFD/catchment_depth_720min_50000aep.txt.asc
ncols         27
nrows         23
xllcorner     150.975
yllcorner     -33.6
cellsize      0.025
NODATA_value  -9999
56.5 56.3 58.4 59.6 58.8 57.8 57.6 59.2 60.9 63.8 67.2 68.4 68.5 71.5 72.1 73.5 71.7 69.9 71.0 72.0 72.6 73.8 74.9 75.2 75.5 75.9 76.4 
58.0 58.2 58.9 60.4 60.5 60.3 59.7 60.8 62.9 66.1 69.4 72.2 71.6 71.9 74.2 71.3 70.8 70.8 71.6 72.5 73.5 74.4 75.1 75.7 76.2 76.6 77.1 
57.2 59.0 60.9 61.2 61.0 61.5 61.7 62.3 65.6 67.5 69.8 71.5 71.3 70.4 73.9 75.8 73.6 72.5 73.0 73.4 74.3 75.0 75.7 76.3 77.1 77.5 77.9 
59.2 59.7 61.7 59.8 60.6 61.4 64.1 64.0 65.0 67.5 69.8 70.3 71.5 72.1 74.4 72.9 73.4 73.1 74.0 74.6 75.6 76.1 76.7 77.4 77.8 78.5 79.6 
59.6 59.8 61.9 60.2 61.8 63.0 64.5 65.7 68.2 71.3 70.6 69.4 72.9 71.6 74.1 73.0 74.6 74.5 75.3 76.3 76.8 77.3 77.6 78.3 78.8 79.6 80.0 
59.1 61.7 61.7 60.5 63.6 63.5 63.9 65.6 69.4 72.5 71.0 71.6 72.1 72.9 74.5 73.8 75.4 76.4 77.3 77.4 77.9 78.4 78.8 79.2 79.9 80.7 80.5 
58.3 60.6 60.6 61.6 64.6 63.9 65.8 67.6 70.7 74.0 72.7 72.6 71.9 75.9 75.4 75.0 76.5 77.9 78.6 78.9 79.2 79.6 79.9 80.2 80.9 81.7 82.5 
58.4 62.0 63.6 65.1 66.6 64.6 67.4 70.5 72.9 75.4 73.6 72.4 73.9 75.3 77.1 77.4 77.9 78.7 79.7 80.0 80.2 80.7 81.0 80.8 81.2 81.6 0.00 
59.6 63.2 64.1 66.5 66.4 66.8 67.3 72.6 73.3 76.5 77.9 76.1 75.6 76.2 77.9 78.4 79.2 80.2 80.9 81.3 81.5 81.4 81.4 81.6 81.8 81.9 0.00 
60.7 61.5 64.7 65.9 67.7 67.4 67.8 70.9 72.5 77.7 78.8 78.7 80.3 78.3 78.5 79.9 80.1 81.4 82.3 82.6 82.5 82.2 82.2 82.4 0.00 0.00 0.00 
60.8 62.0 63.6 63.8 68.5 68.1 69.9 73.5 75.7 79.6 81.4 78.6 78.7 81.9 80.9 81.7 81.6 82.4 83.0 83.0 82.9 82.8 83.2 83.5 83.6 0.00 0.00 
60.1 61.7 64.2 66.7 69.8 69.1 69.4 74.6 78.4 78.8 82.6 82.9 80.2 81.0 81.8 82.4 83.0 83.2 83.1 83.3 83.3 83.4 83.7 0.00 0.00 0.00 0.00 
60.8 63.2 65.4 68.2 69.8 69.6 69.7 75.7 78.6 77.8 82.3 82.8 84.4 80.9 81.9 82.3 82.7 83.7 83.4 83.5 83.7 83.8 0.00 0.00 0.00 0.00 0.00 
61.2 63.1 64.6 68.0 68.9 69.8 71.2 75.4 77.8 78.5 81.5 81.4 85.0 83.4 83.1 82.9 83.9 85.0 84.4 83.8 84.3 84.0 0.00 0.00 0.00 0.00 0.00 
60.9 62.6 64.2 67.3 69.8 71.8 71.5 74.1 78.4 78.1 80.0 82.7 84.9 83.2 82.4 83.1 84.3 85.5 85.9 84.8 85.7 0.00 0.00 0.00 0.00 0.00 0.00 
62.3 63.2 64.5 67.4 70.8 71.8 72.2 74.4 76.5 79.5 80.0 81.8 84.8 83.6 82.4 83.6 85.4 84.2 85.1 84.7 87.8 0.00 0.00 0.00 0.00 0.00 0.00 
63.0 64.0 65.0 67.0 69.4 73.3 74.2 73.7 78.3 80.3 80.5 80.6 83.9 83.3 82.1 83.1 83.6 84.2 83.8 83.9 0.00 0.00 0.00 0.00 0.00 0.00 0.00 
63.3 64.8 66.2 67.3 69.6 71.7 73.1 74.9 79.3 80.2 80.1 83.3 84.2 82.8 81.4 83.2 84.3 84.5 83.6 0.00 0.00 0.00 0.00 0.00 0.00 0.00 0.00 
64.0 65.6 68.2 70.0 72.2 74.4 74.3 77.4 80.1 80.2 81.4 82.5 83.9 81.0 81.2 82.1 83.3 84.3 84.7 0.00 0.00 0.00 0.00 0.00 0.00 0.00 0.00 
64.8 67.0 69.4 71.6 72.9 73.8 76.1 75.8 77.7 80.8 81.6 83.5 84.2 80.8 80.8 83.5 84.8 85.5 85.7 0.00 0.00 0.00 0.00 0.00 0.00 0.00 0.00 
66.2 69.3 69.9 71.4 73.1 75.0 75.5 77.7 79.9 78.2 79.1 82.1 84.3 80.4 82.5 82.4 83.6 83.4 0.00 0.00 0.00 0.00 0.00 0.00 0.00 0.00 0.00 
67.0 70.3 72.2 74.0 75.5 76.5 76.9 79.1 81.7 81.5 80.2 82.1 85.0 84.4 0.00 0.00 0.00 0.00 0.00 0.00 0.00 0.00 0.00 0.00 0.00 0.00 0.00 
68.3 71.2 73.4 75.5 75.7 75.4 77.3 80.4 82.2 83.0 83.8 82.2 84.2 82.7 79.7 0.00 0.00 0.00 0.00 0.00 0.00 0.00 0.00 0.00 0.00 0.00 0.00 
