2016_CCC_ARR_IFD/catchment_depth_2min_01000aep.txt.asc
ncols         27
nrows         23
xllcorner     150.975
yllcorner     -33.6
cellsize      0.025
NODATA_value  -9999
8.90 8.89 9.03 9.14 9.15 9.18 9.27 9.44 9.64 9.91 10.2 10.3 10.5 10.6 10.8 10.9 11.1 11.1 11.2 11.4 11.6 11.7 11.8 11.9 12.1 12.2 12.3 
8.98 9.01 9.08 9.22 9.30 9.39 9.46 9.63 9.85 10.1 10.3 10.5 10.6 10.8 10.9 11.1 11.1 11.3 11.4 11.6 11.7 11.9 12.0 12.1 12.2 12.3 12.4 
8.95 9.06 9.22 9.30 9.36 9.51 9.64 9.80 10.1 10.3 10.5 10.7 10.8 11.0 11.1 11.3 11.5 11.5 11.6 11.8 11.9 12.0 12.1 12.3 12.4 12.5 12.6 
9.05 9.11 9.28 9.22 9.36 9.52 9.83 9.98 10.2 10.4 10.7 10.9 11.0 11.2 11.4 11.6 11.7 11.8 11.9 12.0 12.1 12.2 12.3 12.4 12.6 12.7 12.8 
9.07 9.12 9.31 9.23 9.46 9.67 9.90 10.2 10.4 10.7 10.9 11.1 11.3 11.5 11.7 11.8 12.0 12.1 12.1 12.2 12.3 12.4 12.5 12.6 12.7 12.8 12.9 
9.05 9.25 9.31 9.24 9.62 9.74 9.94 10.2 10.6 10.8 11.1 11.3 11.6 11.8 12.0 12.1 12.3 12.4 12.5 12.4 12.5 12.6 12.7 12.8 12.9 13.0 13.0 
9.05 9.19 9.24 9.37 9.72 9.83 10.1 10.4 10.8 11.0 11.3 11.6 11.8 12.0 12.3 12.3 12.5 12.7 12.7 12.7 12.7 12.8 12.9 13.0 13.0 13.1 13.2 
9.10 9.30 9.49 9.68 9.90 9.94 10.3 10.6 10.9 11.2 11.5 11.8 12.1 12.4 12.6 12.7 12.8 12.9 13.0 13.0 13.0 13.0 13.1 13.1 13.2 13.2 0.00 
9.16 9.40 9.55 9.81 9.94 10.1 10.4 10.8 11.1 11.4 11.6 12.0 12.3 12.5 12.8 12.9 13.0 13.1 13.2 13.3 13.2 13.2 13.2 13.3 13.3 13.3 0.00 
9.24 9.38 9.63 9.81 10.1 10.2 10.5 10.8 11.2 11.5 11.8 12.1 12.3 12.7 12.9 13.1 13.2 13.4 13.5 13.5 13.4 13.4 13.4 13.4 0.00 0.00 0.00 
9.29 9.45 9.63 9.77 10.2 10.3 10.6 11.0 11.3 11.7 11.9 12.2 12.5 12.7 13.0 13.2 13.4 13.5 13.6 13.6 13.5 13.5 13.5 13.5 13.5 0.00 0.00 
9.30 9.46 9.68 9.95 10.3 10.4 10.6 11.1 11.5 11.8 12.1 12.3 12.6 12.8 13.1 13.3 13.5 13.6 13.6 13.6 13.6 13.6 13.6 0.00 0.00 0.00 0.00 
9.33 9.53 9.77 10.0 10.3 10.4 10.6 11.2 11.5 11.7 12.1 12.4 12.6 12.8 13.1 13.3 13.4 13.6 13.6 13.6 13.6 13.6 0.00 0.00 0.00 0.00 0.00 
9.35 9.53 9.74 10.0 10.2 10.4 10.7 11.1 11.5 11.7 12.1 12.3 12.6 12.8 13.1 13.3 13.4 13.6 13.6 13.5 13.6 13.6 0.00 0.00 0.00 0.00 0.00 
9.35 9.52 9.71 10.0 10.3 10.5 10.7 11.0 11.5 11.7 12.0 12.3 12.6 12.8 13.0 13.2 13.4 13.6 13.6 13.6 13.7 0.00 0.00 0.00 0.00 0.00 0.00 
9.37 9.53 9.71 10.0 10.3 10.5 10.7 11.0 11.3 11.7 11.9 12.2 12.5 12.7 12.9 13.1 13.3 13.4 13.5 13.5 13.6 0.00 0.00 0.00 0.00 0.00 0.00 
9.38 9.54 9.72 9.93 10.2 10.6 10.8 10.8 11.4 11.6 11.8 12.0 12.4 12.6 12.6 12.9 13.1 13.2 13.3 13.3 0.00 0.00 0.00 0.00 0.00 0.00 0.00 
9.39 9.56 9.77 9.90 10.2 10.4 10.6 10.8 11.3 11.5 11.6 12.1 12.3 12.4 12.4 12.8 13.0 13.2 13.1 0.00 0.00 0.00 0.00 0.00 0.00 0.00 0.00 
9.46 9.63 9.88 10.1 10.3 10.6 10.6 11.0 11.3 11.3 11.6 11.8 12.1 12.0 12.2 12.4 12.8 13.0 13.1 0.00 0.00 0.00 0.00 0.00 0.00 0.00 0.00 
9.50 9.74 9.96 10.2 10.4 10.4 10.7 10.6 10.8 11.2 11.4 11.8 12.0 11.8 12.0 12.4 12.7 12.8 12.9 0.00 0.00 0.00 0.00 0.00 0.00 0.00 0.00 
9.57 9.87 9.97 10.1 10.3 10.5 10.5 10.7 10.9 10.8 11.0 11.4 11.9 11.6 12.0 12.1 12.4 12.5 0.00 0.00 0.00 0.00 0.00 0.00 0.00 0.00 0.00 
9.59 9.95 10.2 10.4 10.5 10.6 10.6 10.8 11.2 11.0 11.0 11.3 11.8 11.9 0.00 0.00 0.00 0.00 0.00 0.00 0.00 0.00 0.00 0.00 0.00 0.00 0.00 
9.69 10.0 10.2 10.5 10.5 10.4 10.6 11.0 11.2 11.3 11.4 11.3 11.6 11.6 11.4 0.00 0.00 0.00 0.00 0.00 0.00 0.00 0.00 0.00 0.00 0.00 0.00 
