2016_CCC_ARR_IFD/catchment_depth_360min_02000aep.txt.asc
ncols         27
nrows         23
xllcorner     150.975
yllcorner     -33.6
cellsize      0.025
NODATA_value  -9999
99.4 99.7 103 105 105 104 105 108 112 117 122 125 126 131 133 135 134 132 135 138 140 142 145 146 148 149 150 
102 103 104 107 108 109 109 111 115 121 126 129 131 132 135 134 132 134 136 138 141 143 145 147 148 150 151 
101 104 107 108 109 111 112 114 120 123 127 130 131 132 137 139 138 136 138 140 142 144 146 147 149 151 152 
104 105 108 107 109 111 116 117 120 124 128 130 133 135 138 137 138 138 140 142 144 146 147 149 150 152 154 
104 106 109 108 111 114 117 120 125 130 131 130 136 135 140 138 141 141 143 145 146 147 148 150 151 153 154 
104 108 109 108 114 115 117 121 127 132 132 134 136 139 142 140 143 145 147 147 148 149 150 151 153 155 155 
104 107 108 110 116 116 120 124 130 135 136 137 136 144 144 143 146 148 149 149 150 151 152 153 154 156 158 
104 109 112 116 119 117 123 129 133 138 138 137 141 144 148 148 148 150 151 152 152 153 153 153 154 155 0.00 
106 111 113 118 119 121 123 132 135 140 144 143 144 145 149 150 151 153 154 154 155 154 154 154 155 155 0.00 
107 109 114 117 121 122 124 130 134 143 146 147 151 149 149 153 153 155 157 157 156 155 155 155 0.00 0.00 0.00 
107 110 113 114 122 123 127 134 139 146 149 147 149 154 154 155 155 157 158 158 157 156 156 157 157 0.00 0.00 
107 110 114 118 124 124 126 135 143 145 152 154 151 153 155 156 158 158 158 158 157 157 157 0.00 0.00 0.00 0.00 
108 112 116 121 124 125 126 137 143 143 151 153 156 152 154 155 156 158 157 157 158 157 0.00 0.00 0.00 0.00 0.00 
108 111 114 120 123 125 128 136 141 143 149 150 156 155 156 156 158 160 159 157 158 157 0.00 0.00 0.00 0.00 0.00 
108 111 114 119 124 128 128 133 141 142 146 151 156 154 153 155 158 160 161 159 160 0.00 0.00 0.00 0.00 0.00 0.00 
109 111 114 119 125 127 128 133 137 143 144 149 155 153 153 155 159 157 159 158 163 0.00 0.00 0.00 0.00 0.00 0.00 
110 112 114 118 122 129 131 130 139 143 144 145 152 152 150 153 155 156 155 155 0.00 0.00 0.00 0.00 0.00 0.00 0.00 
110 113 116 118 122 126 128 131 140 142 141 149 151 149 147 152 155 156 154 0.00 0.00 0.00 0.00 0.00 0.00 0.00 0.00 
112 115 119 122 126 130 129 135 140 140 142 145 149 144 145 148 151 154 155 0.00 0.00 0.00 0.00 0.00 0.00 0.00 0.00 
113 117 121 125 127 128 132 130 133 139 141 146 148 142 143 149 152 154 155 0.00 0.00 0.00 0.00 0.00 0.00 0.00 0.00 
115 121 122 125 127 130 129 133 136 133 135 141 147 140 145 146 149 149 0.00 0.00 0.00 0.00 0.00 0.00 0.00 0.00 0.00 
117 123 126 129 132 133 132 135 141 138 135 140 147 146 0.00 0.00 0.00 0.00 0.00 0.00 0.00 0.00 0.00 0.00 0.00 0.00 0.00 
119 124 128 132 132 130 132 138 141 142 143 140 144 142 137 0.00 0.00 0.00 0.00 0.00 0.00 0.00 0.00 0.00 0.00 0.00 0.00 
