2016_CCC_ARR_IFD/catchment_depth_10min_86466aep.txt.asc
ncols         27
nrows         23
xllcorner     150.975
yllcorner     -33.6
cellsize      0.025
NODATA_value  -9999
7.67 7.64 7.70 7.75 7.69 7.64 7.63 7.71 7.80 7.96 8.15 8.23 8.26 8.42 8.48 8.57 8.57 8.67 8.77 8.86 8.96 9.05 9.13 9.22 9.31 9.39 9.47 
7.75 7.74 7.76 7.81 7.81 7.80 7.77 7.83 7.94 8.11 8.29 8.43 8.43 8.48 8.61 8.56 8.65 8.75 8.85 8.94 9.03 9.12 9.21 9.29 9.38 9.46 9.53 
7.75 7.80 7.86 7.87 7.87 7.89 7.91 7.94 8.10 8.21 8.34 8.44 8.46 8.47 8.64 8.75 8.75 8.82 8.92 9.02 9.11 9.20 9.28 9.36 9.45 9.52 9.60 
7.84 7.85 7.92 7.87 7.90 7.93 8.05 8.06 8.12 8.25 8.38 8.43 8.51 8.58 8.71 8.72 8.81 8.90 9.01 9.10 9.19 9.28 9.36 9.44 9.51 9.59 9.67 
7.87 7.89 7.96 7.93 7.99 8.04 8.11 8.17 8.30 8.45 8.45 8.43 8.61 8.61 8.75 8.78 8.89 8.98 9.09 9.19 9.28 9.36 9.43 9.51 9.58 9.66 9.73 
7.89 7.98 7.99 7.99 8.09 8.10 8.13 8.21 8.39 8.54 8.50 8.56 8.61 8.69 8.80 8.85 8.96 9.06 9.16 9.27 9.36 9.44 9.51 9.58 9.65 9.73 9.79 
7.89 7.97 8.00 8.05 8.16 8.15 8.23 8.32 8.48 8.65 8.61 8.62 8.62 8.85 8.86 8.92 9.03 9.14 9.24 9.35 9.43 9.51 9.58 9.65 9.72 9.79 9.86 
7.91 8.03 8.11 8.18 8.26 8.20 8.32 8.48 8.61 8.75 8.67 8.61 8.71 8.81 8.95 9.01 9.11 9.21 9.32 9.41 9.49 9.57 9.64 9.70 9.77 9.84 0.00 
7.96 8.09 8.15 8.25 8.27 8.30 8.33 8.60 8.65 8.83 8.92 8.82 8.79 8.85 8.98 9.07 9.18 9.29 9.39 9.48 9.56 9.63 9.70 9.76 9.83 9.89 0.00 
8.00 8.05 8.18 8.25 8.34 8.34 8.36 8.52 8.61 8.92 9.00 8.99 9.10 8.96 9.02 9.14 9.24 9.36 9.46 9.55 9.62 9.68 9.75 9.82 0.00 0.00 0.00 
8.02 8.07 8.15 8.17 8.39 8.37 8.47 8.66 8.80 9.04 9.16 8.97 8.97 9.21 9.15 9.23 9.30 9.41 9.51 9.59 9.66 9.73 9.81 9.88 9.95 0.00 0.00 
8.00 8.07 8.18 8.30 8.46 8.42 8.44 8.73 8.96 8.99 9.25 9.27 9.06 9.13 9.20 9.27 9.36 9.45 9.54 9.63 9.71 9.78 9.86 0.00 0.00 0.00 0.00 
8.03 8.14 8.24 8.38 8.46 8.45 8.45 8.79 8.97 8.91 9.22 9.25 9.37 9.11 9.21 9.28 9.38 9.49 9.58 9.67 9.75 9.83 0.00 0.00 0.00 0.00 0.00 
8.06 8.14 8.21 8.38 8.42 8.46 8.52 8.77 8.92 8.94 9.15 9.13 9.41 9.29 9.28 9.33 9.44 9.56 9.63 9.71 9.80 9.87 0.00 0.00 0.00 0.00 0.00 
8.06 8.13 8.20 8.35 8.48 8.57 8.54 8.67 8.95 8.90 9.02 9.23 9.40 9.27 9.25 9.35 9.48 9.61 9.71 9.77 9.88 0.00 0.00 0.00 0.00 0.00 0.00 
8.13 8.17 8.23 8.37 8.54 8.58 8.57 8.68 8.80 8.99 9.02 9.15 9.40 9.31 9.27 9.40 9.57 9.61 9.73 9.81 9.98 0.00 0.00 0.00 0.00 0.00 0.00 
8.19 8.23 8.27 8.35 8.46 8.67 8.69 8.66 8.91 9.05 9.04 9.08 9.33 9.31 9.32 9.44 9.55 9.66 9.75 9.84 0.00 0.00 0.00 0.00 0.00 0.00 0.00 
8.22 8.29 8.34 8.39 8.48 8.57 8.63 8.72 8.98 9.03 9.03 9.28 9.38 9.33 9.38 9.51 9.64 9.73 9.80 0.00 0.00 0.00 0.00 0.00 0.00 0.00 0.00 
8.28 8.35 8.46 8.54 8.64 8.75 8.70 8.86 9.05 9.01 9.12 9.24 9.39 9.35 9.45 9.57 9.69 9.80 9.90 0.00 0.00 0.00 0.00 0.00 0.00 0.00 0.00 
8.34 8.43 8.54 8.65 8.70 8.72 8.82 8.81 8.89 9.06 9.16 9.36 9.48 9.44 9.54 9.70 9.83 9.93 10.0 0.00 0.00 0.00 0.00 0.00 0.00 0.00 0.00 
8.43 8.56 8.59 8.66 8.73 8.82 8.83 8.92 9.02 9.05 9.17 9.35 9.56 9.53 9.68 9.77 9.89 9.96 0.00 0.00 0.00 0.00 0.00 0.00 0.00 0.00 0.00 
8.51 8.64 8.73 8.82 8.90 8.95 8.96 9.06 9.26 9.22 9.28 9.46 9.70 9.76 0.00 0.00 0.00 0.00 0.00 0.00 0.00 0.00 0.00 0.00 0.00 0.00 0.00 
8.60 8.72 8.83 8.93 8.95 8.97 9.06 9.24 9.37 9.47 9.58 9.60 9.79 9.83 9.84 0.00 0.00 0.00 0.00 0.00 0.00 0.00 0.00 0.00 0.00 0.00 0.00 
