2016_CCC_ARR_IFD/catchment_depth_540min_00050aep.txt.asc
ncols         27
nrows         23
xllcorner     150.975
yllcorner     -33.6
cellsize      0.025
NODATA_value  -9999
204 205 213 218 218 218 220 228 236 248 259 265 270 279 284 291 295 299 308 316 322 329 336 339 343 346 350 
208 211 215 221 224 226 228 234 243 255 265 273 277 282 289 292 294 303 311 318 325 331 336 340 343 347 350 
207 213 220 224 226 230 234 239 251 260 269 276 280 283 293 299 303 304 314 322 327 332 336 340 344 348 350 
212 215 223 220 225 231 241 245 251 262 271 277 284 289 297 299 304 309 317 323 329 333 337 341 345 348 353 
213 216 224 221 229 236 243 250 261 272 275 277 289 291 300 302 309 314 320 326 331 335 338 342 345 349 352 
212 221 223 222 234 237 242 251 265 276 278 285 290 297 304 306 313 319 325 328 332 336 339 342 346 350 351 
209 218 220 225 237 238 248 257 270 281 284 289 290 305 309 309 317 324 329 332 334 337 340 343 346 351 355 
209 221 229 236 243 240 252 265 276 286 287 288 297 305 315 318 321 326 331 334 336 339 341 342 345 347 0.00 
212 224 229 239 242 247 251 272 278 291 298 299 302 307 316 319 324 330 334 337 338 339 340 342 344 345 0.00 
214 219 231 237 245 247 252 266 275 295 303 306 314 312 315 323 325 332 337 339 340 339 340 341 0.00 0.00 0.00 
213 219 226 229 247 248 257 273 284 300 308 304 308 321 322 327 328 333 337 338 338 338 340 341 343 0.00 0.00 
210 217 227 237 250 250 254 275 291 297 312 317 310 316 322 326 331 333 334 335 336 337 339 0.00 0.00 0.00 0.00 
211 221 230 241 249 250 253 277 290 290 309 314 321 312 319 322 326 332 331 333 335 336 0.00 0.00 0.00 0.00 0.00 
212 219 226 239 244 249 256 274 285 290 304 306 320 318 319 321 327 333 332 331 333 333 0.00 0.00 0.00 0.00 0.00 
209 216 223 235 246 254 254 266 285 285 294 307 317 313 313 318 325 330 334 331 335 0.00 0.00 0.00 0.00 0.00 0.00 
213 217 223 234 248 252 254 264 273 287 291 299 313 311 310 316 324 322 327 327 338 0.00 0.00 0.00 0.00 0.00 0.00 
215 219 223 231 240 256 260 258 277 286 288 290 305 305 303 310 314 318 318 320 0.00 0.00 0.00 0.00 0.00 0.00 0.00 
215 221 227 230 239 247 252 259 278 282 282 297 302 299 296 306 312 315 313 0.00 0.00 0.00 0.00 0.00 0.00 0.00 0.00 
218 223 233 240 248 257 254 267 278 277 283 289 296 287 291 297 304 310 313 0.00 0.00 0.00 0.00 0.00 0.00 0.00 0.00 
220 228 237 245 250 251 259 256 262 275 279 289 294 282 285 297 304 309 312 0.00 0.00 0.00 0.00 0.00 0.00 0.00 0.00 
225 236 238 244 249 255 254 261 268 261 266 278 290 276 286 288 295 297 0.00 0.00 0.00 0.00 0.00 0.00 0.00 0.00 0.00 
227 240 246 253 259 261 259 266 277 271 266 275 290 288 0.00 0.00 0.00 0.00 0.00 0.00 0.00 0.00 0.00 0.00 0.00 0.00 0.00 
232 243 251 259 259 254 259 272 277 279 281 273 283 277 268 0.00 0.00 0.00 0.00 0.00 0.00 0.00 0.00 0.00 0.00 0.00 0.00 
