2016_CCC_ARR_IFD/catchment_depth_8640min_63212aep.txt.asc
ncols         27
nrows         23
xllcorner     150.975
yllcorner     -33.6
cellsize      0.025
NODATA_value  -9999
117 115 122 125 121 115 113 117 121 130 141 143 142 151 151 155 144 132 134 136 137 140 143 142 143 143 144 
122 122 123 127 126 124 119 121 128 138 148 156 152 151 158 144 138 134 134 136 138 140 142 142 143 144 145 
118 124 130 129 127 127 126 126 136 142 148 153 149 143 155 160 149 142 139 137 139 141 142 143 145 145 146 
126 126 132 123 124 125 133 131 132 140 146 146 148 148 155 146 146 140 140 140 142 143 144 145 146 147 151 
126 125 131 123 127 129 133 135 143 153 147 140 151 143 151 144 149 143 143 145 145 145 145 146 147 150 151 
123 132 129 122 132 130 129 133 146 156 147 146 146 146 151 142 148 149 150 146 146 147 147 148 150 152 151 
119 126 124 125 135 129 134 139 148 159 151 148 142 157 151 144 148 152 151 149 148 149 150 150 152 155 157 
118 130 135 138 141 130 139 148 155 163 152 144 148 151 156 153 149 149 151 150 150 151 151 150 152 153 0.00 
122 134 135 142 139 137 137 154 154 164 167 157 153 152 156 153 151 152 152 152 153 152 152 152 153 153 0.00 
125 126 136 138 142 138 137 146 149 166 167 165 168 158 155 158 153 153 154 155 155 154 153 154 0.00 0.00 0.00 
124 127 130 128 144 139 143 154 159 171 175 163 161 171 165 165 158 156 156 156 155 155 156 157 157 0.00 0.00 
120 124 131 138 147 141 140 156 167 166 177 176 165 166 167 166 165 161 158 158 158 157 158 0.00 0.00 0.00 0.00 
122 129 135 143 146 142 140 159 166 161 175 174 179 165 167 166 164 165 161 160 160 160 0.00 0.00 0.00 0.00 0.00 
123 128 131 141 141 141 144 156 163 163 171 169 180 173 171 169 170 171 166 163 163 161 0.00 0.00 0.00 0.00 0.00 
119 124 128 137 143 147 143 150 163 160 165 173 179 172 171 171 173 174 173 168 169 0.00 0.00 0.00 0.00 0.00 0.00 
125 125 127 136 146 146 144 150 155 164 164 169 178 174 173 174 176 171 172 168 178 0.00 0.00 0.00 0.00 0.00 0.00 
128 129 128 132 139 151 150 146 160 165 164 165 174 173 174 174 173 172 169 167 0.00 0.00 0.00 0.00 0.00 0.00 0.00 
128 131 132 132 137 142 144 148 162 163 162 172 174 172 169 173 174 173 169 0.00 0.00 0.00 0.00 0.00 0.00 0.00 0.00 
127 132 139 142 147 152 147 156 164 161 164 168 172 166 167 169 171 172 172 0.00 0.00 0.00 0.00 0.00 0.00 0.00 0.00 
128 135 141 147 148 147 152 148 152 161 163 170 172 164 164 171 174 175 174 0.00 0.00 0.00 0.00 0.00 0.00 0.00 0.00 
132 142 141 144 147 151 149 153 158 152 155 164 171 161 167 167 169 168 0.00 0.00 0.00 0.00 0.00 0.00 0.00 0.00 0.00 
133 144 149 153 156 156 154 158 167 161 157 163 173 171 0.00 0.00 0.00 0.00 0.00 0.00 0.00 0.00 0.00 0.00 0.00 0.00 0.00 
137 146 152 158 156 152 155 164 169 169 170 164 170 165 157 0.00 0.00 0.00 0.00 0.00 0.00 0.00 0.00 0.00 0.00 0.00 0.00 
