2016_CCC_ARR_IFD/catchment_depth_30min_01000aep.txt.asc
ncols         27
nrows         23
xllcorner     150.975
yllcorner     -33.6
cellsize      0.025
NODATA_value  -9999
52.9 52.8 53.7 54.5 54.1 53.8 54.1 55.3 56.5 58.3 60.0 60.9 61.6 62.6 63.4 64.1 65.0 65.4 66.3 67.1 67.8 68.6 69.4 69.9 70.4 71.0 71.5 
53.4 53.5 53.8 54.6 54.9 55.0 55.1 56.0 57.5 59.3 60.8 61.7 62.4 63.2 63.9 64.9 65.5 66.2 66.8 67.6 68.3 69.1 69.7 70.3 70.9 71.4 71.9 
52.9 53.6 54.6 54.9 54.9 55.4 55.9 56.7 58.7 60.0 61.2 62.2 63.0 63.8 64.7 65.4 66.6 67.4 67.8 68.1 68.8 69.5 70.1 70.7 71.3 71.8 72.3 
53.6 53.8 54.9 53.8 54.4 55.2 57.0 57.5 58.6 60.2 61.6 62.6 63.6 64.7 65.6 66.7 67.6 67.9 68.4 68.8 69.5 70.0 70.6 71.2 71.8 72.3 73.0 
53.6 53.6 54.8 53.6 54.8 55.9 57.2 58.3 60.0 61.5 62.3 63.2 64.5 65.6 66.6 67.7 68.6 68.8 69.2 69.8 70.1 70.6 71.1 71.7 72.2 72.9 73.3 
53.3 54.6 54.5 53.4 55.7 56.0 57.0 58.5 60.6 62.2 62.9 64.2 65.5 66.7 67.7 68.2 69.4 70.0 70.5 70.2 70.5 71.1 71.6 72.1 72.8 73.4 73.6 
53.2 53.8 53.7 54.2 56.3 56.4 57.9 59.5 61.3 62.9 63.8 65.1 66.2 67.4 68.8 68.8 70.0 70.8 71.1 71.1 71.2 71.7 72.2 72.7 73.3 73.9 74.4 
53.5 54.7 55.5 56.4 57.4 57.1 58.8 60.7 62.3 63.6 64.6 66.0 67.6 68.9 69.7 70.5 70.6 71.0 71.6 71.7 71.9 72.4 72.8 73.1 73.5 74.0 0.00 
54.0 55.4 55.9 57.2 57.5 58.1 59.2 61.7 62.8 64.3 65.5 66.8 68.6 69.6 70.6 71.0 71.3 71.8 72.2 72.5 72.8 72.9 73.2 73.5 73.9 74.2 0.00 
54.6 55.0 56.4 57.2 58.3 58.7 59.8 61.5 63.0 65.0 66.3 67.5 68.5 70.3 70.8 71.8 71.7 72.4 72.9 73.2 73.4 73.4 73.7 74.0 0.00 0.00 0.00 
54.9 55.5 56.3 56.8 58.9 59.3 60.6 62.5 64.1 65.7 66.8 68.0 69.4 70.2 71.6 72.4 72.5 72.9 73.3 73.5 73.6 73.8 74.1 74.5 74.7 0.00 0.00 
55.0 55.7 56.8 58.0 59.6 59.9 60.8 63.1 64.8 66.0 67.5 68.6 69.7 70.8 71.8 72.6 73.2 73.4 73.4 73.6 73.8 74.0 74.4 0.00 0.00 0.00 0.00 
55.4 56.4 57.5 58.8 59.8 60.3 61.0 63.5 65.1 66.0 67.7 68.8 69.7 70.9 71.9 72.6 72.9 73.7 73.5 73.7 74.0 74.2 0.00 0.00 0.00 0.00 0.00 
55.7 56.6 57.4 58.9 59.6 60.5 61.5 63.6 65.0 66.1 67.7 68.7 69.8 71.0 72.1 72.7 73.5 74.1 74.0 73.8 74.2 74.2 0.00 0.00 0.00 0.00 0.00 
55.6 56.4 57.3 58.8 60.0 61.2 61.6 63.1 65.1 66.0 67.4 68.8 69.8 71.0 71.9 72.7 73.5 74.1 74.4 74.2 74.6 0.00 0.00 0.00 0.00 0.00 0.00 
56.3 56.7 57.4 58.9 60.4 61.2 61.6 63.0 64.4 66.1 67.1 68.5 69.8 70.8 71.8 72.7 73.4 73.4 74.0 73.9 74.8 0.00 0.00 0.00 0.00 0.00 0.00 
56.7 57.3 57.5 58.5 59.8 61.6 62.3 62.3 64.7 66.1 66.9 67.8 69.5 70.5 70.8 72.0 72.6 73.1 73.0 73.2 0.00 0.00 0.00 0.00 0.00 0.00 0.00 
56.8 57.6 58.1 58.3 59.5 60.6 61.3 62.4 64.8 65.6 66.2 68.1 69.2 69.8 69.8 71.4 72.3 72.8 72.5 0.00 0.00 0.00 0.00 0.00 0.00 0.00 0.00 
56.6 57.6 58.7 59.6 60.6 61.6 61.4 63.1 64.7 65.0 66.1 67.3 68.6 68.3 69.1 70.2 71.3 72.1 72.5 0.00 0.00 0.00 0.00 0.00 0.00 0.00 0.00 
56.5 57.8 58.9 59.9 60.5 60.8 61.9 61.7 62.7 64.6 65.5 67.1 68.1 67.6 68.3 70.1 71.0 71.7 72.1 0.00 0.00 0.00 0.00 0.00 0.00 0.00 0.00 
56.9 58.4 58.7 59.4 60.1 61.0 61.0 62.0 63.2 62.9 64.0 65.9 67.6 66.9 68.4 69.0 69.9 70.3 0.00 0.00 0.00 0.00 0.00 0.00 0.00 0.00 0.00 
56.8 58.4 59.3 60.2 60.9 61.4 61.3 62.4 64.1 63.8 63.8 65.4 67.3 67.7 0.00 0.00 0.00 0.00 0.00 0.00 0.00 0.00 0.00 0.00 0.00 0.00 0.00 
56.9 58.3 59.4 60.4 60.5 60.2 61.1 62.9 63.9 64.5 65.3 65.1 66.5 66.6 66.1 0.00 0.00 0.00 0.00 0.00 0.00 0.00 0.00 0.00 0.00 0.00 0.00 
