2016_CCC_ARR_IFD/catchment_depth_120min_18127aep.txt.asc
ncols         27
nrows         23
xllcorner     150.975
yllcorner     -33.6
cellsize      0.025
NODATA_value  -9999
42.2 42.2 42.9 43.5 43.3 43.1 43.3 44.1 45.0 46.4 48.0 48.7 49.1 50.2 50.8 51.5 51.6 51.8 52.6 53.3 54.0 54.7 55.4 56.0 56.5 57.1 57.6 
42.6 42.8 43.1 43.7 44.0 44.1 44.2 44.8 45.9 47.4 48.7 49.7 50.1 50.6 51.5 51.3 51.5 52.4 53.1 53.8 54.5 55.2 55.8 56.3 56.9 57.4 58.0 
42.4 43.0 43.7 44.0 44.2 44.6 45.0 45.5 47.0 48.0 49.1 49.9 50.3 50.5 51.8 52.5 52.6 52.8 53.7 54.4 55.0 55.6 56.2 56.7 57.3 57.8 58.3 
43.0 43.2 44.0 43.6 44.1 44.6 45.9 46.2 47.0 48.2 49.3 49.8 50.6 51.2 52.2 52.3 52.9 53.6 54.3 55.0 55.6 56.1 56.7 57.2 57.7 58.2 58.8 
43.1 43.3 44.1 43.7 44.5 45.3 46.2 46.9 48.2 49.5 49.8 50.0 51.3 51.5 52.5 52.9 53.6 54.4 55.1 55.7 56.2 56.7 57.1 57.6 58.1 58.6 59.1 
43.0 43.9 44.1 43.9 45.2 45.6 46.2 47.2 48.8 50.1 50.2 50.9 51.5 52.3 53.1 53.8 54.4 55.1 55.8 56.4 56.8 57.2 57.7 58.1 58.5 59.0 59.4 
43.0 43.6 43.9 44.4 45.7 45.9 46.9 48.0 49.4 50.8 51.0 51.5 52.1 53.3 53.8 54.7 55.4 56.0 56.7 57.2 57.5 57.9 58.2 58.5 58.9 59.4 59.9 
43.3 44.1 44.9 45.7 46.5 46.4 47.6 49.1 50.3 51.5 51.6 51.9 52.9 53.8 54.6 55.4 56.3 57.1 57.6 58.0 58.2 58.5 58.7 58.9 59.2 59.5 0.00 
43.6 44.6 45.2 46.2 46.6 47.2 47.9 49.9 50.7 52.1 53.0 53.1 53.6 54.5 55.3 56.3 57.2 58.0 58.6 58.9 59.0 59.0 59.1 59.2 59.4 59.7 0.00 
43.9 44.4 45.5 46.2 47.2 47.6 48.3 49.7 50.7 52.8 53.6 54.1 55.0 55.2 56.0 56.9 58.0 59.0 59.6 59.6 59.6 59.5 59.5 59.5 0.00 0.00 0.00 
44.1 44.7 45.4 46.0 47.6 48.0 49.0 50.6 51.8 53.5 54.5 54.3 54.9 56.2 56.6 57.4 58.5 59.5 60.1 60.0 59.9 59.9 59.9 59.9 60.0 0.00 0.00 
44.2 44.9 45.7 46.8 48.1 48.4 49.1 51.1 52.8 53.5 55.2 55.8 55.5 56.3 57.1 57.9 58.7 59.6 60.0 60.1 60.2 60.2 60.2 0.00 0.00 0.00 0.00 
44.4 45.2 46.1 47.3 48.2 48.7 49.4 51.5 53.0 53.3 55.2 55.8 56.7 56.6 57.4 58.2 58.9 59.6 60.0 60.2 60.3 60.4 0.00 0.00 0.00 0.00 0.00 
44.6 45.3 46.1 47.4 48.1 48.9 49.8 51.6 52.8 53.6 55.0 55.5 56.9 57.1 57.8 58.4 59.2 59.8 60.1 60.2 60.5 60.5 0.00 0.00 0.00 0.00 0.00 
44.8 45.4 46.2 47.3 48.4 49.5 50.0 51.3 53.1 53.5 54.6 55.9 57.0 57.2 57.7 58.5 59.3 59.9 60.3 60.4 60.8 0.00 0.00 0.00 0.00 0.00 0.00 
44.9 45.6 46.4 47.4 48.8 49.6 50.2 51.4 52.5 53.9 54.6 55.7 57.0 57.4 57.8 58.6 59.4 59.6 60.2 60.4 61.2 0.00 0.00 0.00 0.00 0.00 0.00 
45.0 45.6 46.6 47.5 48.5 50.1 50.8 51.2 53.0 54.2 54.7 55.4 56.8 57.3 57.4 58.3 59.0 59.6 59.8 60.1 0.00 0.00 0.00 0.00 0.00 0.00 0.00 
45.1 45.8 46.8 47.7 48.7 49.7 50.6 51.5 53.3 54.1 54.6 56.1 56.9 57.1 57.1 58.3 59.1 59.6 59.7 0.00 0.00 0.00 0.00 0.00 0.00 0.00 0.00 
45.7 46.3 47.4 48.3 49.4 50.5 50.9 52.3 53.6 54.0 54.9 55.8 56.8 56.4 57.0 57.8 58.7 59.5 59.9 0.00 0.00 0.00 0.00 0.00 0.00 0.00 0.00 
46.1 46.9 47.9 48.9 49.7 50.4 51.4 51.7 52.7 54.1 54.9 56.1 56.8 56.3 56.8 58.2 59.0 59.6 60.1 0.00 0.00 0.00 0.00 0.00 0.00 0.00 0.00 
46.6 47.7 48.2 49.0 49.9 50.8 51.2 52.3 53.3 53.3 54.1 55.5 56.8 56.1 57.3 57.8 58.6 58.9 0.00 0.00 0.00 0.00 0.00 0.00 0.00 0.00 0.00 
46.9 48.1 49.0 49.9 50.7 51.4 51.7 52.8 54.1 54.3 54.3 55.5 57.0 57.3 0.00 0.00 0.00 0.00 0.00 0.00 0.00 0.00 0.00 0.00 0.00 0.00 0.00 
47.4 48.5 49.5 50.5 50.9 51.0 51.9 53.3 54.3 55.0 55.7 55.6 56.8 56.8 56.3 0.00 0.00 0.00 0.00 0.00 0.00 0.00 0.00 0.00 0.00 0.00 0.00 
