2016_CCC_ARR_IFD/catchment_depth_360min_50000aep.txt.asc
ncols         27
nrows         23
xllcorner     150.975
yllcorner     -33.6
cellsize      0.025
NODATA_value  -9999
43.1 43.0 44.1 44.9 44.5 44.0 44.1 45.1 46.1 47.9 50.0 50.8 51.0 52.8 53.3 54.2 53.5 53.1 53.9 54.7 55.3 56.0 56.7 57.2 57.6 58.0 58.5 
43.8 44.0 44.4 45.3 45.5 45.5 45.3 46.1 47.4 49.3 51.2 52.8 52.7 53.1 54.4 53.2 53.2 53.8 54.5 55.2 55.9 56.6 57.2 57.7 58.1 58.6 59.0 
43.5 44.4 45.5 45.8 45.8 46.2 46.5 47.0 48.9 50.1 51.5 52.6 52.6 52.4 54.4 55.5 54.7 54.4 55.3 56.0 56.6 57.2 57.7 58.2 58.8 59.2 59.6 
44.5 44.8 46.0 45.1 45.7 46.2 47.8 48.0 48.7 50.2 51.6 52.1 52.9 53.4 54.8 54.3 54.7 55.3 56.1 56.8 57.5 58.0 58.5 59.0 59.4 59.9 60.5 
44.7 44.9 46.1 45.4 46.4 47.2 48.2 49.0 50.5 52.3 52.1 51.8 53.7 53.4 54.8 54.7 55.6 56.3 57.1 57.8 58.4 58.8 59.2 59.6 60.0 60.6 60.9 
44.5 46.0 46.1 45.6 47.4 47.6 48.0 49.1 51.3 53.0 52.5 53.1 53.6 54.2 55.3 55.7 56.5 57.3 58.1 58.8 59.3 59.7 60.0 60.3 60.8 61.3 61.4 
44.3 45.5 45.6 46.3 48.0 48.0 49.1 50.3 52.1 54.0 53.6 53.8 54.0 55.9 56.0 56.7 57.6 58.4 59.2 59.8 60.2 60.5 60.8 61.0 61.4 61.9 62.4 
44.5 46.2 47.2 48.2 49.2 48.5 50.1 51.9 53.4 54.9 54.2 54.1 55.0 56.0 57.0 57.8 58.8 59.6 60.3 60.8 61.0 61.3 61.5 61.5 61.8 62.1 0.00 
45.1 46.9 47.6 49.0 49.2 49.7 50.3 53.1 53.7 55.7 56.6 55.9 56.1 56.8 57.8 58.8 59.8 60.8 61.5 61.8 61.9 61.9 61.9 62.0 62.2 62.4 0.00 
45.7 46.3 48.0 48.8 50.0 50.2 50.7 52.5 53.6 56.4 57.3 57.5 58.5 57.9 58.6 59.6 60.7 61.8 62.6 62.7 62.7 62.5 62.5 62.6 0.00 0.00 0.00 
45.8 46.6 47.6 48.1 50.5 50.7 51.8 53.9 55.3 57.6 58.8 57.6 58.0 59.7 59.7 60.4 61.4 62.5 63.1 63.1 63.0 62.9 63.0 63.1 63.2 0.00 0.00 
45.7 46.7 48.0 49.5 51.3 51.3 51.8 54.6 56.8 57.4 59.6 60.0 58.9 59.6 60.3 61.0 61.8 62.6 63.0 63.2 63.2 63.3 63.4 0.00 0.00 0.00 0.00 
46.1 47.4 48.7 50.3 51.4 51.7 52.2 55.3 57.1 57.0 59.5 60.0 61.1 59.7 60.5 61.2 61.9 62.7 62.9 63.2 63.4 63.5 0.00 0.00 0.00 0.00 0.00 
46.4 47.4 48.5 50.3 51.1 51.9 53.0 55.3 56.8 57.5 59.3 59.5 61.5 61.0 61.2 61.5 62.3 63.1 63.2 63.2 63.6 63.6 0.00 0.00 0.00 0.00 0.00 
46.5 47.4 48.5 50.1 51.7 53.0 53.3 54.9 57.3 57.4 58.6 60.3 61.6 61.0 60.8 61.5 62.4 63.2 63.7 63.6 64.1 0.00 0.00 0.00 0.00 0.00 0.00 
46.9 47.8 48.8 50.3 52.3 53.2 53.8 55.2 56.5 58.3 58.8 59.9 61.7 61.3 60.8 61.7 62.9 62.7 63.4 63.5 65.1 0.00 0.00 0.00 0.00 0.00 0.00 
47.3 48.0 49.1 50.3 51.8 54.0 54.8 55.0 57.5 58.8 59.2 59.5 61.4 61.2 60.6 61.4 62.0 62.7 62.8 63.1 0.00 0.00 0.00 0.00 0.00 0.00 0.00 
47.5 48.5 49.6 50.7 52.1 53.5 54.6 55.8 58.1 58.9 59.2 61.0 61.7 61.0 60.4 61.6 62.5 62.8 62.7 0.00 0.00 0.00 0.00 0.00 0.00 0.00 0.00 
48.2 49.1 50.6 51.9 53.3 54.8 55.3 57.1 58.7 59.2 60.0 60.8 61.7 60.3 60.5 61.2 62.1 62.9 63.3 0.00 0.00 0.00 0.00 0.00 0.00 0.00 0.00 
48.8 49.9 51.4 52.8 53.8 54.7 56.2 56.6 57.9 59.7 60.4 61.5 62.0 60.4 60.6 62.2 63.1 63.6 63.9 0.00 0.00 0.00 0.00 0.00 0.00 0.00 0.00 
49.6 51.2 51.8 52.9 54.1 55.4 56.2 57.7 59.1 58.6 59.3 61.0 62.3 60.4 61.7 61.8 62.6 62.7 0.00 0.00 0.00 0.00 0.00 0.00 0.00 0.00 0.00 
50.1 51.8 53.0 54.2 55.3 56.2 56.9 58.4 59.9 60.4 60.0 61.2 62.8 62.7 0.00 0.00 0.00 0.00 0.00 0.00 0.00 0.00 0.00 0.00 0.00 0.00 0.00 
50.8 52.4 53.7 55.0 55.5 55.9 57.2 59.0 60.2 61.0 61.8 61.4 62.6 62.0 60.5 0.00 0.00 0.00 0.00 0.00 0.00 0.00 0.00 0.00 0.00 0.00 0.00 
