2016_CCC_ARR_IFD/catchment_depth_1800min_00100aep.txt.asc
ncols         27
nrows         23
xllcorner     150.975
yllcorner     -33.6
cellsize      0.025
NODATA_value  -9999
341 341 358 369 363 356 354 369 385 409 436 446 451 472 479 491 487 483 495 506 513 524 533 534 535 535 535 
353 355 362 373 376 375 370 380 399 425 450 470 470 475 491 480 481 486 495 505 514 522 527 530 532 533 533 
347 361 376 379 378 382 385 391 417 434 452 466 467 466 490 504 497 495 501 507 513 518 522 526 531 531 532 
362 366 382 367 374 380 402 403 411 432 451 457 468 476 493 487 494 494 502 507 515 519 522 526 527 531 539 
364 367 383 370 382 392 404 414 434 458 455 449 476 470 490 485 499 497 504 512 516 518 520 523 526 532 534 
360 381 380 371 395 395 398 412 442 465 457 463 469 477 491 482 498 506 513 510 514 518 520 521 527 533 530 
353 371 371 378 402 396 411 426 450 474 467 468 461 497 493 483 497 510 513 513 514 518 519 521 526 533 539 
353 381 394 405 416 400 421 446 465 485 472 461 474 485 502 501 499 503 510 511 512 517 518 516 519 521 0.00 
361 390 397 415 413 415 418 461 466 492 503 489 484 486 501 500 500 505 508 511 514 513 513 513 515 516 0.00 
369 375 400 408 422 418 419 444 457 499 508 507 519 500 496 507 499 505 509 514 514 511 511 513 0.00 0.00 0.00 
369 378 389 388 427 421 434 463 480 512 526 502 500 527 515 519 507 507 508 510 510 510 512 514 514 0.00 0.00 
361 373 392 411 435 427 427 469 499 502 533 534 508 513 517 518 519 512 508 509 509 510 512 0.00 0.00 0.00 0.00 
366 385 401 422 433 428 426 475 498 488 526 528 540 506 512 511 510 515 509 508 509 510 0.00 0.00 0.00 0.00 0.00 
369 383 393 419 422 427 435 470 487 490 514 511 541 524 519 514 519 526 516 509 512 509 0.00 0.00 0.00 0.00 0.00 
362 375 386 411 429 442 434 453 489 482 495 517 534 517 510 513 520 526 527 515 521 0.00 0.00 0.00 0.00 0.00 0.00 
377 380 386 410 435 439 436 451 466 489 490 504 528 515 508 515 525 513 518 512 537 0.00 0.00 0.00 0.00 0.00 0.00 
384 388 389 402 420 450 451 440 477 492 489 488 515 509 504 508 509 511 504 503 0.00 0.00 0.00 0.00 0.00 0.00 0.00 
386 395 400 402 418 430 435 446 482 484 480 506 512 500 491 504 509 508 500 0.00 0.00 0.00 0.00 0.00 0.00 0.00 0.00 
388 399 417 428 441 453 442 465 485 477 484 492 503 481 483 490 497 503 504 0.00 0.00 0.00 0.00 0.00 0.00 0.00 0.00 
392 409 426 440 444 443 456 445 454 476 479 495 500 474 475 493 502 506 507 0.00 0.00 0.00 0.00 0.00 0.00 0.00 0.00 
405 428 428 435 443 452 446 457 467 451 456 476 495 466 480 480 488 486 0.00 0.00 0.00 0.00 0.00 0.00 0.00 0.00 0.00 
410 435 447 457 464 465 457 468 487 472 458 472 498 490 0.00 0.00 0.00 0.00 0.00 0.00 0.00 0.00 0.00 0.00 0.00 0.00 0.00 
420 442 457 470 464 452 459 481 489 488 490 471 486 471 451 0.00 0.00 0.00 0.00 0.00 0.00 0.00 0.00 0.00 0.00 0.00 0.00 
