2016_CCC_ARR_IFD/catchment_depth_1min_18127aep.txt.asc
ncols         27
nrows         23
xllcorner     150.975
yllcorner     -33.6
cellsize      0.025
NODATA_value  -9999
2.96 2.94 2.97 3.00 2.97 2.95 2.96 3.00 3.04 3.12 3.20 3.23 3.25 3.31 3.34 3.37 3.39 3.41 3.45 3.48 3.51 3.55 3.58 3.61 3.64 3.66 3.69 
2.98 2.98 2.98 3.01 3.01 3.01 3.00 3.03 3.09 3.17 3.24 3.29 3.30 3.33 3.37 3.38 3.41 3.44 3.47 3.50 3.53 3.57 3.59 3.62 3.65 3.68 3.71 
2.97 2.99 3.02 3.03 3.02 3.03 3.04 3.07 3.15 3.20 3.25 3.30 3.31 3.33 3.39 3.42 3.44 3.47 3.50 3.52 3.55 3.58 3.61 3.64 3.67 3.69 3.72 
3.00 3.00 3.04 2.99 3.01 3.03 3.10 3.11 3.14 3.20 3.26 3.29 3.33 3.36 3.41 3.43 3.47 3.49 3.52 3.54 3.57 3.60 3.63 3.65 3.68 3.71 3.74 
3.01 3.00 3.04 3.00 3.03 3.07 3.11 3.14 3.21 3.28 3.28 3.29 3.36 3.37 3.43 3.45 3.49 3.51 3.54 3.57 3.59 3.62 3.64 3.67 3.70 3.72 3.75 
3.00 3.04 3.04 3.01 3.08 3.08 3.10 3.15 3.23 3.30 3.30 3.33 3.37 3.40 3.45 3.47 3.52 3.55 3.58 3.59 3.61 3.64 3.66 3.68 3.71 3.74 3.76 
3.01 3.03 3.02 3.04 3.10 3.10 3.14 3.19 3.26 3.34 3.34 3.36 3.38 3.45 3.47 3.50 3.54 3.58 3.60 3.62 3.63 3.66 3.68 3.70 3.73 3.75 3.78 
3.02 3.06 3.09 3.12 3.15 3.13 3.18 3.25 3.31 3.37 3.36 3.37 3.42 3.46 3.51 3.54 3.57 3.60 3.62 3.64 3.66 3.68 3.70 3.71 3.73 3.76 0.00 
3.05 3.09 3.11 3.15 3.16 3.17 3.20 3.30 3.33 3.40 3.44 3.43 3.45 3.48 3.53 3.56 3.59 3.63 3.65 3.67 3.69 3.70 3.71 3.73 3.74 3.77 0.00 
3.07 3.08 3.13 3.15 3.19 3.20 3.22 3.28 3.33 3.43 3.46 3.48 3.52 3.52 3.55 3.59 3.62 3.66 3.68 3.70 3.71 3.71 3.73 3.74 0.00 0.00 0.00 
3.09 3.10 3.13 3.14 3.22 3.22 3.26 3.33 3.39 3.47 3.51 3.49 3.51 3.58 3.59 3.62 3.65 3.68 3.70 3.71 3.72 3.73 3.74 3.76 3.77 0.00 0.00 
3.10 3.12 3.15 3.19 3.25 3.25 3.27 3.36 3.44 3.47 3.54 3.57 3.54 3.58 3.61 3.64 3.67 3.70 3.71 3.73 3.74 3.75 3.76 0.00 0.00 0.00 0.00 
3.12 3.15 3.18 3.23 3.26 3.27 3.29 3.39 3.45 3.46 3.55 3.57 3.61 3.59 3.62 3.65 3.68 3.71 3.72 3.74 3.75 3.77 0.00 0.00 0.00 0.00 0.00 
3.14 3.16 3.19 3.24 3.26 3.28 3.32 3.39 3.45 3.47 3.54 3.56 3.63 3.63 3.65 3.67 3.70 3.73 3.74 3.75 3.77 3.78 0.00 0.00 0.00 0.00 0.00 
3.15 3.17 3.20 3.24 3.28 3.32 3.33 3.38 3.46 3.47 3.52 3.58 3.63 3.63 3.65 3.68 3.72 3.75 3.77 3.77 3.80 0.00 0.00 0.00 0.00 0.00 0.00 
3.17 3.19 3.21 3.25 3.31 3.33 3.35 3.39 3.44 3.50 3.52 3.57 3.64 3.64 3.66 3.70 3.74 3.75 3.77 3.78 3.83 0.00 0.00 0.00 0.00 0.00 0.00 
3.19 3.21 3.23 3.26 3.30 3.36 3.38 3.38 3.47 3.52 3.53 3.56 3.63 3.65 3.66 3.70 3.73 3.76 3.77 3.78 0.00 0.00 0.00 0.00 0.00 0.00 0.00 
3.20 3.23 3.25 3.27 3.31 3.34 3.37 3.40 3.49 3.51 3.53 3.60 3.64 3.65 3.66 3.71 3.75 3.77 3.78 0.00 0.00 0.00 0.00 0.00 0.00 0.00 0.00 
3.23 3.25 3.29 3.32 3.36 3.39 3.39 3.45 3.51 3.51 3.55 3.59 3.64 3.63 3.66 3.70 3.74 3.78 3.80 0.00 0.00 0.00 0.00 0.00 0.00 0.00 0.00 
3.25 3.28 3.32 3.35 3.37 3.39 3.42 3.42 3.46 3.52 3.55 3.62 3.65 3.64 3.67 3.73 3.77 3.80 3.82 0.00 0.00 0.00 0.00 0.00 0.00 0.00 0.00 
3.27 3.32 3.33 3.36 3.38 3.41 3.42 3.45 3.49 3.49 3.53 3.60 3.67 3.65 3.70 3.73 3.76 3.78 0.00 0.00 0.00 0.00 0.00 0.00 0.00 0.00 0.00 
3.29 3.34 3.37 3.40 3.43 3.45 3.45 3.49 3.56 3.55 3.55 3.62 3.69 3.71 0.00 0.00 0.00 0.00 0.00 0.00 0.00 0.00 0.00 0.00 0.00 0.00 0.00 
3.32 3.36 3.40 3.44 3.44 3.44 3.47 3.53 3.58 3.61 3.64 3.64 3.70 3.71 3.70 0.00 0.00 0.00 0.00 0.00 0.00 0.00 0.00 0.00 0.00 0.00 0.00 
