2016_CCC_ARR_IFD/catchment_depth_2160min_18127aep.txt.asc
ncols         27
nrows         23
xllcorner     150.975
yllcorner     -33.6
cellsize      0.025
NODATA_value  -9999
127 126 132 136 132 128 126 131 136 145 156 159 159 168 169 173 166 158 160 163 164 167 170 170 170 170 170 
132 132 134 138 138 136 133 135 142 152 163 171 168 168 176 165 162 159 160 162 165 167 169 169 170 170 171 
129 135 140 141 139 139 139 140 150 156 163 168 166 162 174 179 171 166 164 163 165 167 168 170 171 172 172 
136 137 143 135 137 138 147 145 148 155 162 163 166 167 174 168 169 164 165 166 168 169 170 171 172 173 176 
138 137 144 136 141 144 148 150 158 168 164 159 170 164 172 167 172 167 168 170 170 171 171 172 173 176 176 
136 144 143 137 146 145 144 149 161 171 164 165 166 167 172 165 171 173 174 171 172 172 173 173 176 178 176 
132 139 138 140 150 145 150 156 165 175 169 167 162 177 173 167 171 176 175 174 174 174 175 175 177 180 182 
132 144 149 152 156 147 155 165 172 180 171 165 168 172 178 176 173 173 175 175 175 176 177 175 177 178 0.00 
137 148 150 157 155 154 154 172 172 183 186 177 174 173 178 176 175 175 176 177 177 176 176 177 177 177 0.00 
140 142 152 154 159 156 155 165 169 186 188 186 190 180 177 180 176 177 178 179 179 178 178 178 0.00 0.00 0.00 
140 143 147 145 161 157 162 173 179 192 197 184 182 193 187 187 180 179 179 179 179 179 180 181 181 0.00 0.00 
137 141 149 156 166 160 159 176 188 188 200 199 187 188 188 188 187 183 181 181 181 181 181 0.00 0.00 0.00 0.00 
139 147 153 161 165 161 159 180 188 183 198 197 202 186 188 186 185 186 183 182 182 182 0.00 0.00 0.00 0.00 0.00 
141 146 150 160 161 161 164 178 184 184 194 191 203 195 192 189 190 193 188 184 185 183 0.00 0.00 0.00 0.00 0.00 
138 143 147 157 164 168 164 171 186 182 186 195 202 193 190 190 192 195 194 188 190 0.00 0.00 0.00 0.00 0.00 0.00 
145 145 147 157 167 167 165 171 176 186 185 190 200 194 191 192 196 190 192 188 199 0.00 0.00 0.00 0.00 0.00 0.00 
148 149 148 153 160 173 172 167 182 187 186 185 195 193 190 191 191 191 187 186 0.00 0.00 0.00 0.00 0.00 0.00 0.00 
148 152 153 153 159 164 166 169 185 185 183 193 195 190 186 191 192 191 187 0.00 0.00 0.00 0.00 0.00 0.00 0.00 0.00 
149 153 161 164 170 174 169 178 187 183 186 189 193 184 184 186 189 190 190 0.00 0.00 0.00 0.00 0.00 0.00 0.00 0.00 
150 157 164 170 171 170 175 170 174 183 184 191 193 181 181 189 192 193 193 0.00 0.00 0.00 0.00 0.00 0.00 0.00 0.00 
155 165 165 167 170 174 171 176 180 173 175 184 192 179 185 184 187 186 0.00 0.00 0.00 0.00 0.00 0.00 0.00 0.00 0.00 
157 168 173 177 180 180 177 181 190 183 177 183 194 190 0.00 0.00 0.00 0.00 0.00 0.00 0.00 0.00 0.00 0.00 0.00 0.00 0.00 
161 171 177 183 180 175 178 188 191 191 192 184 190 184 175 0.00 0.00 0.00 0.00 0.00 0.00 0.00 0.00 0.00 0.00 0.00 0.00 
