2016_CCC_ARR_IFD/catchment_depth_7200min_18127aep.txt.asc
ncols         27
nrows         23
xllcorner     150.975
yllcorner     -33.6
cellsize      0.025
NODATA_value  -9999
182 179 190 195 188 179 175 183 190 204 221 226 224 239 241 247 234 219 223 226 228 233 237 237 236 236 236 
191 190 192 198 196 193 186 190 200 215 232 246 240 239 251 232 227 222 223 225 229 232 234 235 236 236 236 
186 194 202 202 197 197 196 197 213 221 232 240 236 229 246 255 241 234 229 227 230 232 234 235 237 238 238 
197 197 206 192 194 195 208 205 207 219 229 230 235 236 247 237 239 230 231 230 234 235 236 237 238 240 245 
199 197 206 193 199 203 209 212 223 238 231 223 240 231 243 235 243 234 235 237 237 237 237 239 240 243 244 
195 208 204 194 208 204 203 210 228 242 232 233 234 236 243 232 241 244 245 238 239 240 240 240 243 247 244 
189 200 196 199 213 205 212 219 233 249 239 236 228 250 245 233 240 247 246 242 241 242 243 243 246 250 253 
189 208 214 218 223 208 220 234 244 255 242 232 238 243 251 248 242 242 245 243 243 245 245 243 245 246 0.00 
196 214 216 225 221 219 218 244 244 259 264 251 245 244 252 248 245 245 245 246 247 245 245 245 246 245 0.00 
202 203 218 221 227 221 219 233 239 263 267 264 269 255 250 255 246 247 248 250 249 247 247 247 0.00 0.00 0.00 
202 205 210 207 231 224 230 246 254 273 280 262 259 274 265 265 254 251 250 250 250 249 251 252 252 0.00 0.00 
196 202 213 223 237 228 226 251 268 267 284 283 266 267 268 268 266 259 254 253 253 252 253 0.00 0.00 0.00 0.00 
200 211 220 231 236 230 226 256 268 260 281 281 287 266 268 266 263 265 259 257 256 255 0.00 0.00 0.00 0.00 0.00 
202 209 214 229 229 229 233 253 263 263 276 273 290 279 275 272 273 275 267 261 261 258 0.00 0.00 0.00 0.00 0.00 
197 204 209 224 234 240 233 244 265 259 266 279 288 278 275 275 277 279 278 268 270 0.00 0.00 0.00 0.00 0.00 0.00 
207 207 209 223 238 239 234 243 251 265 265 273 286 279 278 280 283 274 275 269 284 0.00 0.00 0.00 0.00 0.00 0.00 
212 213 211 217 227 246 245 237 260 268 266 266 280 279 279 280 277 276 269 266 0.00 0.00 0.00 0.00 0.00 0.00 0.00 
213 217 218 217 226 233 235 241 264 264 261 277 280 276 272 278 279 277 269 0.00 0.00 0.00 0.00 0.00 0.00 0.00 0.00 
212 219 230 235 242 249 239 254 267 260 265 270 277 266 267 270 273 275 274 0.00 0.00 0.00 0.00 0.00 0.00 0.00 0.00 
214 225 235 243 245 242 249 241 246 260 262 273 276 262 262 273 277 278 277 0.00 0.00 0.00 0.00 0.00 0.00 0.00 0.00 
222 238 236 239 243 248 243 249 255 245 249 262 275 257 266 266 270 268 0.00 0.00 0.00 0.00 0.00 0.00 0.00 0.00 0.00 
224 242 249 256 259 258 251 258 271 260 251 261 277 272 0.00 0.00 0.00 0.00 0.00 0.00 0.00 0.00 0.00 0.00 0.00 0.00 0.00 
230 246 256 264 259 249 254 269 274 273 274 261 272 262 250 0.00 0.00 0.00 0.00 0.00 0.00 0.00 0.00 0.00 0.00 0.00 0.00 
