2016_CCC_ARR_IFD/catchment_depth_2160min_95021aep.txt.asc
ncols         27
nrows         23
xllcorner     150.975
yllcorner     -33.6
cellsize      0.025
NODATA_value  -9999
50.6 50.1 52.5 53.8 52.3 50.5 49.5 51.3 52.8 56.1 60.0 60.9 60.4 63.9 64.2 65.5 62.0 58.2 59.0 59.9 60.4 61.6 62.9 62.9 63.1 63.5 63.8 
52.6 52.5 53.0 54.5 54.3 53.5 52.1 52.9 55.1 58.8 62.6 65.7 64.3 64.0 66.7 61.6 59.8 58.9 59.3 60.0 61.0 61.9 62.6 63.1 63.5 63.9 64.3 
51.2 53.3 55.4 55.4 54.5 54.6 54.3 54.5 58.3 60.2 62.7 64.4 63.3 61.2 65.6 67.7 63.6 61.2 60.7 60.6 61.5 62.2 62.7 63.4 64.2 64.6 64.9 
53.9 54.0 56.3 53.1 53.6 54.0 57.1 56.4 56.9 59.7 62.2 62.0 63.0 63.1 65.6 62.6 62.7 61.0 61.4 61.6 62.6 63.0 63.6 64.2 64.7 65.3 66.6 
54.0 53.9 56.2 53.2 54.8 55.8 57.2 58.1 60.9 64.4 62.6 60.1 64.3 61.6 64.5 62.1 63.8 62.1 62.6 63.4 63.6 63.9 64.2 64.9 65.4 66.3 66.7 
53.0 56.2 55.5 53.2 56.8 56.0 55.7 57.4 62.0 65.5 62.5 62.6 62.5 62.7 64.4 61.8 63.7 64.4 64.9 64.0 64.3 64.8 65.2 65.5 66.4 67.4 67.0 
51.5 54.2 53.5 54.3 57.8 56.0 57.8 59.6 63.0 66.9 64.2 63.3 61.2 66.5 64.8 62.5 64.1 65.5 65.6 65.2 65.4 65.8 66.1 66.4 67.2 68.3 69.3 
51.1 55.8 57.4 58.7 60.0 56.4 59.5 63.0 65.5 68.2 64.7 62.2 63.5 64.6 66.6 65.9 65.0 65.1 66.0 65.9 66.0 66.6 67.0 66.8 67.3 67.8 0.00 
52.6 57.0 57.6 60.1 59.3 59.0 58.9 65.2 65.2 68.9 69.9 66.7 65.3 65.2 66.8 66.2 65.9 66.2 66.5 66.9 67.2 67.1 67.2 67.4 67.8 67.9 0.00 
53.8 54.3 58.0 58.8 60.5 59.3 59.0 62.4 63.7 69.6 70.4 69.6 71.0 67.7 66.8 67.9 66.5 67.0 67.4 68.1 68.1 67.8 68.0 68.3 0.00 0.00 0.00 
53.5 54.6 56.0 55.4 61.1 59.7 61.3 65.2 67.3 71.5 73.2 69.1 68.6 72.1 70.1 70.4 68.4 68.1 68.2 68.4 68.4 68.5 69.0 69.5 69.7 0.00 0.00 
52.1 53.7 56.5 59.0 62.5 60.6 60.3 66.1 70.2 70.0 74.0 73.8 70.2 70.6 71.0 71.0 70.9 69.8 69.0 69.1 69.1 69.3 69.7 0.00 0.00 0.00 0.00 
52.7 55.5 57.8 60.7 62.0 60.9 60.2 67.2 70.0 68.5 73.2 73.4 75.0 70.3 71.1 70.8 70.4 71.0 70.0 69.8 69.9 69.9 0.00 0.00 0.00 0.00 0.00 
52.9 54.9 56.2 60.0 60.3 60.7 61.7 66.5 68.8 69.1 72.2 71.7 75.5 73.3 72.7 72.0 72.6 73.3 71.8 70.7 71.0 70.5 0.00 0.00 0.00 0.00 0.00 
51.7 53.6 55.1 58.7 61.2 62.9 61.7 64.4 69.3 68.3 70.2 73.0 75.2 73.1 72.3 72.7 73.5 74.2 74.2 72.3 73.1 0.00 0.00 0.00 0.00 0.00 0.00 
53.8 54.1 55.0 58.4 62.1 62.6 62.1 64.4 66.5 69.7 70.0 71.8 75.0 73.6 73.0 73.7 74.9 73.1 73.6 72.6 76.0 0.00 0.00 0.00 0.00 0.00 0.00 
54.7 55.2 55.3 57.1 59.7 64.2 64.4 63.1 68.3 70.4 70.3 70.5 73.8 73.4 73.1 73.6 73.3 73.4 72.3 71.9 0.00 0.00 0.00 0.00 0.00 0.00 0.00 
54.7 56.0 56.7 57.1 59.4 61.4 62.4 64.1 69.2 69.8 69.5 73.0 74.0 72.9 71.7 73.4 74.0 73.7 72.2 0.00 0.00 0.00 0.00 0.00 0.00 0.00 0.00 
54.6 56.4 59.1 60.7 62.7 64.7 63.5 66.9 69.9 69.3 70.6 71.9 73.5 70.8 71.0 71.8 72.8 73.5 73.5 0.00 0.00 0.00 0.00 0.00 0.00 0.00 0.00 
55.1 57.6 60.2 62.4 63.2 63.4 65.5 64.5 66.1 69.5 70.4 72.7 73.5 70.1 70.2 72.8 74.0 74.4 74.4 0.00 0.00 0.00 0.00 0.00 0.00 0.00 0.00 
56.6 60.2 60.3 61.6 63.0 64.7 64.4 66.4 68.4 66.5 67.5 70.7 73.3 69.3 71.4 71.3 72.4 72.1 0.00 0.00 0.00 0.00 0.00 0.00 0.00 0.00 0.00 
57.1 61.0 63.0 64.8 66.1 66.7 66.2 68.2 71.2 69.9 68.3 70.6 74.0 73.1 0.00 0.00 0.00 0.00 0.00 0.00 0.00 0.00 0.00 0.00 0.00 0.00 0.00 
58.4 61.8 64.2 66.5 66.1 65.1 66.7 70.2 71.9 72.3 72.9 70.7 72.9 71.0 67.9 0.00 0.00 0.00 0.00 0.00 0.00 0.00 0.00 0.00 0.00 0.00 0.00 
