2016_CCC_ARR_IFD/catchment_depth_10080min_99752aep.txt.asc
ncols         27
nrows         23
xllcorner     150.975
yllcorner     -33.6
cellsize      0.025
NODATA_value  -9999
46.9 45.9 48.6 49.8 48.0 45.5 44.3 45.9 47.3 50.6 54.8 55.7 54.8 58.8 58.7 60.1 55.3 50.3 51.2 52.1 52.8 54.1 55.5 55.8 56.3 56.9 57.5 
49.1 48.8 48.9 50.4 49.9 48.8 46.7 47.3 49.5 53.7 57.9 61.0 59.0 58.3 61.4 54.6 51.8 50.9 51.4 52.2 53.3 54.3 55.2 55.9 56.6 57.3 57.9 
47.3 49.5 51.7 51.1 49.9 49.8 49.2 48.8 53.1 55.0 57.6 58.9 57.3 54.4 59.5 61.8 56.4 52.9 52.7 52.8 53.8 54.6 55.4 56.2 57.2 57.9 58.5 
50.1 50.0 52.4 48.2 48.6 48.8 52.0 50.5 50.8 54.0 56.6 55.6 56.5 56.3 59.0 55.0 54.7 52.9 53.4 53.8 54.8 55.5 56.2 57.0 57.7 58.7 60.2 
50.1 49.7 52.1 48.1 49.6 50.5 51.8 52.4 55.3 59.1 56.6 53.1 57.5 54.1 57.2 54.1 55.7 54.0 54.5 55.4 55.9 56.3 56.8 57.7 58.4 59.6 60.3 
48.7 52.1 50.7 47.8 51.6 50.4 49.5 51.0 56.2 59.9 55.7 55.5 55.2 55.2 56.7 53.9 55.6 56.3 56.8 56.1 56.6 57.3 57.8 58.4 59.5 60.7 60.5 
46.5 49.2 48.2 48.8 52.4 49.9 51.5 53.5 57.0 61.1 57.3 56.0 53.7 59.1 57.1 54.7 56.1 57.5 57.7 57.4 57.7 58.3 58.8 59.3 60.3 61.6 62.8 
46.0 51.2 52.3 53.5 54.6 50.1 53.4 56.9 59.4 62.2 57.6 54.9 56.0 57.0 58.9 58.1 57.1 57.3 58.1 58.2 58.4 59.2 59.7 59.7 60.4 61.1 0.00 
47.4 52.4 52.4 54.9 53.6 52.9 52.3 59.1 58.8 62.6 63.5 59.4 57.9 57.6 59.2 58.5 58.2 58.5 58.8 59.2 59.7 59.7 60.0 60.4 61.0 61.3 0.00 
48.6 48.9 52.6 53.2 54.7 52.7 52.3 55.5 56.7 63.0 63.6 62.2 63.6 60.1 59.3 60.3 59.0 59.4 59.8 60.5 60.7 60.6 60.9 61.4 0.00 0.00 0.00 
48.2 49.0 50.3 49.0 55.2 53.1 54.5 58.6 60.6 64.9 66.6 61.7 61.2 64.6 62.6 62.9 61.0 60.7 60.8 61.1 61.2 61.4 62.1 62.7 63.0 0.00 0.00 
46.4 47.9 50.6 53.1 56.5 53.9 53.4 59.1 63.5 62.7 67.0 66.3 62.8 63.3 63.7 63.7 63.7 62.6 61.9 62.0 62.1 62.4 62.9 0.00 0.00 0.00 0.00 
47.0 49.7 51.9 54.7 55.8 54.0 53.4 60.1 63.2 61.2 65.7 65.9 67.5 63.3 64.0 63.9 63.5 64.1 63.1 62.9 63.1 63.2 0.00 0.00 0.00 0.00 0.00 
47.1 49.0 50.1 53.9 53.5 53.8 54.8 59.3 61.5 61.8 64.7 64.4 68.1 66.1 65.7 65.3 65.8 66.5 65.1 64.0 64.4 63.9 0.00 0.00 0.00 0.00 0.00 
45.7 47.4 48.5 52.0 54.3 55.9 54.7 57.3 62.0 61.1 63.0 65.7 67.8 66.2 65.9 66.4 67.0 67.6 67.6 65.9 66.6 0.00 0.00 0.00 0.00 0.00 0.00 
47.8 47.5 48.3 51.6 55.2 55.5 55.1 57.3 59.4 62.5 62.9 64.8 67.7 66.8 66.9 67.5 68.4 66.9 67.3 66.3 69.6 0.00 0.00 0.00 0.00 0.00 0.00 
48.5 48.8 48.5 50.2 52.7 57.1 57.2 56.0 61.1 63.1 63.2 63.8 66.9 66.9 67.4 67.7 67.4 67.4 66.2 65.8 0.00 0.00 0.00 0.00 0.00 0.00 0.00 
48.4 49.6 49.8 50.1 52.3 54.2 55.3 56.9 61.9 62.6 62.6 66.0 67.1 66.6 65.9 67.6 68.1 67.7 66.3 0.00 0.00 0.00 0.00 0.00 0.00 0.00 0.00 
47.8 49.4 52.1 53.6 55.5 57.5 56.2 59.6 62.6 62.1 63.5 65.0 66.7 64.7 65.1 66.0 67.0 67.6 67.6 0.00 0.00 0.00 0.00 0.00 0.00 0.00 0.00 
48.0 50.5 53.0 55.2 55.9 56.0 58.2 57.2 58.9 62.3 63.3 65.7 66.7 64.0 64.2 66.8 67.9 68.4 68.4 0.00 0.00 0.00 0.00 0.00 0.00 0.00 0.00 
49.4 53.0 52.9 54.2 55.6 57.3 57.0 59.0 60.9 59.4 60.6 63.8 66.5 63.1 65.2 65.3 66.5 66.2 0.00 0.00 0.00 0.00 0.00 0.00 0.00 0.00 0.00 
49.8 53.6 55.5 57.3 58.6 59.2 58.7 60.7 63.9 62.6 61.3 63.7 67.2 66.5 0.00 0.00 0.00 0.00 0.00 0.00 0.00 0.00 0.00 0.00 0.00 0.00 0.00 
50.8 54.2 56.7 58.9 58.6 57.6 59.3 62.7 64.5 65.0 65.8 63.8 66.1 64.4 61.8 0.00 0.00 0.00 0.00 0.00 0.00 0.00 0.00 0.00 0.00 0.00 0.00 
