2016_CCC_ARR_IFD/catchment_depth_8640min_20000aep.txt.asc
ncols         27
nrows         23
xllcorner     150.975
yllcorner     -33.6
cellsize      0.025
NODATA_value  -9999
182 180 190 195 188 180 176 184 191 205 222 226 225 240 241 247 235 220 224 228 229 234 239 238 238 238 238 
191 190 192 198 197 193 187 190 200 216 232 246 241 240 251 233 228 223 224 227 230 234 236 237 238 238 238 
186 194 202 202 198 198 196 197 213 222 232 240 236 229 247 256 242 234 230 228 231 234 235 237 239 240 240 
197 197 206 192 194 196 208 205 208 219 230 230 235 237 247 238 239 231 232 232 235 236 238 239 240 242 247 
199 197 206 193 199 203 209 212 223 238 232 223 240 231 243 236 243 235 236 239 239 239 239 241 242 246 246 
195 208 204 194 208 205 204 210 228 242 232 233 234 236 243 233 242 245 246 240 240 241 242 242 246 249 246 
189 200 196 199 213 205 212 220 233 248 239 236 229 250 245 235 242 248 247 244 243 244 245 245 248 252 256 
189 207 213 218 223 208 220 234 243 255 242 232 238 243 252 249 244 244 247 245 245 247 247 245 247 248 0.00 
195 213 215 225 220 219 218 244 244 258 263 251 246 245 252 249 247 247 247 248 249 247 247 247 248 248 0.00 
201 203 218 220 226 221 219 233 238 263 266 263 269 255 251 256 248 249 250 252 252 250 249 250 0.00 0.00 0.00 
201 205 210 206 230 223 229 245 254 272 279 261 259 274 265 266 256 254 253 253 252 252 253 254 254 0.00 0.00 
195 201 212 223 236 228 226 250 267 266 283 282 266 268 269 269 267 261 256 256 255 255 256 0.00 0.00 0.00 0.00 
199 210 219 231 235 229 226 255 267 259 280 280 287 267 269 268 265 266 261 259 258 258 0.00 0.00 0.00 0.00 0.00 
201 208 213 228 228 229 233 252 262 262 275 273 289 279 276 273 274 277 269 263 263 260 0.00 0.00 0.00 0.00 0.00 
196 203 209 223 233 239 233 243 264 259 266 278 287 278 275 276 278 280 279 270 272 0.00 0.00 0.00 0.00 0.00 0.00 
206 206 209 223 238 238 235 243 252 265 266 273 286 280 279 281 284 276 277 271 285 0.00 0.00 0.00 0.00 0.00 0.00 
211 212 210 217 227 246 245 237 260 268 266 267 281 279 280 280 278 277 271 268 0.00 0.00 0.00 0.00 0.00 0.00 0.00 
212 216 218 217 226 233 235 241 264 265 262 277 281 277 272 279 280 278 271 0.00 0.00 0.00 0.00 0.00 0.00 0.00 0.00 
212 218 230 235 242 249 240 254 267 261 266 271 278 267 268 271 275 276 275 0.00 0.00 0.00 0.00 0.00 0.00 0.00 0.00 
214 225 235 243 245 242 250 242 247 261 264 274 277 263 263 274 278 280 279 0.00 0.00 0.00 0.00 0.00 0.00 0.00 0.00 
221 238 236 239 243 249 244 250 257 247 251 264 276 259 267 267 271 269 0.00 0.00 0.00 0.00 0.00 0.00 0.00 0.00 0.00 
224 242 249 256 260 259 253 259 272 261 253 263 279 274 0.00 0.00 0.00 0.00 0.00 0.00 0.00 0.00 0.00 0.00 0.00 0.00 0.00 
231 246 256 265 260 250 255 270 275 274 275 263 273 264 251 0.00 0.00 0.00 0.00 0.00 0.00 0.00 0.00 0.00 0.00 0.00 0.00 
