2016_CCC_ARR_IFD/catchment_depth_20min_99999aep.txt.asc
ncols         27
nrows         23
xllcorner     150.975
yllcorner     -33.6
cellsize      0.025
NODATA_value  -9999
5.16 5.15 5.24 5.30 5.26 5.22 5.22 5.30 5.39 5.54 5.72 5.80 5.83 5.99 6.04 6.13 6.11 6.14 6.24 6.33 6.42 6.51 6.60 6.68 6.77 6.84 6.92 
5.23 5.24 5.27 5.34 5.35 5.35 5.33 5.39 5.50 5.66 5.84 5.98 5.98 6.02 6.15 6.07 6.13 6.20 6.29 6.38 6.47 6.56 6.65 6.73 6.81 6.89 6.96 
5.21 5.28 5.36 5.38 5.38 5.41 5.43 5.47 5.63 5.74 5.87 5.97 5.98 5.98 6.16 6.27 6.23 6.27 6.35 6.43 6.52 6.61 6.69 6.78 6.86 6.94 7.01 
5.29 5.32 5.41 5.34 5.38 5.42 5.55 5.56 5.62 5.75 5.88 5.92 6.01 6.07 6.19 6.18 6.26 6.32 6.41 6.49 6.59 6.67 6.75 6.83 6.91 6.99 7.07 
5.32 5.34 5.43 5.37 5.45 5.51 5.58 5.64 5.78 5.94 5.92 5.89 6.08 6.05 6.20 6.21 6.32 6.37 6.47 6.56 6.65 6.73 6.80 6.88 6.96 7.04 7.11 
5.31 5.42 5.43 5.41 5.53 5.54 5.56 5.65 5.84 6.01 5.95 6.00 6.04 6.11 6.22 6.24 6.35 6.45 6.54 6.62 6.71 6.79 6.86 6.93 7.01 7.09 7.15 
5.28 5.38 5.40 5.45 5.58 5.56 5.65 5.74 5.91 6.09 6.03 6.04 6.02 6.26 6.26 6.28 6.40 6.50 6.59 6.68 6.77 6.84 6.92 6.99 7.07 7.15 7.22 
5.29 5.44 5.52 5.60 5.67 5.59 5.72 5.89 6.02 6.17 6.07 6.00 6.09 6.19 6.33 6.38 6.45 6.54 6.64 6.73 6.81 6.89 6.97 7.03 7.10 7.17 0.00 
5.34 5.50 5.55 5.66 5.67 5.69 5.71 6.00 6.04 6.23 6.31 6.20 6.17 6.22 6.34 6.41 6.50 6.60 6.69 6.78 6.86 6.93 7.00 7.07 7.15 7.21 0.00 
5.38 5.42 5.58 5.63 5.73 5.71 5.72 5.89 5.97 6.29 6.36 6.35 6.46 6.32 6.36 6.47 6.54 6.65 6.74 6.83 6.91 6.97 7.05 7.12 0.00 0.00 0.00 
5.39 5.44 5.52 5.52 5.77 5.73 5.82 6.02 6.15 6.39 6.51 6.32 6.32 6.56 6.49 6.56 6.59 6.69 6.78 6.86 6.94 7.01 7.10 7.18 7.25 0.00 0.00 
5.35 5.42 5.55 5.67 5.84 5.78 5.78 6.08 6.31 6.33 6.57 6.60 6.40 6.46 6.52 6.59 6.66 6.73 6.81 6.90 6.98 7.06 7.14 0.00 0.00 0.00 0.00 
5.37 5.50 5.62 5.76 5.83 5.80 5.79 6.14 6.31 6.24 6.54 6.57 6.69 6.43 6.52 6.58 6.67 6.77 6.85 6.93 7.02 7.10 0.00 0.00 0.00 0.00 0.00 
5.40 5.50 5.57 5.75 5.77 5.80 5.86 6.11 6.25 6.27 6.47 6.45 6.72 6.60 6.59 6.63 6.73 6.85 6.90 6.97 7.06 7.14 0.00 0.00 0.00 0.00 0.00 
5.36 5.45 5.54 5.71 5.83 5.92 5.87 6.00 6.28 6.23 6.34 6.54 6.71 6.58 6.56 6.65 6.77 6.90 6.99 7.03 7.14 0.00 0.00 0.00 0.00 0.00 0.00 
5.50 5.51 5.56 5.73 5.90 5.92 5.90 6.02 6.13 6.32 6.34 6.46 6.70 6.61 6.58 6.70 6.86 6.89 7.00 7.08 7.26 0.00 0.00 0.00 0.00 0.00 0.00 
5.58 5.62 5.60 5.69 5.81 6.02 6.03 5.99 6.24 6.37 6.36 6.40 6.63 6.62 6.63 6.74 6.84 6.94 7.02 7.11 0.00 0.00 0.00 0.00 0.00 0.00 0.00 
5.62 5.70 5.71 5.72 5.82 5.91 5.96 6.05 6.31 6.35 6.35 6.59 6.68 6.64 6.69 6.81 6.93 7.01 7.08 0.00 0.00 0.00 0.00 0.00 0.00 0.00 0.00 
5.63 5.72 5.84 5.91 6.00 6.09 6.03 6.19 6.37 6.34 6.44 6.56 6.70 6.66 6.76 6.86 6.98 7.09 7.18 0.00 0.00 0.00 0.00 0.00 0.00 0.00 0.00 
5.69 5.79 5.91 6.00 6.04 6.05 6.15 6.14 6.23 6.39 6.48 6.67 6.78 6.74 6.84 6.99 7.11 7.21 7.29 0.00 0.00 0.00 0.00 0.00 0.00 0.00 0.00 
5.78 5.92 5.94 6.00 6.07 6.15 6.16 6.25 6.35 6.38 6.49 6.66 6.86 6.83 6.97 7.06 7.17 7.25 0.00 0.00 0.00 0.00 0.00 0.00 0.00 0.00 0.00 
5.85 5.98 6.07 6.16 6.23 6.27 6.28 6.39 6.57 6.54 6.60 6.77 6.99 7.05 0.00 0.00 0.00 0.00 0.00 0.00 0.00 0.00 0.00 0.00 0.00 0.00 0.00 
5.93 6.05 6.16 6.26 6.28 6.29 6.38 6.55 6.67 6.76 6.87 6.90 7.07 7.12 7.14 0.00 0.00 0.00 0.00 0.00 0.00 0.00 0.00 0.00 0.00 0.00 0.00 
