2016_CCC_ARR_IFD/catchment_depth_1080min_01000aep.txt.asc
ncols         27
nrows         23
xllcorner     150.975
yllcorner     -33.6
cellsize      0.025
NODATA_value  -9999
180 180 189 194 192 188 188 195 203 215 229 234 236 247 251 256 252 244 250 255 259 265 270 271 272 274 275 
186 188 191 197 199 198 196 201 211 224 237 247 247 249 257 248 245 246 250 254 259 263 267 269 271 273 274 
184 191 199 201 200 203 204 207 221 229 239 246 246 243 257 264 257 251 253 255 259 263 265 268 271 273 274 
192 194 202 195 199 202 213 214 218 229 239 241 247 249 259 252 254 252 255 257 261 264 266 269 271 274 278 
193 195 203 197 204 209 215 220 231 243 241 237 251 246 257 251 258 255 258 262 263 265 266 269 271 275 277 
192 202 203 198 211 211 212 220 235 247 243 245 248 251 258 251 258 262 265 262 264 266 268 269 273 277 275 
189 198 199 203 215 212 220 228 240 253 249 249 244 263 260 253 260 266 267 266 266 268 269 270 273 278 281 
190 204 211 217 223 215 226 239 249 259 252 246 252 258 267 265 262 264 267 267 268 269 270 269 271 273 0.00 
195 209 213 222 222 223 225 247 250 263 269 262 259 259 267 265 265 267 269 270 270 269 269 269 271 272 0.00 
199 203 215 220 227 225 226 240 246 268 273 272 278 268 265 270 266 269 271 273 272 270 270 270 0.00 0.00 0.00 
200 204 211 211 230 228 235 250 259 275 282 270 269 283 277 278 272 272 273 272 272 271 272 272 273 0.00 0.00 
197 203 213 223 235 232 232 254 270 271 287 288 274 276 278 279 279 275 273 273 272 272 273 0.00 0.00 0.00 0.00 
200 210 218 229 235 233 232 258 269 265 284 285 292 273 276 276 275 277 274 273 273 273 0.00 0.00 0.00 0.00 0.00 
202 209 215 228 230 233 238 256 265 266 279 277 293 284 281 278 280 284 278 274 275 273 0.00 0.00 0.00 0.00 0.00 
200 206 212 225 234 241 237 247 266 262 269 281 290 281 276 278 281 285 285 278 281 0.00 0.00 0.00 0.00 0.00 0.00 
207 209 213 225 238 241 239 247 255 267 267 275 288 280 275 279 285 278 281 277 291 0.00 0.00 0.00 0.00 0.00 0.00 
211 214 215 221 231 247 248 241 261 269 267 266 281 277 273 276 276 278 274 273 0.00 0.00 0.00 0.00 0.00 0.00 0.00 
212 217 221 222 230 237 240 245 264 266 262 277 280 273 267 274 278 277 272 0.00 0.00 0.00 0.00 0.00 0.00 0.00 0.00 
214 220 230 236 243 249 244 256 267 262 266 270 276 263 264 268 272 275 276 0.00 0.00 0.00 0.00 0.00 0.00 0.00 0.00 
217 226 235 242 245 245 251 245 250 262 264 273 275 260 260 271 276 278 278 0.00 0.00 0.00 0.00 0.00 0.00 0.00 0.00 
224 236 236 241 245 250 246 252 258 248 251 263 273 257 265 264 269 268 0.00 0.00 0.00 0.00 0.00 0.00 0.00 0.00 0.00 
227 240 247 253 257 257 253 259 269 261 253 261 275 271 0.00 0.00 0.00 0.00 0.00 0.00 0.00 0.00 0.00 0.00 0.00 0.00 0.00 
232 244 253 260 257 250 255 266 271 271 272 261 270 262 250 0.00 0.00 0.00 0.00 0.00 0.00 0.00 0.00 0.00 0.00 0.00 0.00 
