2016_CCC_ARR_IFD/catchment_depth_1800min_63212aep.txt.asc
ncols         27
nrows         23
xllcorner     150.975
yllcorner     -33.6
cellsize      0.025
NODATA_value  -9999
73.6 73.0 76.7 78.7 76.7 74.3 73.2 75.8 78.3 83.1 88.8 90.3 89.8 94.9 95.3 97.4 93.0 87.5 88.8 89.9 90.4 92.1 93.7 93.6 93.6 93.9 94.2 
76.5 76.6 77.5 79.8 79.7 78.8 77.0 78.3 81.8 87.1 92.6 97.2 95.4 95.2 99.0 92.5 90.3 88.8 89.1 90.1 91.4 92.5 93.4 93.8 94.3 94.6 95.0 
74.8 77.9 81.0 81.2 80.2 80.5 80.3 80.8 86.4 89.4 93.1 95.6 94.3 91.8 97.9 101 95.8 92.7 91.5 91.1 92.2 93.0 93.7 94.4 95.3 95.7 96.0 
78.6 78.9 82.4 78.1 79.1 79.9 84.5 83.7 84.8 88.9 92.7 92.7 94.3 94.7 98.3 94.5 94.8 92.2 92.6 92.7 94.0 94.4 95.1 95.7 96.2 97.0 98.8 
79.0 79.0 82.5 78.5 81.0 82.7 84.9 86.3 90.6 95.7 93.5 90.2 96.4 92.8 97.1 93.9 96.5 94.0 94.4 95.5 95.7 95.9 96.0 96.8 97.4 98.6 99.0 
77.7 82.5 81.7 78.7 84.1 83.1 82.9 85.5 92.4 97.5 93.6 94.0 94.1 94.6 97.1 93.5 96.4 97.5 98.2 96.4 96.8 97.3 97.6 97.9 99.0 100 99.5 
75.7 79.8 79.1 80.4 85.6 83.3 86.1 88.9 94.1 99.8 96.3 95.1 92.1 100 97.9 94.4 96.9 99.1 99.2 98.3 98.3 98.7 99.0 99.3 100 102 103 
75.5 82.2 84.8 86.9 88.9 84.0 88.7 94.0 97.9 102 97.3 93.6 95.6 97.5 101 99.6 98.1 98.4 99.5 99.3 99.3 100 100 99.8 100 101 0.00 
77.6 84.2 85.3 89.1 88.1 87.9 87.9 97.5 97.8 103 105 100 98.4 98.2 101 99.9 99.4 99.9 100 101 101 101 101 101 101 101 0.00 
79.5 80.5 86.1 87.4 90.1 88.5 88.2 93.5 95.6 105 106 105 107 102 101 102 100 101 102 102 102 102 102 102 0.00 0.00 0.00 
79.3 81.1 83.4 82.6 91.2 89.3 91.8 97.8 101 108 110 104 103 109 106 106 103 103 103 103 103 103 103 104 104 0.00 0.00 
77.4 79.9 84.1 88.1 93.3 90.8 90.3 99.3 106 106 112 112 106 106 107 107 107 105 104 104 104 104 104 0.00 0.00 0.00 0.00 
78.5 82.7 86.2 90.7 92.7 91.3 90.3 101 105 103 111 111 113 106 107 106 106 107 105 105 105 105 0.00 0.00 0.00 0.00 0.00 
79.1 82.1 84.2 89.9 90.4 91.1 92.7 100 104 104 109 108 114 110 109 108 109 110 107 106 106 105 0.00 0.00 0.00 0.00 0.00 
77.7 80.4 82.7 88.1 91.9 94.5 92.8 96.8 104 103 105 110 113 110 108 109 110 111 111 108 109 0.00 0.00 0.00 0.00 0.00 0.00 
80.8 81.3 82.7 87.8 93.4 94.1 93.4 96.8 99.9 105 105 108 113 110 109 110 112 109 110 108 114 0.00 0.00 0.00 0.00 0.00 0.00 
82.1 83.1 83.3 86.1 90.0 96.6 97.0 94.8 103 106 105 106 111 110 109 109 109 109 108 107 0.00 0.00 0.00 0.00 0.00 0.00 0.00 
82.4 84.4 85.6 86.1 89.6 92.5 93.9 96.4 104 105 104 110 111 109 107 109 110 110 107 0.00 0.00 0.00 0.00 0.00 0.00 0.00 0.00 
82.5 85.1 89.2 91.5 94.6 97.6 95.6 101 105 104 106 108 110 105 106 107 108 109 109 0.00 0.00 0.00 0.00 0.00 0.00 0.00 0.00 
83.3 87.0 90.8 94.1 95.4 95.5 98.7 97.0 99.4 104 105 109 110 104 104 108 110 111 111 0.00 0.00 0.00 0.00 0.00 0.00 0.00 0.00 
85.6 91.0 91.0 93.0 95.0 97.5 97.0 99.9 103 99.6 101 106 110 103 106 106 108 107 0.00 0.00 0.00 0.00 0.00 0.00 0.00 0.00 0.00 
86.6 92.3 95.1 97.7 99.7 100 99.6 103 107 105 102 106 111 109 0.00 0.00 0.00 0.00 0.00 0.00 0.00 0.00 0.00 0.00 0.00 0.00 0.00 
88.5 93.5 97.0 100 99.6 97.9 100 105 108 108 109 106 109 106 101 0.00 0.00 0.00 0.00 0.00 0.00 0.00 0.00 0.00 0.00 0.00 0.00 
