2016_CCC_ARR_IFD/catchment_depth_120min_39347aep.txt.asc
ncols         27
nrows         23
xllcorner     150.975
yllcorner     -33.6
cellsize      0.025
NODATA_value  -9999
33.4 33.4 33.8 34.2 34.0 33.8 33.9 34.4 35.0 36.0 37.1 37.5 37.8 38.6 39.0 39.5 39.4 39.7 40.3 40.8 41.3 41.7 42.1 42.6 43.0 43.3 43.7 
33.7 33.8 34.0 34.4 34.5 34.5 34.5 34.9 35.6 36.7 37.7 38.5 38.6 38.8 39.5 39.2 39.5 40.2 40.7 41.2 41.7 42.1 42.5 42.9 43.3 43.7 44.1 
33.6 34.0 34.5 34.6 34.7 34.9 35.1 35.4 36.4 37.1 37.9 38.5 38.6 38.6 39.6 40.2 40.1 40.3 41.1 41.7 42.2 42.6 43.0 43.3 43.7 44.0 44.4 
34.0 34.2 34.7 34.3 34.7 35.0 35.8 36.0 36.4 37.2 38.0 38.3 38.8 39.2 39.9 39.9 40.3 41.0 41.7 42.2 42.6 43.0 43.4 43.7 44.0 44.4 44.7 
34.1 34.2 34.8 34.5 35.0 35.5 36.0 36.5 37.3 38.2 38.3 38.3 39.3 39.3 40.0 40.3 40.8 41.6 42.2 42.7 43.1 43.5 43.8 44.1 44.4 44.7 45.0 
34.1 34.7 34.8 34.7 35.5 35.7 36.1 36.7 37.7 38.6 38.5 38.9 39.3 39.8 40.4 41.1 41.4 42.0 42.5 43.3 43.7 44.0 44.2 44.5 44.8 45.1 45.3 
34.2 34.6 34.7 35.1 35.9 36.0 36.6 37.2 38.2 39.1 39.1 39.4 39.8 40.6 40.8 41.8 42.2 42.6 43.3 43.9 44.2 44.4 44.7 44.9 45.1 45.4 45.7 
34.4 34.9 35.4 35.9 36.4 36.3 37.1 38.0 38.8 39.6 39.5 39.7 40.2 40.8 41.3 42.0 42.9 43.6 44.1 44.5 44.7 44.9 45.0 45.2 45.4 45.6 0.00 
34.6 35.2 35.6 36.3 36.5 36.9 37.3 38.7 39.1 40.1 40.6 40.5 40.7 41.3 41.9 42.7 43.6 44.3 44.8 45.1 45.2 45.3 45.4 45.5 45.6 45.8 0.00 
34.8 35.2 35.9 36.3 37.0 37.2 37.6 38.5 39.1 40.5 41.1 41.3 41.8 41.8 42.5 43.1 44.2 45.0 45.5 45.6 45.6 45.6 45.6 45.7 0.00 0.00 0.00 
35.0 35.4 35.9 36.2 37.3 37.5 38.1 39.2 39.9 41.1 41.8 41.4 41.7 42.6 42.8 43.4 44.4 45.3 45.8 45.9 45.9 45.9 45.9 46.0 46.1 0.00 0.00 
35.1 35.5 36.1 36.8 37.6 37.8 38.3 39.5 40.7 41.1 42.3 42.6 42.2 42.6 43.2 43.7 44.4 45.2 45.7 45.9 46.0 46.1 46.1 0.00 0.00 0.00 0.00 
35.3 35.8 36.4 37.2 37.8 38.1 38.5 39.9 40.8 40.9 42.3 42.6 43.2 42.8 43.4 44.0 44.6 45.2 45.6 45.9 46.1 46.2 0.00 0.00 0.00 0.00 0.00 
35.4 35.9 36.4 37.2 37.7 38.3 38.9 40.0 40.8 41.2 42.2 42.4 43.4 43.4 43.7 44.1 44.7 45.2 45.6 45.9 46.1 46.3 0.00 0.00 0.00 0.00 0.00 
35.7 36.1 36.6 37.2 38.0 38.7 39.1 39.8 41.0 41.2 41.9 42.8 43.5 43.4 43.6 44.1 44.7 45.3 45.7 45.9 46.3 0.00 0.00 0.00 0.00 0.00 0.00 
35.7 36.2 36.8 37.4 38.3 38.8 39.3 40.0 40.7 41.6 42.0 42.7 43.6 43.6 43.6 44.2 44.9 45.2 45.7 45.9 46.6 0.00 0.00 0.00 0.00 0.00 0.00 
35.8 36.2 37.0 37.6 38.2 39.2 39.8 40.1 41.2 41.9 42.3 42.6 43.6 43.7 43.6 44.2 44.7 45.2 45.5 45.9 0.00 0.00 0.00 0.00 0.00 0.00 0.00 
35.9 36.4 37.1 37.8 38.5 39.2 39.8 40.4 41.5 42.0 42.4 43.3 43.8 43.7 43.8 44.4 45.0 45.3 45.6 0.00 0.00 0.00 0.00 0.00 0.00 0.00 0.00 
36.4 36.8 37.5 38.2 38.9 39.7 40.1 41.0 41.8 42.2 42.8 43.3 43.9 43.6 44.0 44.5 45.0 45.5 45.9 0.00 0.00 0.00 0.00 0.00 0.00 0.00 0.00 
36.8 37.2 37.9 38.6 39.2 39.8 40.5 41.0 41.6 42.5 43.0 43.7 44.2 43.9 44.2 45.0 45.5 46.0 46.3 0.00 0.00 0.00 0.00 0.00 0.00 0.00 0.00 
37.1 37.7 38.2 38.8 39.4 40.1 40.7 41.4 42.2 42.3 42.8 43.7 44.5 44.1 44.8 45.1 45.6 45.8 0.00 0.00 0.00 0.00 0.00 0.00 0.00 0.00 0.00 
37.4 38.1 38.7 39.3 39.9 40.5 41.0 41.8 42.7 43.1 43.3 44.0 44.9 45.1 0.00 0.00 0.00 0.00 0.00 0.00 0.00 0.00 0.00 0.00 0.00 0.00 0.00 
37.7 38.4 39.1 39.7 40.1 40.6 41.3 42.2 42.9 43.6 44.1 44.3 45.0 45.1 44.8 0.00 0.00 0.00 0.00 0.00 0.00 0.00 0.00 0.00 0.00 0.00 0.00 
