2016_CCC_ARR_IFD/catchment_depth_7200min_39347aep.txt.asc
ncols         27
nrows         23
xllcorner     150.975
yllcorner     -33.6
cellsize      0.025
NODATA_value  -9999
143 141 149 153 148 141 137 143 148 159 173 176 174 186 186 191 179 164 167 169 170 174 177 177 176 177 177 
150 149 151 155 154 151 146 148 156 169 182 192 187 186 194 178 172 167 167 169 171 174 175 176 177 177 178 
145 152 159 158 155 155 153 154 167 173 182 187 183 176 191 197 184 176 172 170 172 174 175 177 178 179 179 
154 154 162 150 152 152 163 160 162 171 180 179 182 182 191 181 181 174 174 173 176 176 177 179 180 181 185 
155 154 161 150 155 159 163 166 175 187 181 172 186 177 187 179 184 177 177 179 179 179 179 180 181 184 185 
151 162 159 150 162 159 158 163 179 191 180 180 180 181 186 176 183 185 185 180 180 181 181 182 184 187 185 
146 155 152 154 166 159 165 170 182 195 186 182 174 193 187 177 182 187 186 183 183 183 184 184 186 190 193 
145 161 166 170 173 160 170 182 190 200 187 178 182 186 192 189 184 184 186 185 184 186 186 185 186 187 0.00 
150 165 167 175 171 169 168 190 189 202 205 193 188 187 192 189 186 186 186 187 187 186 186 186 187 187 0.00 
155 156 168 170 175 170 168 180 184 204 206 203 208 195 191 194 187 188 188 190 190 188 188 189 0.00 0.00 0.00 
154 157 161 158 177 172 176 189 196 211 216 201 198 211 203 203 194 191 191 191 190 190 191 192 192 0.00 0.00 
149 154 163 171 182 175 172 193 206 205 219 217 204 204 205 204 203 197 194 193 193 193 193 0.00 0.00 0.00 0.00 
151 160 167 177 180 175 172 196 206 199 216 215 221 203 205 203 201 202 197 196 196 195 0.00 0.00 0.00 0.00 0.00 
153 159 162 175 174 174 177 193 201 201 211 209 222 213 210 207 209 210 204 199 200 197 0.00 0.00 0.00 0.00 0.00 
148 154 158 170 177 182 177 185 202 197 203 213 220 212 210 210 212 213 213 205 207 0.00 0.00 0.00 0.00 0.00 0.00 
156 156 158 169 181 181 178 185 191 202 202 208 219 213 212 214 216 210 211 206 218 0.00 0.00 0.00 0.00 0.00 0.00 
159 160 158 164 172 187 186 179 197 204 202 203 214 213 213 214 212 211 206 204 0.00 0.00 0.00 0.00 0.00 0.00 0.00 
160 163 164 163 170 176 178 182 200 201 199 211 214 211 208 213 214 212 206 0.00 0.00 0.00 0.00 0.00 0.00 0.00 0.00 
159 164 173 177 182 188 181 192 202 198 202 206 211 203 204 207 209 211 210 0.00 0.00 0.00 0.00 0.00 0.00 0.00 0.00 
160 168 176 183 184 182 188 182 187 198 200 208 211 200 201 209 213 214 213 0.00 0.00 0.00 0.00 0.00 0.00 0.00 0.00 
165 177 176 179 182 187 183 188 194 187 190 200 210 197 204 204 207 206 0.00 0.00 0.00 0.00 0.00 0.00 0.00 0.00 0.00 
167 180 186 191 194 194 190 195 206 198 192 200 213 209 0.00 0.00 0.00 0.00 0.00 0.00 0.00 0.00 0.00 0.00 0.00 0.00 0.00 
171 182 190 197 194 188 192 203 208 208 209 200 208 202 192 0.00 0.00 0.00 0.00 0.00 0.00 0.00 0.00 0.00 0.00 0.00 0.00 
