2016_CCC_ARR_IFD/catchment_depth_540min_00200aep.txt.asc
ncols         27
nrows         23
xllcorner     150.975
yllcorner     -33.6
cellsize      0.025
NODATA_value  -9999
168 169 175 180 179 179 180 186 193 202 212 217 220 228 232 237 238 238 244 250 254 260 265 267 270 272 275 
172 174 177 182 184 186 186 191 199 209 218 224 227 231 236 236 236 241 246 251 256 261 265 268 271 273 275 
171 176 182 185 186 189 192 196 206 213 220 226 229 230 239 244 245 243 249 254 258 262 265 268 272 274 276 
176 178 185 182 186 190 199 201 206 215 222 226 232 236 242 242 245 247 252 256 261 264 267 270 272 275 279 
177 179 186 183 189 194 201 206 215 224 226 226 236 236 244 244 250 251 255 260 263 266 268 271 274 277 279 
176 184 185 184 194 196 199 206 219 228 228 233 237 241 247 247 253 257 261 262 265 267 270 272 275 278 279 
174 181 183 187 197 197 204 212 223 233 234 236 236 250 252 250 256 261 264 266 267 270 272 273 276 280 283 
174 184 190 196 202 199 209 220 229 237 237 235 243 249 257 258 260 263 267 268 269 272 273 273 275 277 0.00 
177 187 192 200 202 205 208 226 230 241 247 246 248 251 258 260 263 267 269 271 272 272 273 274 275 276 0.00 
179 183 193 198 205 206 209 221 228 245 251 253 259 256 258 264 265 270 273 274 274 273 273 274 0.00 0.00 0.00 
179 184 190 191 206 207 214 227 236 250 256 252 254 265 264 268 268 271 273 274 274 273 275 275 276 0.00 0.00 
177 182 190 199 210 209 212 230 243 247 260 263 257 261 265 268 271 272 272 273 273 273 274 0.00 0.00 0.00 0.00 
178 186 193 203 209 210 211 232 242 242 258 261 267 258 263 265 267 272 271 271 272 273 0.00 0.00 0.00 0.00 0.00 
178 185 190 201 205 209 214 229 238 242 253 255 267 264 264 265 270 274 272 271 272 272 0.00 0.00 0.00 0.00 0.00 
177 182 188 198 207 214 213 223 239 238 246 256 264 261 260 263 269 273 275 272 275 0.00 0.00 0.00 0.00 0.00 0.00 
180 183 188 198 209 212 214 222 229 241 243 250 261 259 258 262 269 266 270 269 279 0.00 0.00 0.00 0.00 0.00 0.00 
182 185 189 195 203 216 219 216 233 241 241 243 256 255 253 258 260 264 263 264 0.00 0.00 0.00 0.00 0.00 0.00 0.00 
182 187 192 195 202 208 212 218 234 237 236 249 254 250 247 255 260 262 260 0.00 0.00 0.00 0.00 0.00 0.00 0.00 0.00 
184 189 197 203 210 217 214 225 235 233 238 243 249 241 243 247 253 258 260 0.00 0.00 0.00 0.00 0.00 0.00 0.00 0.00 
186 194 201 208 212 213 219 216 221 232 235 244 247 236 238 249 255 258 260 0.00 0.00 0.00 0.00 0.00 0.00 0.00 0.00 
191 200 202 207 211 216 215 221 227 221 224 235 244 232 240 242 247 248 0.00 0.00 0.00 0.00 0.00 0.00 0.00 0.00 0.00 
193 204 209 215 219 221 220 225 235 230 225 232 245 243 0.00 0.00 0.00 0.00 0.00 0.00 0.00 0.00 0.00 0.00 0.00 0.00 0.00 
197 207 214 220 220 216 220 231 235 236 238 231 239 234 226 0.00 0.00 0.00 0.00 0.00 0.00 0.00 0.00 0.00 0.00 0.00 0.00 
