2016_CCC_ARR_IFD/catchment_depth_8640min_99999aep.txt.asc
ncols         27
nrows         23
xllcorner     150.975
yllcorner     -33.6
cellsize      0.025
NODATA_value  -9999
38.8 38.0 40.3 41.3 39.7 37.6 36.4 37.8 39.0 41.7 45.3 45.9 45.1 48.4 48.3 49.2 44.9 40.5 41.3 42.1 42.7 43.9 45.1 45.4 45.9 46.4 46.7 
40.6 40.3 40.5 41.7 41.3 40.3 38.5 39.0 40.8 44.1 47.6 50.5 48.7 48.0 50.5 44.3 41.7 41.0 41.4 42.2 43.1 44.0 44.8 45.3 45.9 46.5 47.1 
39.0 40.9 42.7 42.3 41.2 41.1 40.3 40.2 43.5 45.1 47.3 48.7 47.1 44.5 48.8 50.8 45.6 42.5 42.4 42.5 43.3 44.0 44.7 45.5 46.4 47.0 47.5 
41.4 41.3 43.2 39.8 40.0 40.0 42.9 41.6 41.8 44.2 46.3 45.7 46.4 46.0 48.3 44.4 44.0 42.4 42.8 43.2 44.1 44.7 45.4 46.1 46.7 47.5 48.8 
41.3 40.9 42.9 39.6 40.8 41.5 42.6 42.9 45.5 48.7 46.3 43.3 47.2 43.9 46.6 43.5 44.8 43.2 43.7 44.4 44.9 45.4 45.8 46.6 47.3 48.3 48.9 
40.1 43.0 42.0 39.3 42.5 41.4 40.7 41.9 46.2 49.4 45.7 45.4 44.9 44.6 45.8 43.3 44.6 45.0 45.5 45.0 45.5 46.1 46.6 47.1 48.1 49.1 49.0 
38.4 40.7 39.7 40.1 43.1 41.0 42.3 43.7 46.8 50.4 47.0 45.7 43.4 48.2 46.1 43.8 44.9 46.0 46.2 46.0 46.3 46.9 47.4 47.9 48.8 49.9 50.9 
37.9 42.0 43.3 44.2 45.0 41.1 43.6 46.8 48.9 51.3 47.2 44.4 45.2 46.0 47.6 46.7 45.7 45.9 46.5 46.7 46.9 47.6 48.1 48.2 48.9 49.4 0.00 
39.1 43.0 43.3 45.3 44.0 43.4 42.8 48.6 48.3 51.5 52.2 48.5 46.8 46.5 47.7 46.9 46.6 46.8 47.1 47.5 47.9 48.1 48.4 48.8 49.3 49.6 0.00 
40.1 40.2 43.4 43.7 45.0 43.3 42.8 45.5 46.4 51.8 52.0 51.0 52.1 48.6 47.5 48.4 47.2 47.6 47.9 48.6 48.8 48.8 49.1 49.6 0.00 0.00 0.00 
39.7 40.3 41.3 40.4 45.3 43.5 44.6 47.9 49.4 53.3 54.7 50.3 49.5 52.8 50.6 50.5 48.9 48.6 48.7 49.0 49.2 49.4 50.1 50.6 51.0 0.00 0.00 
38.2 39.2 41.5 43.5 46.3 44.1 43.6 48.5 52.2 51.5 54.8 54.5 50.9 51.1 51.4 51.2 51.1 50.2 49.6 49.7 49.9 50.2 50.7 0.00 0.00 0.00 0.00 
38.6 40.7 42.5 44.9 45.7 44.2 43.4 49.2 51.6 49.9 54.0 53.9 55.3 51.0 51.4 51.3 51.0 51.4 50.6 50.5 50.8 50.9 0.00 0.00 0.00 0.00 0.00 
38.7 40.1 41.0 44.1 43.8 43.9 44.6 48.5 50.3 50.3 52.9 52.2 55.7 53.5 52.8 52.5 52.9 53.5 52.3 51.5 51.8 51.5 0.00 0.00 0.00 0.00 0.00 
37.4 38.7 39.6 42.5 44.4 45.6 44.2 46.3 50.6 49.4 50.9 53.3 55.1 53.4 53.0 53.3 53.9 54.4 54.4 53.0 53.6 0.00 0.00 0.00 0.00 0.00 0.00 
39.1 39.0 39.4 42.1 45.1 45.2 44.4 46.2 47.8 50.5 50.7 52.2 54.8 53.7 53.8 54.3 55.0 53.8 54.2 53.4 56.1 0.00 0.00 0.00 0.00 0.00 0.00 
39.7 39.9 39.5 40.8 42.8 46.4 46.2 44.8 49.2 50.9 50.7 51.1 53.7 53.7 54.4 54.5 54.2 54.2 53.3 53.0 0.00 0.00 0.00 0.00 0.00 0.00 0.00 
39.5 40.4 40.5 40.4 42.2 43.6 44.2 45.5 49.9 50.1 50.0 52.9 53.8 53.4 53.0 54.3 54.7 54.5 53.4 0.00 0.00 0.00 0.00 0.00 0.00 0.00 0.00 
38.9 40.3 42.4 43.5 45.0 46.4 44.9 47.7 50.2 49.6 50.7 51.9 53.4 51.8 52.3 53.0 53.8 54.3 54.4 0.00 0.00 0.00 0.00 0.00 0.00 0.00 0.00 
39.0 41.1 43.1 44.8 45.1 44.8 46.5 45.5 46.8 49.6 50.4 52.5 53.4 51.2 51.5 53.6 54.6 55.0 55.1 0.00 0.00 0.00 0.00 0.00 0.00 0.00 0.00 
40.1 43.1 42.9 43.7 44.7 45.8 45.4 47.0 48.5 47.2 48.2 50.9 53.2 50.5 52.2 52.4 53.3 53.2 0.00 0.00 0.00 0.00 0.00 0.00 0.00 0.00 0.00 
40.3 43.5 45.0 46.4 47.3 47.6 46.9 48.4 51.0 49.7 48.8 50.7 53.7 53.2 0.00 0.00 0.00 0.00 0.00 0.00 0.00 0.00 0.00 0.00 0.00 0.00 0.00 
41.1 43.9 45.9 47.7 47.1 46.0 47.3 50.2 51.6 52.0 52.6 50.8 52.8 51.5 49.5 0.00 0.00 0.00 0.00 0.00 0.00 0.00 0.00 0.00 0.00 0.00 0.00 
