2016_CCC_ARR_IFD/catchment_depth_45min_00200aep.txt.asc
ncols         27
nrows         23
xllcorner     150.975
yllcorner     -33.6
cellsize      0.025
NODATA_value  -9999
77.8 77.6 79.0 80.0 80.0 80.0 80.8 82.6 84.4 86.9 89.1 90.5 92.1 93.2 94.8 96.0 98.6 101 103 104 106 107 108 109 110 111 112 
78.3 78.5 79.1 80.4 81.0 81.5 82.1 83.7 85.8 88.3 90.1 91.3 92.9 94.5 95.5 98.4 100 102 104 106 107 108 109 110 111 112 113 
77.6 78.7 80.2 80.7 81.2 82.2 83.3 84.8 87.4 89.3 91.1 92.6 94.3 96.3 97.2 98.2 101 104 105 107 108 109 110 111 112 113 114 
78.5 78.9 80.5 79.5 80.7 82.0 84.7 85.9 87.8 90.1 92.1 93.9 95.7 97.6 98.8 102 103 105 107 108 109 110 111 112 113 114 115 
78.4 78.6 80.4 79.2 81.1 82.9 85.0 87.0 89.4 91.5 93.3 95.5 97.1 99.8 101 104 105 107 108 109 110 111 112 113 114 115 115 
77.8 79.7 79.9 78.9 82.3 83.1 84.9 87.3 90.4 92.6 94.6 96.9 99.2 102 103 105 107 108 109 110 111 112 113 114 114 115 116 
77.5 78.7 78.8 79.8 82.9 83.6 86.0 88.6 91.4 93.6 95.8 98.4 101 102 105 106 108 110 111 111 112 113 113 114 115 116 117 
77.8 79.6 81.0 82.6 84.3 84.3 87.1 90.1 92.6 94.6 97.1 99.7 102 105 106 108 109 110 112 112 113 114 114 115 116 116 0.00 
78.2 80.4 81.4 83.5 84.3 85.6 87.6 91.3 93.3 95.7 97.8 101 104 106 108 109 110 112 113 113 114 114 115 115 116 116 0.00 
78.7 79.6 81.9 83.2 85.2 86.2 88.1 91.1 93.7 96.8 99.1 101 103 107 108 110 111 112 114 114 115 115 115 116 0.00 0.00 0.00 
78.8 80.0 81.4 82.5 85.7 86.8 89.1 92.3 94.9 97.5 99.4 102 104 106 109 110 112 113 114 114 115 115 116 116 117 0.00 0.00 
78.7 79.9 81.7 83.9 86.5 87.3 89.0 92.8 95.7 97.9 100 102 105 107 109 111 112 113 114 114 115 115 116 0.00 0.00 0.00 0.00 
78.8 80.5 82.4 84.6 86.4 87.5 89.0 93.1 95.8 97.6 100 102 104 107 109 110 111 113 113 114 115 115 0.00 0.00 0.00 0.00 0.00 
78.9 80.4 82.0 84.5 85.9 87.4 89.4 92.8 95.4 97.5 100 102 104 106 108 110 112 113 113 113 114 115 0.00 0.00 0.00 0.00 0.00 
78.5 80.0 81.5 84.0 86.2 88.1 89.2 91.8 95.3 96.9 99.4 102 104 106 108 109 111 112 113 113 114 0.00 0.00 0.00 0.00 0.00 0.00 
79.1 80.1 81.4 83.8 86.4 87.8 89.0 91.4 93.8 96.8 98.7 101 103 105 107 109 110 111 112 112 114 0.00 0.00 0.00 0.00 0.00 0.00 
79.3 80.4 81.4 83.1 85.2 88.2 89.6 90.1 94.0 96.3 97.8 99.6 102 104 105 107 109 110 110 111 0.00 0.00 0.00 0.00 0.00 0.00 0.00 
79.3 80.6 81.8 82.7 84.7 86.5 88.0 89.9 93.7 95.3 96.5 99.6 102 103 103 106 108 109 109 0.00 0.00 0.00 0.00 0.00 0.00 0.00 0.00 
79.2 80.7 82.6 84.1 85.9 87.8 87.9 90.7 93.4 94.1 96.0 98.1 100 100 102 104 106 107 108 0.00 0.00 0.00 0.00 0.00 0.00 0.00 0.00 
79.1 81.0 82.8 84.6 85.8 86.5 88.4 88.4 90.2 93.2 94.8 97.5 99.2 98.7 100 103 105 106 107 0.00 0.00 0.00 0.00 0.00 0.00 0.00 0.00 
79.5 81.9 82.5 83.8 85.1 86.6 86.9 88.7 90.7 90.4 92.2 95.2 98.1 97.1 99.6 101 103 104 0.00 0.00 0.00 0.00 0.00 0.00 0.00 0.00 0.00 
79.4 82.0 83.5 85.0 86.3 87.2 87.4 89.2 91.9 91.6 91.6 94.2 97.4 98.1 0.00 0.00 0.00 0.00 0.00 0.00 0.00 0.00 0.00 0.00 0.00 0.00 0.00 
79.7 81.9 83.7 85.4 85.8 85.4 86.9 89.8 91.5 92.5 93.8 93.4 95.9 96.0 95.4 0.00 0.00 0.00 0.00 0.00 0.00 0.00 0.00 0.00 0.00 0.00 0.00 
