2016_CCC_ARR_IFD/catchment_depth_1min_86466aep.txt.asc
ncols         27
nrows         23
xllcorner     150.975
yllcorner     -33.6
cellsize      0.025
NODATA_value  -9999
1.43 1.42 1.43 1.44 1.43 1.42 1.42 1.43 1.45 1.47 1.51 1.52 1.53 1.55 1.56 1.58 1.58 1.60 1.62 1.63 1.65 1.67 1.68 1.69 1.71 1.72 1.74 
1.44 1.44 1.44 1.45 1.45 1.45 1.44 1.45 1.47 1.50 1.53 1.56 1.56 1.57 1.59 1.58 1.60 1.62 1.64 1.65 1.67 1.68 1.70 1.71 1.73 1.74 1.75 
1.44 1.45 1.46 1.46 1.46 1.47 1.47 1.48 1.50 1.52 1.55 1.56 1.57 1.57 1.60 1.62 1.62 1.63 1.65 1.67 1.69 1.70 1.72 1.73 1.74 1.75 1.77 
1.46 1.46 1.47 1.46 1.47 1.48 1.50 1.50 1.51 1.53 1.56 1.56 1.58 1.59 1.61 1.62 1.63 1.65 1.67 1.69 1.70 1.72 1.73 1.74 1.76 1.77 1.78 
1.47 1.47 1.48 1.48 1.49 1.50 1.51 1.52 1.54 1.57 1.57 1.57 1.60 1.60 1.62 1.63 1.65 1.67 1.69 1.71 1.72 1.74 1.75 1.76 1.77 1.78 1.80 
1.47 1.49 1.49 1.49 1.51 1.51 1.52 1.53 1.56 1.59 1.58 1.59 1.60 1.62 1.64 1.65 1.67 1.69 1.71 1.73 1.74 1.76 1.77 1.78 1.79 1.80 1.81 
1.47 1.49 1.49 1.50 1.52 1.52 1.54 1.55 1.58 1.61 1.61 1.61 1.61 1.65 1.65 1.67 1.69 1.71 1.73 1.75 1.76 1.77 1.78 1.79 1.80 1.81 1.82 
1.48 1.50 1.51 1.53 1.54 1.53 1.56 1.58 1.61 1.63 1.62 1.61 1.63 1.65 1.67 1.69 1.71 1.73 1.75 1.76 1.78 1.79 1.80 1.81 1.82 1.83 0.00 
1.49 1.51 1.52 1.54 1.55 1.55 1.56 1.61 1.62 1.65 1.67 1.65 1.65 1.66 1.68 1.70 1.72 1.75 1.76 1.78 1.79 1.80 1.81 1.82 1.83 1.84 0.00 
1.50 1.51 1.53 1.54 1.56 1.56 1.57 1.60 1.61 1.67 1.68 1.68 1.70 1.68 1.69 1.72 1.74 1.76 1.78 1.79 1.81 1.81 1.82 1.83 0.00 0.00 0.00 
1.50 1.51 1.53 1.53 1.57 1.57 1.59 1.62 1.65 1.69 1.71 1.68 1.68 1.73 1.72 1.73 1.75 1.77 1.79 1.81 1.82 1.83 1.84 1.85 1.86 0.00 0.00 
1.50 1.51 1.53 1.56 1.58 1.58 1.59 1.64 1.68 1.69 1.73 1.74 1.70 1.71 1.73 1.74 1.76 1.78 1.80 1.81 1.83 1.84 1.85 0.00 0.00 0.00 0.00 
1.51 1.53 1.55 1.57 1.59 1.59 1.59 1.65 1.68 1.67 1.73 1.73 1.76 1.71 1.73 1.75 1.77 1.79 1.81 1.82 1.84 1.85 0.00 0.00 0.00 0.00 0.00 
1.51 1.53 1.54 1.57 1.58 1.59 1.60 1.65 1.67 1.68 1.72 1.72 1.76 1.75 1.75 1.76 1.78 1.80 1.82 1.83 1.85 1.86 0.00 0.00 0.00 0.00 0.00 
1.52 1.53 1.54 1.57 1.59 1.61 1.61 1.63 1.68 1.67 1.70 1.73 1.76 1.74 1.74 1.76 1.79 1.81 1.83 1.84 1.86 0.00 0.00 0.00 0.00 0.00 0.00 
1.53 1.54 1.55 1.57 1.60 1.61 1.61 1.64 1.66 1.69 1.70 1.72 1.76 1.75 1.75 1.77 1.80 1.81 1.83 1.85 1.87 0.00 0.00 0.00 0.00 0.00 0.00 
1.53 1.54 1.56 1.57 1.59 1.63 1.63 1.63 1.68 1.70 1.70 1.71 1.75 1.75 1.75 1.78 1.80 1.82 1.84 1.85 0.00 0.00 0.00 0.00 0.00 0.00 0.00 
1.54 1.55 1.57 1.58 1.60 1.61 1.63 1.64 1.69 1.70 1.70 1.75 1.76 1.76 1.77 1.79 1.81 1.83 1.85 0.00 0.00 0.00 0.00 0.00 0.00 0.00 0.00 
1.55 1.56 1.59 1.60 1.62 1.64 1.64 1.67 1.70 1.70 1.72 1.74 1.77 1.76 1.78 1.80 1.82 1.84 1.86 0.00 0.00 0.00 0.00 0.00 0.00 0.00 0.00 
1.56 1.58 1.60 1.62 1.63 1.64 1.66 1.66 1.68 1.71 1.73 1.76 1.78 1.78 1.79 1.82 1.85 1.87 1.88 0.00 0.00 0.00 0.00 0.00 0.00 0.00 0.00 
1.58 1.60 1.61 1.62 1.64 1.66 1.66 1.68 1.70 1.71 1.73 1.76 1.80 1.79 1.82 1.84 1.86 1.87 0.00 0.00 0.00 0.00 0.00 0.00 0.00 0.00 0.00 
1.59 1.62 1.63 1.65 1.67 1.68 1.68 1.70 1.74 1.74 1.75 1.78 1.82 1.84 0.00 0.00 0.00 0.00 0.00 0.00 0.00 0.00 0.00 0.00 0.00 0.00 0.00 
1.61 1.63 1.65 1.67 1.68 1.68 1.70 1.73 1.76 1.78 1.80 1.81 1.84 1.85 1.85 0.00 0.00 0.00 0.00 0.00 0.00 0.00 0.00 0.00 0.00 0.00 0.00 
